15227493 3532260 15336135 3563100
15227493 3470820 15336135 3501660
15227493 3409380 15336135 3440220
15227493 3347940 15336135 3378780
15227493 3593700 15336135 3609180
15169923 3468420 15171063 3469020
15195687 3605700 15198537 3607260
15195687 3600900 15198537 3602460
15195687 3596100 15198537 3597660
15195687 3509700 15198537 3511260
15195687 3432900 15198537 3434460
15195459 3404100 15198309 3405660
15195459 3384900 15198309 3386460
15183945 3602340 15192723 3604860
15183945 3597540 15192723 3600060
15183945 3553380 15192723 3555900
15183945 3548580 15192723 3551100
15183945 3500580 15192723 3503100
15183945 3490980 15192723 3493500
15183945 3471780 15192723 3474300
15183945 3452580 15192723 3455100
15183945 3434340 15192723 3436860
15183945 3418980 15192723 3421500
15183945 3375780 15192723 3378300
15183945 3367140 15192723 3369660
15183945 3361380 15192723 3363900
15183945 3565860 15192723 3567420
15183945 3551460 15192723 3553020
15183945 3546660 15192723 3548220
15183945 3527460 15192723 3529020
15183945 3522660 15192723 3524220
15183945 3517860 15192723 3519420
15183945 3493860 15192723 3495420
15183945 3474660 15192723 3476220
15183945 3469860 15192723 3471420
15183945 3465060 15192723 3466620
15183945 3460260 15192723 3461820
15183945 3450660 15192723 3452220
15183945 3445860 15192723 3447420
15183945 3431460 15192723 3433020
15183945 3421860 15192723 3423420
15183945 3402660 15192723 3404220
15183945 3388260 15192723 3389820
15183945 3383460 15192723 3385020
15183945 3364260 15192723 3365820
15183945 3359460 15192723 3361020
15192609 3593700 15198651 3595260
15192609 3579300 15198651 3580860
15192609 3573540 15198651 3575100
15192609 3539940 15198651 3541500
15192609 3535140 15198651 3536700
15192609 3463140 15198651 3464700
15192609 3448740 15198651 3450300
15192609 3396900 15198651 3398460
15191583 3587460 15198651 3588060
15191583 3538500 15198651 3539100
15176991 3578340 15184059 3578940
15176991 3537060 15184059 3537660
15176991 3429540 15184059 3430140
15176991 3374820 15184059 3375420
15146781 3589860 15148263 3591900
15146781 3585060 15148263 3587100
15146781 3520740 15148263 3522780
15146781 3513060 15148263 3515100
15146781 3500580 15148263 3502620
15146781 3363300 15148263 3365340
15146781 3355620 15148263 3357660
15146781 3351780 15148263 3353820
15192609 3583140 15198651 3584700
15192609 3581220 15198651 3582780
15192609 3533220 15198651 3534780
15192609 3504420 15198651 3505980
15192609 3497700 15198651 3499260
15192609 3495780 15198651 3497340
15192609 3439140 15198651 3440700
15192609 3437220 15198651 3438780
15192609 3429540 15198651 3431100
15192609 3427620 15198651 3429180
15192609 3410340 15198651 3411900
15192609 3408420 15198651 3409980
15192609 3398820 15198651 3400380
15183603 3607140 15192723 3607740
15183603 3606180 15192723 3606780
15183603 3600420 15192723 3601020
15183603 3595620 15192723 3596220
15183603 3586020 15192723 3586620
15183603 3558180 15192723 3558780
15183603 3543780 15192723 3544380
15183603 3542820 15192723 3543420
15183603 3530340 15192723 3530940
15183603 3510180 15192723 3510780
15183603 3509220 15192723 3509820
15183603 3499620 15192723 3500220
15183603 3485220 15192723 3485820
15183603 3466980 15192723 3467580
15183603 3457380 15192723 3457980
15183603 3405540 15192723 3406140
15183603 3356580 15192723 3357180
15183603 3355620 15192723 3356220
15192609 3590820 15198195 3592380
15192609 3576420 15198195 3577980
15192609 3562020 15198195 3563580
15192609 3514020 15198195 3515580
15192609 3506340 15198195 3507900
15192609 3442020 15198195 3443580
15192609 3400740 15198195 3402300
15192609 3394020 15198195 3395580
15192609 3370020 15198195 3371580
15192609 3350820 15198195 3352380
15156357 3443940 15163767 3444540
15146781 3599460 15148263 3600540
15146781 3596580 15148263 3597660
15146781 3582180 15148263 3583260
15146781 3579300 15148263 3580380
15146781 3576420 15148263 3577500
15146781 3572580 15148263 3573660
15146781 3538980 15148263 3540060
15146781 3536100 15148263 3537180
15146781 3526500 15148263 3527580
15146781 3518820 15148263 3519900
15146781 3508260 15148263 3509340
15146781 3506340 15148263 3507420
15146781 3498660 15148263 3499740
15146781 3491940 15148263 3493020
15146781 3485220 15148263 3486300
15146781 3481380 15148263 3482460
15146781 3478500 15148263 3479580
15146781 3475620 15148263 3476700
15146781 3466020 15148263 3467100
15146781 3377700 15148263 3378780
15146781 3374820 15148263 3375900
15146781 3361380 15148263 3362460
15334881 3567300 15468375 3571260
15334881 3441540 15468375 3443580
15334881 3573540 15468375 3574140
15334881 3443940 15468375 3444540
15192609 3585060 15198651 3585660
15192609 3537060 15198651 3537660
15192609 3426660 15198651 3427260
15192609 3412260 15198651 3412860
15165135 3459780 15167073 3460380
15165705 3467940 15166845 3468540
15171519 3571140 15197169 3571740
15171291 3478980 15196941 3479580
15170151 3348420 15195801 3349020
15170037 3358020 15195687 3358620
15169923 3589380 15195573 3589980
15159207 3551940 15160461 3552540
15154419 3378180 15155673 3378780
15169239 3536580 15171405 3539580
15166959 3392580 15169125 3395580
15166959 3384900 15169125 3387900
15150087 3528900 15152253 3531900
15150087 3513540 15152253 3516540
15147807 3602820 15149973 3605820
15156471 3594180 15158409 3594780
15152139 3589860 15154077 3590460
15152139 3482340 15154077 3482940
15166503 3488100 15168669 3488700
15157155 3589860 15159321 3590460
15152139 3578820 15154305 3579420
15168099 3447300 15172773 3447900
15159207 3591780 15163881 3592380
15155331 3466980 15160005 3467580
15152139 3415620 15156813 3416220
15151683 3456900 15156357 3457500
15148149 3538020 15152823 3538620
15148035 3552900 15152709 3553500
15171519 3392580 15172317 3393180
15165363 3458340 15166161 3458940
15162627 3454020 15163425 3454620
15156699 3581700 15157497 3582300
15152367 3539460 15153165 3540060
15152139 3582660 15152937 3583260
15149859 3456420 15150657 3457020
15173799 3513540 15176421 3514140
15163767 3504420 15166389 3505020
15161715 3514500 15164337 3515100
15161715 3496260 15164337 3496860
15159435 3383460 15162057 3384060
15154419 3582660 15157041 3583260
15149859 3535620 15152481 3536220
15149859 3490020 15152481 3490620
15149859 3374340 15152481 3374940
15171177 3490500 15172317 3491100
15163881 3463620 15165021 3464220
15170151 3351780 15172317 3352380
15169923 3386340 15172089 3386940
15165363 3538020 15167529 3538620
15163083 3559620 15165249 3560220
15160119 3437700 15162285 3438300
15158979 3449220 15161145 3449820
15155331 3568740 15157497 3569340
15152139 3524580 15154305 3525180
15150999 3564900 15153165 3565500
15150543 3548100 15152709 3548700
15149859 3525540 15152025 3526140
15149859 3480420 15152025 3481020
15171519 3514500 15172545 3515580
15149175 3420420 15150201 3421500
15167871 3537060 15168783 3537660
15166503 3458820 15167415 3459420
15173115 3510660 15174369 3511740
15170607 3480900 15171861 3481980
15169011 3478020 15170265 3479100
15168099 3410820 15169353 3411900
15168099 3408900 15169353 3409980
15167871 3448260 15169125 3449340
15163311 3569220 15164565 3570300
15154647 3384900 15155901 3385980
15153963 3530820 15155217 3531900
15148947 3417540 15150201 3418620
15173115 3387300 15173913 3387900
15170835 3540420 15171633 3541020
15169695 3403140 15170493 3403740
15168327 3402180 15169125 3402780
15167871 3490500 15168669 3491100
15166731 3388260 15167529 3388860
15164451 3583620 15165249 3584220
15164451 3528900 15165249 3529500
15164223 3599940 15165021 3600540
15164223 3595140 15165021 3595740
15163539 3487620 15164337 3488220
15163083 3599940 15163881 3600540
15161943 3487620 15162741 3488220
15161259 3566820 15162057 3567420
15161259 3523620 15162057 3524220
15160803 3476100 15161601 3476700
15160575 3387780 15161373 3388380
15160119 3490020 15160917 3490620
15159435 3493380 15160233 3493980
15155787 3373380 15156585 3373980
15154875 3566340 15155673 3566940
15154875 3500580 15155673 3501180
15154647 3491460 15155445 3492060
15153963 3538500 15154761 3539100
15153735 3501060 15154533 3501660
15153735 3483780 15154533 3484380
15153507 3596100 15154305 3596700
15153507 3543300 15154305 3543900
15153507 3490020 15154305 3490620
15153279 3574980 15154077 3575580
15153279 3529380 15154077 3529980
15153051 3597060 15153849 3597660
15153051 3538020 15153849 3538620
15153051 3533700 15153849 3534300
15152367 3480900 15153165 3481500
15151683 3604260 15152481 3604860
15151683 3561060 15152481 3561660
15151455 3472260 15152253 3472860
15151227 3563940 15152025 3564540
15150999 3605220 15151797 3605820
15150999 3426180 15151797 3426780
15150999 3387300 15151797 3387900
15150543 3457380 15151341 3457980
15169011 3556740 15170037 3557820
15166503 3562500 15167529 3563580
15161829 3531780 15162855 3532860
15161259 3602820 15162285 3603900
15159435 3377220 15160461 3378300
15156927 3567300 15157953 3568380
15156699 3502020 15157725 3503100
15156471 3384900 15157497 3385980
15154077 3406020 15155103 3407100
15153507 3547140 15154533 3548220
15151683 3442500 15152709 3443580
15150999 3451140 15152025 3452220
15150087 3350340 15151113 3351420
15149859 3382980 15150885 3384060
15173343 3514500 15174141 3515580
15171063 3475140 15171861 3476220
15169923 3367620 15170721 3368700
15169239 3421380 15170037 3422460
15167871 3450180 15168669 3451260
15163767 3482820 15164565 3483900
15162057 3505860 15162855 3506940
15161487 3558660 15162285 3559740
15161487 3440580 15162285 3441660
15161487 3355140 15162285 3356220
15160803 3549060 15161601 3550140
15159207 3567300 15160005 3568380
15158067 3559620 15158865 3560700
15156015 3551940 15156813 3553020
15154533 3433860 15155331 3434940
15154191 3479940 15154989 3481020
15153051 3419460 15153849 3420540
15152139 3593220 15152937 3594300
15152139 3387780 15152937 3388860
15152139 3364740 15152937 3365820
15151911 3575940 15152709 3577020
15149859 3378180 15150657 3379260
15164223 3596100 15164565 3597180
15164223 3567300 15164565 3568380
15162513 3556740 15162855 3557820
15161943 3497220 15162285 3498300
15161943 3398340 15162285 3399420
15161943 3368580 15162285 3369660
15157155 3576900 15157497 3577980
15157155 3382980 15157497 3384060
15152139 3351300 15152481 3352380
15150771 3543300 15151113 3544380
15149859 3600900 15150201 3601980
15149859 3589380 15150201 3590460
15149859 3488580 15150201 3489660
15149631 3429060 15149973 3430140
15169923 3531780 15173457 3532380
15167643 3365220 15171177 3365820
15165819 3442980 15169353 3443580
15161715 3490500 15165249 3491100
15161715 3408900 15165249 3409500
15160803 3468900 15164337 3469500
15156243 3486180 15159777 3486780
15155103 3590820 15158637 3591420
15153963 3544260 15157497 3544860
15153735 3586500 15157269 3587100
15153735 3487140 15157269 3487740
15152139 3581220 15155673 3581820
15152139 3489060 15155673 3489660
15149859 3406980 15153393 3407580
15149631 3491460 15153165 3492060
15172203 3492420 15174141 3493020
15163311 3527940 15165249 3528540
15163311 3502020 15165249 3502620
15161031 3480900 15162969 3481500
15160803 3600420 15162741 3601020
15160347 3357060 15162285 3357660
15159663 3353700 15161601 3354300
15159663 3352740 15161601 3353340
15157839 3585060 15159777 3585660
15157839 3460740 15159777 3461340
15156243 3429540 15158181 3430140
15155787 3470820 15157725 3471420
15153507 3493860 15155445 3494460
15152823 3495780 15154761 3496380
15151227 3560100 15153165 3560700
15150771 3470820 15152709 3471420
15150087 3512580 15152025 3513180
15148947 3508740 15150885 3509340
15171291 3542820 15172773 3543420
15169011 3499620 15170493 3500220
15159435 3568740 15160917 3569340
15150771 3418500 15152253 3419100
15150087 3473220 15151569 3473820
15149859 3516900 15151341 3517500
15166047 3487140 15168213 3487740
15164907 3477540 15167073 3478140
15160119 3478020 15162285 3478620
15160119 3467940 15162285 3468540
15157611 3579780 15159777 3580380
15155331 3562020 15157497 3562620
15155331 3506820 15157497 3507420
15155331 3391140 15157497 3391740
15155331 3362820 15157497 3363420
15153963 3400260 15156129 3400860
15150999 3586980 15153165 3587580
15149403 3461700 15151569 3462300
15168327 3391620 15169581 3392220
15162171 3587460 15163425 3588060
15160119 3520260 15161373 3520860
15155331 3427140 15156585 3427740
15154191 3526020 15155445 3526620
15153507 3605700 15154761 3606300
15151683 3361860 15152937 3362460
15149403 3472260 15150657 3472860
15164907 3495780 15169125 3496380
15163083 3513060 15167301 3513660
15162171 3382500 15166389 3383100
15160119 3507300 15164337 3507900
15156699 3510180 15160917 3510780
15156471 3541380 15160689 3541980
15156015 3525540 15160233 3526140
15155787 3350340 15160005 3350940
15155559 3484260 15159777 3484860
15155331 3468420 15159549 3469020
15155331 3402180 15159549 3402780
15151911 3417060 15156129 3417660
15165819 3497700 15168213 3498300
15164451 3394020 15166845 3394620
15162171 3570660 15164565 3571260
15160119 3459300 15162513 3459900
15159891 3604260 15162285 3604860
15155331 3464100 15157725 3464700
15155103 3425220 15157497 3425820
15153963 3570180 15156357 3570780
15151911 3598500 15154305 3599100
15151683 3484740 15154077 3485340
15171519 3494820 15174141 3495420
15166503 3567300 15169125 3567900
15164223 3386340 15166845 3386940
15161943 3465060 15164565 3465660
15161943 3435780 15164565 3436380
15161943 3403620 15164565 3404220
15161715 3593220 15164337 3593820
15161715 3522180 15164337 3522780
15160575 3575460 15163197 3576060
15150543 3466020 15153165 3466620
15147579 3568260 15150201 3568860
15169467 3512100 15170493 3512700
15167415 3383460 15168441 3384060
15167187 3584100 15168213 3584700
15164451 3541860 15165477 3542460
15163995 3390180 15165021 3390780
15162399 3407460 15163425 3408060
15160347 3583620 15161373 3584220
15157383 3461700 15158409 3462300
15156699 3563460 15157725 3564060
15156015 3380100 15157041 3380700
15154875 3430020 15155901 3430620
15152595 3554820 15153621 3555420
15152139 3412260 15153165 3412860
15152139 3367140 15153165 3367740
15150771 3527460 15151797 3528060
15150315 3549060 15151341 3549660
15149403 3550020 15150429 3550620
15169695 3525540 15174369 3526140
15169695 3389700 15174369 3390300
15166503 3493380 15171177 3493980
15166503 3372420 15171177 3373020
15165363 3465060 15170037 3465660
15165363 3407460 15170037 3408060
15161601 3551460 15166275 3552060
15160575 3370500 15165249 3371100
15159891 3461220 15164565 3461820
15159207 3367620 15163881 3368220
15157155 3407460 15161829 3408060
15152823 3599940 15157497 3600540
15150315 3557700 15154989 3558300
15170835 3510660 15171747 3511740
15161373 3597060 15162285 3598140
15156813 3426180 15157725 3427260
15156585 3530820 15157497 3531900
15156585 3375300 15157497 3376380
15154533 3571140 15155445 3572220
15150429 3554820 15151341 3555900
15148149 3569220 15149061 3570300
15148149 3487620 15149061 3488700
15195117 3459780 15197967 3460380
15171519 3532740 15174369 3533340
15165135 3496740 15167985 3497340
15164907 3405540 15167757 3406140
15164223 3589860 15167073 3590460
15164223 3539940 15167073 3540540
15164223 3489060 15167073 3489660
15161715 3492900 15164565 3493500
15157611 3542340 15160461 3542940
15157041 3398340 15159891 3398940
15153507 3565380 15156357 3565980
15153279 3604260 15156129 3604860
15149859 3565860 15152709 3566460
15149859 3407940 15152709 3408540
15149859 3401220 15152709 3401820
15174939 3382020 15175737 3383100
15174483 3365700 15175281 3366780
15173115 3464580 15173913 3465660
15172659 3365700 15173457 3366780
15172431 3519300 15173229 3520380
15172431 3381060 15173229 3382140
15171747 3404100 15172545 3405180
15171747 3372420 15172545 3373500
15171063 3380100 15171861 3381180
15171063 3370500 15171861 3371580
15170151 3495300 15170949 3496380
15170151 3485700 15170949 3486780
15170151 3384900 15170949 3385980
15170151 3362820 15170949 3363900
15169923 3528900 15170721 3529980
15169695 3503940 15170493 3505020
15169695 3349380 15170493 3350460
15169467 3438660 15170265 3439740
15169467 3381060 15170265 3382140
15169011 3587460 15169809 3588540
15169011 3445380 15169809 3446460
15168555 3370500 15169353 3371580
15168099 3541380 15168897 3542460
15168099 3452100 15168897 3453180
15168099 3349380 15168897 3350460
15167871 3381060 15168669 3382140
15167643 3535620 15168441 3536700
15167643 3421380 15168441 3422460
15167415 3587460 15168213 3588540
15167415 3543300 15168213 3544380
15167415 3463620 15168213 3464700
15166959 3502020 15167757 3503100
15166959 3451140 15167757 3452220
15166959 3413700 15167757 3414780
15166959 3403140 15167757 3404220
15166959 3380100 15167757 3381180
15166731 3545220 15167529 3546300
15166731 3466500 15167529 3467580
15166731 3389700 15167529 3390780
15164451 3588420 15165249 3589500
15164451 3557700 15165249 3558780
15164451 3543300 15165249 3544380
15164451 3446340 15165249 3447420
15164223 3555780 15165021 3556860
15164223 3533700 15165021 3534780
15163539 3405060 15164337 3406140
15163311 3500100 15164109 3501180
15163311 3350340 15164109 3351420
15163083 3438660 15163881 3439740
15163083 3428100 15163881 3429180
15163083 3359940 15163881 3361020
15162627 3561540 15163425 3562620
15162399 3543300 15163197 3544380
15162399 3387780 15163197 3388860
15162399 3383940 15163197 3385020
15161487 3488580 15162285 3489660
15161487 3454980 15162285 3456060
15161487 3445380 15162285 3446460
15161487 3384900 15162285 3385980
15161259 3569220 15162057 3570300
15161259 3541380 15162057 3542460
15161259 3410820 15162057 3411900
15161031 3605700 15161829 3606780
15161031 3401220 15161829 3402300
15160803 3399300 15161601 3400380
15160575 3378180 15161373 3379260
15160119 3606660 15160917 3607740
15159891 3446340 15160689 3447420
15159891 3440580 15160689 3441660
15159663 3547140 15160461 3548220
15158979 3601860 15159777 3602940
15158979 3558660 15159777 3559740
15158979 3382020 15159777 3383100
15158523 3400260 15159321 3401340
15158295 3454020 15159093 3455100
15158067 3508740 15158865 3509820
15158067 3440580 15158865 3441660
15157839 3547140 15158637 3548220
15157839 3442500 15158637 3443580
15157383 3582660 15158181 3583740
15157383 3549060 15158181 3550140
15157383 3454980 15158181 3456060
15157155 3453060 15157953 3454140
15156471 3461700 15157269 3462780
15156015 3453060 15156813 3454140
15156015 3442500 15156813 3443580
15155787 3596100 15156585 3597180
15155331 3607620 15156129 3608700
15154875 3554820 15155673 3555900
15154875 3453060 15155673 3454140
15154647 3601860 15155445 3602940
15154647 3442500 15155445 3443580
15154191 3549060 15154989 3550140
15153735 3452100 15154533 3453180
15153735 3410820 15154533 3411900
15153735 3364740 15154533 3365820
15153279 3552900 15154077 3553980
15153279 3441540 15154077 3442620
15153279 3425220 15154077 3426300
15153051 3498180 15153849 3499260
15152823 3550020 15153621 3551100
15152823 3446340 15153621 3447420
15152595 3457860 15153393 3458940
15152595 3451140 15153393 3452220
15152367 3583620 15153165 3584700
15151911 3555780 15152709 3556860
15151911 3500100 15152709 3501180
15151683 3553860 15152481 3554940
15151683 3430980 15152481 3432060
15151455 3542340 15152253 3543420
15151455 3447300 15152253 3448380
15151455 3382980 15152253 3384060
15151227 3453060 15152025 3454140
15150999 3546180 15151797 3547260
15150771 3561540 15151569 3562620
15150771 3498180 15151569 3499260
15150543 3593220 15151341 3594300
15150543 3522180 15151341 3523260
15150315 3607620 15151113 3608700
15150315 3443460 15151113 3444540
15150315 3348420 15151113 3349500
15149859 3583620 15150657 3584700
15149859 3500100 15150657 3501180
15149403 3598020 15150201 3599100
15149403 3575940 15150201 3577020
15149403 3505860 15150201 3506940
15149403 3498180 15150201 3499260
15149403 3466500 15150201 3467580
15149403 3453060 15150201 3454140
15149403 3439620 15150201 3440700
15148947 3594180 15149745 3595260
15148947 3500100 15149745 3501180
15148491 3445380 15149289 3446460
15148263 3600900 15149061 3601980
15148035 3548100 15148833 3549180
15147807 3453060 15148605 3454140
15147807 3418500 15148605 3419580
15147579 3556740 15148377 3557820
15153621 3401220 15155217 3402300
15148605 3607620 15150201 3608700
15148605 3562500 15150201 3563580
15148605 3451140 15150201 3452220
15148605 3441540 15150201 3442620
15148605 3415620 15150201 3416700
15148605 3412740 15150201 3413820
15148605 3410820 15150201 3411900
15148605 3396420 15150201 3397500
15146781 3445380 15148377 3446460
15174483 3477060 15196485 3477660
15173799 3588420 15195801 3589020
15173799 3559620 15195801 3560220
15173799 3521220 15195801 3521820
15173799 3424260 15195801 3424860
15171063 3425220 15193065 3425820
15172659 3407460 15183717 3408060
15172431 3430500 15183489 3431100
15171519 3473700 15182577 3474300
15171519 3416100 15182577 3416700
15171519 3412260 15182577 3412860
15171519 3406500 15182577 3407100
15171291 3516900 15182349 3517500
15171291 3368100 15182349 3368700
15170151 3435300 15181209 3435900
15170037 3551460 15181095 3552060
15169923 3369060 15180981 3369660
15167871 3604740 15178929 3605340
15158295 3423780 15169353 3424380
15156927 3416100 15167985 3416700
15166503 3483780 15173001 3484380
15165363 3574500 15171861 3575100
15164223 3516900 15170721 3517500
15158751 3450180 15165249 3450780
15153849 3387780 15160347 3388380
15153735 3503460 15160233 3504060
15151911 3395940 15158409 3396540
15146781 3422820 15153279 3423420
15146781 3560580 15149973 3561660
15146781 3550980 15149973 3552060
15146781 3543300 15149973 3544380
15146781 3426180 15149973 3427260
15146781 3380100 15149973 3381180
15180753 3401700 15184059 3402300
15180753 3352740 15184059 3353340
15173115 3493860 15176421 3494460
15166503 3558660 15169809 3559260
15165135 3369060 15168441 3369660
15161943 3425220 15165249 3425820
15159321 3430980 15162627 3431580
15157155 3600900 15160461 3601500
15154191 3458820 15157497 3459420
15152823 3352260 15156129 3352860
15152139 3379620 15155445 3380220
15150087 3368580 15153393 3369180
15149859 3427620 15153165 3428220
15169011 3477060 15170721 3477660
15165591 3522660 15167301 3523260
15163995 3466980 15165705 3467580
15161715 3483780 15163425 3484380
15161259 3586500 15162969 3587100
15157155 3493380 15158865 3493980
15156471 3469860 15158181 3470460
15155787 3408420 15157497 3409020
15154191 3588420 15155901 3589020
15149859 3398340 15151569 3398940
15168897 3480900 15170037 3481980
15152139 3467460 15153279 3468540
15152139 3372420 15153279 3373500
15152139 3362820 15153279 3363900
15149859 3404100 15150999 3405180
15146781 3606660 15147921 3607740
15146781 3565380 15147921 3566460
15146781 3563460 15147921 3564540
15146781 3457860 15147921 3458940
15146781 3455940 15147921 3457020
15146781 3438660 15147921 3439740
15146781 3434820 15147921 3435900
15146781 3432900 15147921 3433980
15146781 3388740 15147921 3389820
15146781 3386820 15147921 3387900
15146781 3384900 15147921 3385980
15146781 3382980 15147921 3384060
15146781 3592260 15149973 3592860
15146781 3588420 15149973 3589020
15146781 3533220 15149973 3533820
15146781 3531780 15149973 3532380
15146781 3529380 15149973 3529980
15146781 3515460 15149973 3516060
15146781 3496740 15149973 3497340
15146781 3468900 15149973 3469500
15146781 3371940 15149973 3372540
15146781 3368100 15149973 3368700
15146781 3366660 15149973 3367260
15146781 3354180 15149973 3354780
15168669 3524580 15174255 3525180
15167301 3396900 15172887 3397500
15166503 3441540 15172089 3442140
15165021 3570660 15170607 3571260
15164223 3367140 15169809 3367740
15161715 3535140 15167301 3535740
15160575 3553380 15166161 3553980
15159093 3421380 15164679 3421980
15158979 3412740 15164565 3413340
15156585 3386340 15162171 3386940
15154305 3593220 15159891 3593820
15154191 3482820 15159777 3483420
15146781 3567300 15152367 3567900
15182007 3394020 15184059 3394620
15170721 3515940 15172773 3516540
15167301 3348420 15169353 3349020
15165363 3454500 15167415 3455100
15148149 3570660 15150201 3571260
15148149 3534660 15150201 3535260
15148149 3474180 15150201 3474780
15148149 3464100 15150201 3464700
15146781 3409380 15148833 3409980
15170607 3464580 15172545 3465660
15167643 3552900 15169581 3553980
15160461 3394500 15162399 3395580
15146781 3545220 15148719 3546300
15146781 3428100 15148719 3429180
15146781 3394500 15148719 3395580
15180639 3447780 15184059 3448380
15168441 3521220 15171861 3521820
15168099 3501060 15171519 3501660
15164223 3499620 15167643 3500220
15164223 3494820 15167643 3495420
15164223 3355620 15167643 3356220
15164109 3447780 15167529 3448380
15161601 3427140 15165021 3427740
15160917 3373380 15164337 3373980
15148149 3370500 15151569 3371100
15146781 3595620 15150201 3596220
15146781 3571620 15150201 3572220
15146781 3559140 15150201 3559740
15146781 3391140 15150201 3391740
15146781 3358500 15150201 3359100
15195231 3512580 15198651 3513180
15195231 3487620 15198651 3488220
15195231 3470340 15198651 3470940
15195231 3445380 15198651 3445980
15195231 3392580 15198651 3393180
15159435 3494340 15162855 3494940
15156585 3390180 15160005 3390780
15148149 3465060 15151569 3465660
15169011 3530340 15172203 3530940
15164337 3472740 15167529 3473340
15164109 3564900 15167301 3565500
15163881 3563940 15167073 3564540
15163653 3575460 15166845 3576060
15152139 3497220 15155331 3497820
15146781 3444420 15149973 3445020
15146781 3437700 15149973 3438300
15196371 3480900 15198651 3481500
15167871 3399780 15170151 3400380
15164793 3368100 15167073 3368700
15154533 3466020 15156813 3466620
15154533 3450660 15156813 3451260
15148149 3510660 15150429 3511260
15146781 3429540 15149061 3430140
15192609 3413220 15198651 3413820
15192609 3353700 15198651 3354300
15164223 3547620 15170265 3548220
15156927 3419940 15162969 3420540
15183945 3605220 15192723 3605820
15183945 3601380 15192723 3601980
15183945 3567780 15192723 3568380
15183945 3529380 15192723 3529980
15183945 3490020 15192723 3490620
15183945 3486180 15192723 3486780
15183945 3481380 15192723 3481980
15183945 3480420 15192723 3481020
15183945 3433380 15192723 3433980
15183945 3418020 15192723 3418620
15183945 3366180 15192723 3366780
15165135 3444420 15173913 3445020
15165135 3418500 15173913 3419100
15195573 3390660 15198651 3391260
15195573 3360900 15198651 3361500
15166503 3434820 15169581 3435420
15164223 3517860 15167301 3518460
15164223 3349860 15167301 3350460
15163995 3486180 15167073 3486780
15163995 3354660 15167073 3355260
15162627 3471780 15165705 3472380
15160803 3565860 15163881 3566460
15159207 3374340 15162285 3374940
15159207 3372420 15162285 3373020
15154647 3423300 15157725 3423900
15152367 3519780 15155445 3520380
15151911 3523140 15154989 3523740
15151911 3414660 15154989 3415260
15149859 3493860 15152937 3494460
15149859 3357540 15152937 3358140
15178245 3468420 15196599 3469020
15176763 3458820 15195117 3459420
15165363 3580260 15183717 3580860
15165135 3436260 15183489 3436860
15164223 3597540 15182577 3598140
15164223 3585060 15182577 3585660
15159777 3448260 15161601 3448860
15148149 3593220 15149973 3593820
15148149 3574980 15149973 3575580
15148149 3530340 15149973 3530940
15148149 3517860 15149973 3518460
15148149 3486660 15149973 3487260
15148149 3482820 15149973 3483420
15148149 3365700 15149973 3366300
15146781 3594180 15148605 3594780
15146781 3574020 15148605 3574620
15146781 3541380 15148605 3541980
15146781 3525060 15148605 3525660
15146781 3509700 15148605 3510300
15146781 3504900 15148605 3505500
15146781 3493380 15148605 3493980
15146781 3489540 15148605 3490140
15146781 3477060 15148605 3477660
15146781 3473220 15148605 3473820
15146781 3376260 15148605 3376860
15146781 3359940 15148605 3360540
15177675 3542340 15179385 3542940
15173799 3483780 15175509 3484380
15171747 3400740 15173457 3401340
15170835 3409860 15172545 3410460
15169923 3545700 15171633 3546300
15169695 3527940 15171405 3528540
15169239 3374340 15170949 3374940
15167643 3468420 15169353 3469020
15167643 3427140 15169353 3427740
15165819 3530340 15167529 3530940
15165363 3527460 15167073 3528060
15163539 3511620 15165249 3512220
15163539 3375300 15165249 3375900
15163311 3453060 15165021 3453660
15162399 3554820 15164109 3555420
15161943 3548100 15163653 3548700
15161487 3502980 15163197 3503580
15161031 3456900 15162741 3457500
15158751 3533220 15160461 3533820
15158523 3548580 15160233 3549180
15157839 3606660 15159549 3607260
15157611 3507780 15159321 3508380
15157383 3554820 15159093 3555420
15157383 3411780 15159093 3412380
15155331 3505380 15157041 3505980
15155331 3440580 15157041 3441180
15152367 3436740 15154077 3437340
15151683 3440580 15153393 3441180
15149859 3436740 15151569 3437340
15149859 3414180 15151569 3414780
15149859 3408900 15151569 3409500
15149175 3553860 15150885 3554460
15149175 3502500 15150885 3503100
15149175 3433860 15150885 3434460
15148263 3527460 15149973 3528060
15147807 3424740 15149517 3425340
15174027 3396900 15183261 3397500
15173343 3512100 15182577 3512700
15172203 3538980 15174597 3539580
15171519 3489060 15173913 3489660
15165591 3576420 15167985 3577020
15165363 3456420 15167757 3457020
15162855 3440580 15165249 3441180
15162855 3400260 15165249 3400860
15162399 3358500 15164793 3359100
15161943 3571620 15164337 3572220
15160461 3516420 15162855 3517020
15160347 3590820 15162741 3591420
15160119 3550500 15162513 3551100
15158751 3444900 15161145 3445500
15155787 3557220 15158181 3557820
15155103 3361380 15157497 3361980
15153051 3463140 15155445 3463740
15152367 3569220 15154761 3569820
15150315 3424740 15152709 3425340
15186339 3380100 15197397 3380700
15173001 3572580 15184059 3573180
15172659 3442020 15183717 3442620
15172659 3395940 15183717 3396540
15172431 3398820 15183489 3399420
15172203 3495780 15183261 3496380
15171519 3577380 15182577 3577980
15171519 3415140 15182577 3415740
15171291 3433380 15182349 3433980
15170151 3553380 15181209 3553980
15170037 3375780 15181095 3376380
15169923 3442980 15180981 3443580
15169581 3453540 15180639 3454140
15195687 3607620 15198651 3608220
15195687 3598020 15198651 3598620
15195687 3568260 15198651 3568860
15195687 3554820 15198651 3555420
15195687 3549060 15198651 3549660
15195687 3544260 15198651 3544860
15195687 3485700 15198651 3486300
15195687 3481860 15198651 3482460
15195687 3434820 15198651 3435420
15195687 3419460 15198651 3420060
15195687 3406020 15198651 3406620
15195687 3366660 15198651 3367260
15195687 3356100 15198651 3356700
15181095 3439140 15184059 3439740
15181095 3373860 15184059 3374460
15156813 3379140 15159777 3379740
15154533 3472740 15157497 3473340
15149859 3393060 15152823 3393660
15195687 3608580 15198651 3609180
15195687 3602820 15198651 3603420
15195687 3570180 15198651 3570780
15195687 3565380 15198651 3565980
15195687 3530820 15198651 3531420
15195687 3478020 15198651 3478620
15195687 3455940 15198651 3456540
15195687 3454020 15198651 3454620
15195687 3431940 15198651 3432540
15195687 3422340 15198651 3422940
15156813 3571140 15159777 3571740
15152139 3469860 15155103 3470460
15171291 3408900 15173001 3409500
15168099 3511140 15169809 3511740
15166503 3525060 15168213 3525660
15165135 3482340 15166845 3482940
15162627 3604260 15164337 3604860
15157611 3356100 15159321 3356700
15154419 3418500 15156129 3419100
15154419 3399300 15156129 3399900
15152367 3505860 15154077 3506460
15150315 3504900 15152025 3505500
15149631 3487620 15151341 3488220
15169695 3507300 15171177 3507900
15164907 3455460 15166389 3456060
15163767 3430020 15165249 3430620
15163083 3524100 15164565 3524700
15161259 3350340 15162741 3350940
15161031 3517380 15162513 3517980
15160575 3503940 15162057 3504540
15159663 3487140 15161145 3487740
15158979 3396900 15160461 3397500
15156699 3476100 15158181 3476700
15156015 3494820 15157497 3495420
15155331 3600900 15156813 3601500
15155331 3354180 15156813 3354780
15153735 3475620 15155217 3476220
15151911 3596100 15153393 3596700
15151683 3590820 15153165 3591420
15151455 3573060 15152937 3573660
15150543 3429060 15152025 3429660
15149175 3402180 15150657 3402780
15148947 3405540 15150429 3406140
15174483 3393540 15176421 3394140
15168099 3359940 15170037 3360540
15166503 3551940 15168441 3552540
15158979 3360420 15160917 3361020
15158295 3605700 15160233 3606300
15158295 3569700 15160233 3570300
15157155 3439140 15159093 3439740
15157155 3370020 15159093 3370620
15152367 3585060 15154305 3585660
15152367 3454980 15154305 3455580
15151455 3606180 15153393 3606780
15197511 3599940 15198651 3600540
15197511 3598980 15198651 3599580
15197511 3560580 15198651 3561180
15197511 3551940 15198651 3552540
15197511 3543300 15198651 3543900
15197511 3542340 15198651 3542940
15197511 3531780 15198651 3532380
15197511 3491460 15198651 3492060
15197511 3444420 15198651 3445020
15197511 3435780 15198651 3436380
15197511 3388740 15198651 3389340
15197511 3358980 15198651 3359580
15182919 3582180 15184059 3582780
15182919 3538020 15184059 3538620
15182919 3536100 15184059 3536700
15182919 3534180 15184059 3534780
15182919 3497700 15184059 3498300
15182919 3487140 15184059 3487740
15182919 3462180 15184059 3462780
15170721 3391620 15171861 3392220
15170037 3526500 15171177 3527100
15168783 3496740 15169923 3497340
15164109 3501060 15165249 3501660
15164109 3479940 15165249 3480540
15164109 3456900 15165249 3457500
15164109 3387780 15165249 3388380
15161715 3392580 15162855 3393180
15161145 3579780 15162285 3580380
15159435 3393540 15160575 3394140
15157383 3450180 15158523 3450780
15154647 3504420 15155787 3505020
15154077 3370020 15155217 3370620
15150429 3397380 15151569 3397980
15146781 3406500 15147921 3407100
15196143 3486660 15198651 3487260
15196143 3476100 15198651 3476700
15181095 3454980 15183603 3455580
15168099 3562500 15170607 3563100
15167529 3508260 15170037 3508860
15165021 3579300 15167529 3579900
15157839 3537060 15160347 3537660
15156129 3558180 15158637 3558780
15154077 3460740 15156585 3461340
15153507 3366660 15156015 3367260
15146781 3542340 15149289 3542940
15146781 3494820 15149289 3495420
15197397 3567300 15198651 3567900
15197397 3363780 15198651 3364380
15197397 3358020 15198651 3358620
15182805 3526500 15184059 3527100
15173799 3383460 15175053 3384060
15173343 3526980 15174597 3527580
15172887 3488100 15174141 3488700
15172887 3386340 15174141 3386940
15171519 3541380 15172773 3541980
15170835 3407460 15172089 3408060
15170151 3395460 15171405 3396060
15169695 3400740 15170949 3401340
15169239 3425700 15170493 3426300
15168783 3474180 15170037 3474780
15168327 3532740 15169581 3533340
15166731 3375780 15167985 3376380
15166503 3556740 15167757 3557340
15166503 3538980 15167757 3539580
15166503 3526020 15167757 3526620
15166503 3412740 15167757 3413340
15163995 3587460 15165249 3588060
15163995 3545220 15165249 3545820
15163995 3530820 15165249 3531420
15163995 3451140 15165249 3451740
15163995 3433860 15165249 3434460
15163995 3426180 15165249 3426780
15163767 3470820 15165021 3471420
15162627 3542340 15163881 3542940
15162627 3459780 15163881 3460380
15162399 3568260 15163653 3568860
15161259 3588900 15162513 3589500
15161031 3594660 15162285 3595260
15161031 3525060 15162285 3525660
15160347 3426180 15161601 3426780
15159435 3384420 15160689 3385020
15158751 3392580 15160005 3393180
15158523 3492420 15159777 3493020
15158523 3490500 15159777 3491100
15158523 3399300 15159777 3399900
15156927 3604260 15158181 3604860
15156471 3352260 15157725 3352860
15156015 3605700 15157269 3606300
15155559 3521700 15156813 3522300
15155103 3388740 15156357 3389340
15155103 3364260 15156357 3364860
15153963 3591780 15155217 3592380
15153963 3532260 15155217 3532860
15153963 3474660 15155217 3475260
15153051 3607620 15154305 3608220
15152139 3534660 15153393 3535260
15151911 3413700 15153165 3414300
15151455 3347940 15152709 3348540
15151227 3385860 15152481 3386460
15148947 3419460 15150201 3420060
15197283 3589380 15198651 3589980
15197283 3469380 15198651 3469980
15197283 3420420 15198651 3421020
15197283 3379140 15198651 3379740
15197283 3359940 15198651 3360540
15182691 3584100 15184059 3584700
15182691 3539940 15184059 3540540
15182691 3535140 15184059 3535740
15182691 3464100 15184059 3464700
15170835 3405540 15172203 3406140
15167871 3514020 15169239 3514620
15166047 3474660 15167415 3475260
15161487 3406020 15162855 3406620
15160917 3377220 15162285 3377820
15159321 3518340 15160689 3518940
15159093 3373380 15160461 3373980
15158637 3391620 15160005 3392220
15158409 3575460 15159777 3576060
15156813 3381060 15158181 3381660
15153963 3457860 15155331 3458460
15153735 3512580 15155103 3513180
15153507 3536100 15154875 3536700
15153393 3390180 15154761 3390780
15151797 3571140 15153165 3571740
15151797 3532260 15153165 3532860
15151797 3376740 15153165 3377340
15148149 3528420 15149517 3529020
15148149 3369060 15149517 3369660
15148149 3350820 15149517 3351420
15146781 3431460 15148149 3432060
15168099 3582660 15170493 3583260
15162627 3537540 15165021 3538140
15160119 3508260 15162513 3508860
15159663 3536100 15162057 3536700
15159663 3528900 15162057 3529500
15158751 3557220 15161145 3557820
15157611 3538020 15160005 3538620
15157383 3529860 15159777 3530460
15156243 3480420 15158637 3481020
15156015 3578340 15158409 3578940
15155103 3537060 15157497 3537660
15153735 3437700 15156129 3438300
15149403 3581700 15151797 3582300
15149403 3495300 15151797 3495900
15174711 3387300 15176421 3387900
15172203 3508740 15173913 3509340
15163767 3356580 15165477 3357180
15158979 3480420 15160689 3481020
15157611 3431460 15159321 3432060
15157155 3357060 15158865 3357660
15156927 3524580 15158637 3525180
15155559 3413700 15157269 3414300
15152367 3518340 15154077 3518940
15152367 3473700 15154077 3474300
15152139 3559140 15153849 3559740
15150771 3358980 15152481 3359580
15149859 3477060 15151569 3477660
15149859 3388740 15151569 3389340
15156357 3430500 15157383 3431100
15197169 3604740 15198651 3605340
15197169 3484740 15198651 3485340
15197169 3403140 15198651 3403740
15182577 3525540 15184059 3526140
15174939 3384420 15176421 3385020
15173799 3475620 15175281 3476220
15171519 3523620 15173001 3524220
15169011 3388260 15170493 3388860
15168783 3515940 15170265 3516540
15167871 3506340 15169353 3506940
15166047 3401700 15167529 3402300
15165591 3529380 15167073 3529980
15165591 3366180 15167073 3366780
15165591 3358500 15167073 3359100
15165363 3521700 15166845 3522300
15165363 3520740 15166845 3521340
15164907 3383460 15166389 3384060
15163767 3508740 15165249 3509340
15163767 3475140 15165249 3475740
15163767 3431940 15165249 3432540
15163767 3388740 15165249 3389340
15163083 3574500 15164565 3575100
15163083 3378660 15164565 3379260
15161943 3544740 15163425 3545340
15161943 3518340 15163425 3518940
15161943 3463140 15163425 3463740
15161943 3426180 15163425 3426780
15161829 3389220 15163311 3389820
15161715 3595620 15163197 3596220
15161145 3433380 15162627 3433980
15161031 3381540 15162513 3382140
15160803 3513540 15162285 3514140
15160803 3473700 15162285 3474300
15160803 3470340 15162285 3470940
15160803 3390180 15162285 3390780
15160803 3364740 15162285 3365340
15160119 3498180 15161601 3498780
15159891 3376260 15161373 3376860
15159435 3523620 15160917 3524220
15159207 3432420 15160689 3433020
15158979 3566340 15160461 3566940
15158979 3462180 15160461 3462780
15158751 3599460 15160233 3600060
15158751 3473220 15160233 3473820
15158523 3497220 15160005 3497820
15158295 3522660 15159777 3523260
15158295 3478980 15159777 3479580
15158295 3474660 15159777 3475260
15157611 3410820 15159093 3411420
15157155 3573540 15158637 3574140
15157155 3515940 15158637 3516540
15157155 3371940 15158637 3372540
15156471 3572100 15157953 3572700
15156471 3528900 15157953 3529500
15156471 3527460 15157953 3528060
15156471 3473700 15157953 3474300
15156015 3575460 15157497 3576060
15155787 3495780 15157269 3496380
15155331 3358980 15156813 3359580
15154647 3524580 15156129 3525180
15154647 3443940 15156129 3444540
15154305 3405060 15155787 3405660
15153963 3421380 15155445 3421980
15153735 3587460 15155217 3588060
15153507 3468420 15154989 3469020
15153507 3355620 15154989 3356220
15152823 3385860 15154305 3386460
15151797 3511620 15153279 3512220
15151683 3592260 15153165 3592860
15151683 3421860 15153165 3422460
15164223 3602820 15166617 3603420
15164223 3594180 15166617 3594780
15164223 3592260 15166617 3592860
15164223 3581700 15166617 3582300
15164223 3549060 15166617 3549660
15164223 3531780 15166617 3532380
15164223 3519300 15166617 3519900
15164223 3515460 15166617 3516060
15164223 3509700 15166617 3510300
15164223 3476100 15166617 3476700
15164223 3410820 15166617 3411420
15164223 3396420 15166617 3397020
15164223 3377220 15166617 3377820
15164223 3362820 15166617 3363420
15164223 3348420 15166617 3349020
15160233 3555780 15162057 3556860
15173799 3574020 15188505 3574620
15167985 3544740 15182691 3545340
15163311 3462180 15178017 3462780
15163311 3437220 15178017 3437820
15166959 3360900 15168099 3361980
15155103 3406020 15156243 3407100
15151341 3434820 15152481 3435900
15196941 3603780 15198651 3604380
15196941 3479940 15198651 3480540
15175851 3456900 15177561 3457500
15174939 3535620 15176649 3536220
15174939 3502020 15176649 3502620
15169011 3357060 15170721 3357660
15167415 3498660 15169125 3499260
15166503 3491460 15168213 3492060
15165135 3540900 15166845 3541500
15163539 3419460 15165249 3420060
15161145 3474660 15162855 3475260
15160803 3471300 15162513 3471900
15159435 3457860 15161145 3458460
15158067 3506340 15159777 3506940
15154647 3563940 15156357 3564540
15154647 3545700 15156357 3546300
15149859 3539460 15151569 3540060
15149859 3459780 15151569 3460380
15196827 3529860 15198651 3530460
15196827 3527940 15198651 3528540
15196827 3501060 15198651 3501660
15196827 3458820 15198651 3459420
15196827 3417540 15198651 3418140
15196827 3367620 15198651 3368220
15182235 3579300 15184059 3579900
15182235 3576420 15184059 3577020
15182235 3575460 15184059 3576060
15182235 3556260 15184059 3556860
15182235 3496740 15184059 3497340
15182235 3426660 15184059 3427260
15182235 3381540 15184059 3382140
15172545 3504420 15174369 3505020
15172317 3384900 15174141 3385500
15168327 3397860 15170151 3398460
15160803 3526020 15162627 3526620
15160689 3491460 15162513 3492060
15160461 3485220 15162285 3485820
15159321 3495780 15161145 3496380
15151227 3378660 15153051 3379260
15148149 3523140 15149973 3523740
15192837 3557700 15198423 3558300
15192837 3453060 15198423 3453660
15192723 3456900 15198309 3457500
15192609 3592740 15198195 3593340
15192609 3578340 15198195 3578940
15192609 3572580 15198195 3573180
15192609 3525540 15198195 3526140
15192609 3515940 15198195 3516540
15192609 3395940 15198195 3396540
15192609 3352740 15198195 3353340
15191355 3520260 15196941 3520860
15178359 3533220 15183945 3533820
15178131 3557220 15183717 3557820
15178131 3363300 15183717 3363900
15177447 3389220 15183033 3389820
15176763 3552420 15182349 3553020
15176763 3532260 15182349 3532860
15176763 3493860 15182349 3494460
15170607 3503460 15176193 3504060
15169923 3533700 15175509 3534300
15169695 3567300 15175281 3567900
15168327 3382500 15173913 3383100
15163995 3353700 15169581 3354300
15160689 3546660 15166275 3547260
15153963 3445860 15159549 3446460
15146781 3399300 15152367 3399900
15169011 3590820 15183717 3591420
15169011 3549540 15183717 3550140
15168441 3554340 15183147 3554940
15167643 3563460 15182349 3564060
15167643 3471780 15182349 3472380
15176991 3514500 15191697 3515100
15176307 3504900 15191013 3505500
15175509 3408900 15190215 3409500
15172887 3351300 15187593 3351900
15171519 3562500 15186225 3563100
15168441 3466500 15183147 3467100
15167415 3581220 15182121 3581820
15166503 3605700 15181209 3606300
15166503 3600900 15181209 3601500
15166503 3596100 15181209 3596700
15166503 3568260 15181209 3568860
15166503 3419460 15181209 3420060
15166047 3422820 15180753 3423420
15176307 3530820 15177561 3531420
15176307 3510660 15177561 3511260
15176079 3385860 15177333 3386460
15172659 3481860 15173913 3482460
15172431 3392100 15173685 3392700
15170379 3508260 15171633 3508860
15169923 3393540 15171177 3394140
15165135 3372900 15166389 3373500
15160803 3436740 15162057 3437340
15160347 3573540 15161601 3574140
15160347 3570660 15161601 3571260
15160347 3348900 15161601 3349500
15159891 3580740 15161145 3581340
15159663 3543300 15160917 3543900
15159435 3501540 15160689 3502140
15159435 3362820 15160689 3363420
15159207 3500580 15160461 3501180
15158979 3527940 15160233 3528540
15158067 3488580 15159321 3489180
15157155 3358020 15158409 3358620
15156699 3490020 15157953 3490620
15156015 3365700 15157269 3366300
15155559 3529860 15156813 3530460
15155559 3478500 15156813 3479100
15154647 3579780 15155901 3580380
15153279 3577860 15154533 3578460
15153279 3393540 15154533 3394140
15152367 3375300 15153621 3375900
15151227 3354180 15152481 3354780
15148491 3390180 15149745 3390780
15197055 3566340 15198651 3566940
15197055 3564420 15198651 3565020
15197055 3528900 15198651 3529500
15197055 3511620 15198651 3512220
15197055 3474180 15198651 3474780
15197055 3460740 15198651 3461340
15197055 3415620 15198651 3416220
15197055 3365700 15198651 3366300
15197055 3364740 15198651 3365340
15197055 3357060 15198651 3357660
15182463 3592740 15184059 3593340
15182463 3563940 15184059 3564540
15182463 3545700 15184059 3546300
15182463 3484260 15184059 3484860
15182463 3463140 15184059 3463740
15182463 3438180 15184059 3438780
15182463 3400740 15184059 3401340
15173001 3541380 15174597 3541980
15171975 3574020 15173571 3574620
15163083 3579780 15164679 3580380
15160461 3358500 15162057 3359100
15159093 3465060 15160689 3465660
15157953 3478020 15159549 3478620
15157953 3389220 15159549 3389820
15156585 3564900 15158181 3565500
15156357 3403620 15157953 3404220
15154533 3376260 15156129 3376860
15154419 3508260 15156015 3508860
15152253 3602340 15153849 3602940
15151683 3359940 15153279 3360540
15150429 3577860 15152025 3578460
15150429 3483300 15152025 3483900
15148605 3463140 15150201 3463740
15148149 3471300 15149745 3471900
15146781 3461220 15148377 3461820
15146781 3349860 15148377 3350460
15164223 3380580 15165477 3381180
15185313 3596580 15192723 3597180
15185313 3568740 15192723 3569340
15185313 3456420 15192723 3457020
15185313 3404580 15192723 3405180
15185313 3390180 15192723 3390780
15185313 3385380 15192723 3385980
15176193 3427620 15183603 3428220
15175965 3538980 15183375 3539580
15175851 3475620 15183261 3476220
15175851 3413220 15183261 3413820
15175395 3607140 15182805 3607740
15174711 3528420 15182121 3529020
15174483 3485220 15181893 3485820
15173799 3523620 15181209 3524220
15173799 3486180 15181209 3486780
15173799 3478020 15181209 3478620
15173571 3591780 15180981 3592380
15173571 3515940 15180981 3516540
15173457 3529380 15180867 3529980
15173457 3403620 15180867 3404220
15173343 3490020 15180753 3490620
15173343 3370020 15180753 3370620
15172203 3399780 15179613 3400380
15171291 3410820 15178701 3411420
15171063 3583140 15178473 3583740
15171063 3547620 15178473 3548220
15171063 3505860 15178473 3506460
15171063 3367140 15178473 3367740
15170493 3452580 15177903 3453180
15168555 3361860 15175965 3362460
15168099 3578820 15175509 3579420
15167529 3457380 15174939 3457980
15146781 3448740 15154191 3449340
15179271 3502500 15183033 3503100
15177447 3441060 15181209 3441660
15177219 3499620 15180981 3500220
15176877 3461220 15180639 3461820
15170151 3440580 15173913 3441180
15168327 3413220 15172089 3413820
15166503 3572100 15170265 3572700
15165135 3461220 15168897 3461820
15164451 3565860 15168213 3566460
15164109 3590820 15167871 3591420
15163881 3381540 15167643 3382140
15163767 3573540 15167529 3574140
15161943 3391140 15165705 3391740
15161487 3361860 15165249 3362460
15161259 3366180 15165021 3366780
15161259 3363780 15165021 3364380
15160005 3608580 15163767 3609180
15159435 3434340 15163197 3434940
15158865 3582180 15162627 3582780
15157155 3366660 15160917 3367260
15156927 3418020 15160689 3418620
15154533 3382020 15158295 3382620
15146781 3447780 15150543 3448380
15181209 3594660 15184059 3595260
15180867 3586980 15183717 3587580
15174483 3363300 15177333 3363900
15172431 3417060 15175281 3417660
15171291 3522660 15174141 3523260
15170607 3478020 15173457 3478620
15168099 3412260 15170949 3412860
15167871 3518820 15170721 3519420
15166503 3438660 15169353 3439260
15165363 3507300 15168213 3507900
15164907 3554340 15167757 3554940
15164223 3505380 15167073 3505980
15164223 3398820 15167073 3399420
15162171 3442500 15165021 3443100
15162171 3376260 15165021 3376860
15161373 3538980 15164223 3539580
15160461 3379620 15163311 3380220
15159435 3577380 15162285 3577980
15159207 3578340 15162057 3578940
15159207 3563940 15162057 3564540
15158067 3452100 15160917 3452700
15157839 3364260 15160689 3364860
15157155 3597540 15160005 3598140
15157155 3433380 15160005 3433980
15157155 3428100 15160005 3428700
15154647 3559140 15157497 3559740
15154647 3539460 15157497 3540060
15154647 3410340 15157497 3410940
15154647 3347940 15157497 3348540
15154419 3542340 15157269 3542940
15152367 3562500 15155217 3563100
15152367 3510660 15155217 3511260
15152367 3398340 15155217 3398940
15152139 3360900 15154989 3361500
15150543 3381060 15153393 3381660
15149859 3579780 15152709 3580380
15149859 3423780 15152709 3424380
15149859 3352740 15152709 3353340
15172431 3393540 15173571 3394140
15171975 3548580 15173115 3549180
15169467 3509220 15170607 3509820
15157383 3406500 15158523 3407100
15157383 3394500 15158523 3395100
15153621 3389220 15154761 3389820
15153507 3369060 15154647 3369660
15153279 3513540 15154419 3514140
15152823 3402660 15153963 3403260
15151227 3433860 15152367 3434460
15169239 3461220 15169695 3461820
15151227 3409860 15151683 3410460
15197739 3490500 15198651 3491100
15197739 3475140 15198651 3475740
15197739 3473220 15198651 3473820
15197739 3465540 15198651 3466140
15197739 3416580 15198651 3417180
15197739 3361860 15198651 3362460
15183147 3524580 15184059 3525180
15183147 3411300 15184059 3411900
15183147 3410340 15184059 3410940
15183147 3399780 15184059 3400380
15183147 3349860 15184059 3350460
15171519 3534660 15172431 3535260
15171405 3388260 15172317 3388860
15170949 3430500 15171861 3431100
15168897 3510180 15169809 3510780
15168897 3470820 15169809 3471420
15166503 3351300 15167415 3351900
15165591 3375780 15166503 3376380
15162969 3549060 15163881 3549660
15161829 3430020 15162741 3430620
15161601 3351780 15162513 3352380
15161259 3375300 15162171 3375900
15158181 3369060 15159093 3369660
15157155 3488100 15158067 3488700
15155217 3389700 15156129 3390300
15154647 3367620 15155559 3368220
15154419 3492420 15155331 3493020
15153963 3590820 15154875 3591420
15152367 3391140 15153279 3391740
15152253 3382020 15153165 3382620
15151797 3503940 15152709 3504540
15151797 3369540 15152709 3370140
15151683 3432900 15152595 3433500
15150429 3521220 15151341 3521820
15150429 3384420 15151341 3385020
15146781 3552900 15147693 3553500
15197853 3548100 15198651 3548700
15197853 3377220 15198651 3377820
15183261 3540900 15184059 3541500
15183261 3394980 15184059 3395580
15176079 3388740 15176877 3389340
15173799 3536580 15174597 3537180
15173571 3388740 15174369 3389340
15173115 3404580 15173913 3405180
15172203 3591780 15173001 3592380
15171063 3513060 15171861 3513660
15171063 3482820 15171861 3483420
15170151 3415620 15170949 3416220
15169467 3452580 15170265 3453180
15169239 3487620 15170037 3488220
15168555 3539940 15169353 3540540
15168441 3377220 15169239 3377820
15167871 3366180 15168669 3366780
15166959 3376740 15167757 3377340
15166731 3510180 15167529 3510780
15166503 3604740 15167301 3605340
15166503 3603780 15167301 3604380
15166503 3557700 15167301 3558300
15166503 3524100 15167301 3524700
15166503 3400260 15167301 3400860
15164451 3606660 15165249 3607260
15164451 3582660 15165249 3583260
15164451 3550020 15165249 3550620
15164451 3536580 15165249 3537180
15164451 3510660 15165249 3511260
15164451 3413700 15165249 3414300
15164451 3384900 15165249 3385500
15162627 3371460 15163425 3372060
15161943 3501540 15162741 3502140
15161487 3504900 15162285 3505500
15161487 3464100 15162285 3464700
15161259 3511620 15162057 3512220
15161259 3359940 15162057 3360540
15160575 3537540 15161373 3538140
15160347 3504900 15161145 3505500
15160347 3356100 15161145 3356700
15160119 3488580 15160917 3489180
15159435 3519300 15160233 3519900
15159207 3471300 15160005 3471900
15158979 3521700 15159777 3522300
15158979 3455940 15159777 3456540
15157839 3365700 15158637 3366300
15157611 3412740 15158409 3413340
15157155 3518340 15157953 3518940
15157155 3514980 15157953 3515580
15156699 3587940 15157497 3588540
15156699 3553860 15157497 3554460
15156699 3501060 15157497 3501660
15156471 3498180 15157269 3498780
15154647 3534660 15155445 3535260
15154647 3533700 15155445 3534300
15154647 3372900 15155445 3373500
15154419 3583620 15155217 3584220
15154419 3428580 15155217 3429180
15153507 3423300 15154305 3423900
15152367 3536580 15153165 3537180
15152367 3502020 15153165 3502620
15152367 3472740 15153165 3473340
15152139 3577380 15152937 3577980
15152139 3478500 15152937 3479100
15151911 3384900 15152709 3385500
15149859 3458340 15150657 3458940
15149403 3541380 15150201 3541980
15160575 3548100 15161601 3548700
15158295 3549540 15159321 3550140
15169239 3488580 15169809 3489180
15168555 3485220 15169125 3485820
15168555 3476100 15169125 3476700
15168327 3492420 15168897 3493020
15167187 3555780 15167757 3556380
15166959 3541380 15167529 3541980
15158751 3370980 15159321 3371580
15150771 3400260 15151341 3400860
15166731 3473700 15167529 3474300
15157155 3388740 15157953 3389340
15154647 3484740 15155445 3485340
15153963 3574020 15154761 3574620
15153735 3353700 15154533 3354300
15152367 3517380 15153165 3517980
15178359 3535140 15179157 3535740
15171291 3487140 15172089 3487740
15168783 3458820 15169581 3459420
15166503 3391620 15167301 3392220
15157383 3479460 15158181 3480060
15152139 3461700 15152937 3462300
15149631 3356580 15150429 3357180
15152139 3506820 15154761 3507900
15152139 3485700 15154761 3486780
15152139 3438660 15154761 3439740
15165933 3480420 15166845 3481020
15158181 3535620 15159093 3536220
15156357 3516900 15157269 3517500
15156129 3418980 15157041 3419580
15156129 3370500 15157041 3371100
15168327 3459780 15168897 3460380
15163083 3555780 15164109 3556860
15168099 3374820 15168669 3375420
15156927 3595140 15157383 3595740
15181323 3482340 15183261 3482940
15181323 3480420 15183261 3481020
15180411 3599460 15182349 3600060
15172203 3535620 15174141 3536220
15168555 3576420 15170493 3577020
15167415 3575460 15169353 3576060
15166731 3363300 15168669 3363900
15165363 3537060 15167301 3537660
15165363 3511140 15167301 3511740
15163995 3526500 15165933 3527100
15163083 3491460 15165021 3492060
15161943 3583140 15163881 3583740
15161943 3472740 15163881 3473340
15159435 3539460 15161373 3540060
15159435 3425220 15161373 3425820
15159321 3429540 15161259 3430140
15158409 3408420 15160347 3409020
15155901 3436260 15157839 3436860
15155331 3356100 15157269 3356700
15154419 3349380 15156357 3349980
15154305 3407460 15156243 3408060
15152367 3572100 15154305 3572700
15152367 3404580 15154305 3405180
15150543 3588900 15152481 3589500
15149631 3569220 15151569 3569820
15148149 3347940 15150087 3348540
15146781 3400740 15148719 3401340
15146781 3393060 15148719 3393660
15197625 3489540 15198651 3490140
15197625 3466500 15198651 3467100
15197625 3387780 15198651 3388380
15182691 3370980 15183717 3371580
15173799 3420420 15174825 3421020
15173571 3540420 15174597 3541020
15172431 3397860 15173457 3398460
15168783 3490980 15169809 3491580
15168327 3522660 15169353 3523260
15166503 3469380 15167529 3469980
15166503 3408900 15167529 3409500
15166503 3373380 15167529 3373980
15164223 3467940 15165249 3468540
15163995 3394980 15165021 3395580
15163881 3586500 15164907 3587100
15162741 3410820 15163767 3411420
15161829 3476580 15162855 3477180
15161259 3396900 15162285 3397500
15161031 3533700 15162057 3534300
15159435 3481860 15160461 3482460
15159435 3385380 15160461 3385980
15158979 3470340 15160005 3470940
15158751 3596100 15159777 3596700
15158751 3499620 15159777 3500220
15158067 3405060 15159093 3405660
15156927 3598980 15157953 3599580
15156927 3592260 15157953 3592860
15156243 3532740 15157269 3533340
15154647 3481380 15155673 3481980
15154647 3359940 15155673 3360540
15154419 3381060 15155445 3381660
15153735 3488100 15154761 3488700
15153621 3394500 15154647 3395100
15153507 3357540 15154533 3358140
15152139 3483780 15153165 3484380
15150999 3403140 15152025 3403740
15150999 3390180 15152025 3390780
15150771 3572100 15151797 3572700
15150543 3574500 15151569 3575100
15148947 3359460 15149973 3360060
15170379 3387300 15171519 3387900
15167985 3440580 15169125 3441180
15167985 3406500 15169125 3407100
15164679 3572580 15165819 3573180
15157611 3561060 15158751 3561660
15156129 3508260 15157269 3508860
15154875 3394500 15156015 3395100
15153507 3435300 15154647 3435900
15153051 3403620 15154191 3404220
15152595 3420900 15153735 3421500
15152595 3408900 15153735 3409500
15150771 3478980 15151911 3479580
15175509 3526020 15175737 3526620
15180411 3604740 15180867 3605340
15178929 3462180 15179385 3462780
15177219 3387780 15177675 3388380
15175851 3418500 15176307 3419100
15174711 3598500 15175167 3599100
15174711 3381060 15175167 3381660
15174027 3569220 15174483 3569820
15173913 3428100 15174369 3428700
15170607 3376740 15171063 3377340
15170151 3377220 15170607 3377820
15169467 3377220 15169923 3377820
15169353 3565860 15169809 3566460
15169353 3497700 15169809 3498300
15168555 3375780 15169011 3376380
15168099 3416580 15168555 3417180
15167643 3484740 15168099 3485340
15167643 3374340 15168099 3374940
15167187 3374340 15167643 3374940
15165363 3374820 15165819 3375420
15165363 3373860 15165819 3374460
15161601 3446820 15162057 3447420
15158409 3446820 15158865 3447420
15156243 3376740 15156699 3377340
15153849 3551940 15154305 3552540
15152823 3450180 15153279 3450780
15151227 3394500 15151683 3395100
15150087 3394980 15150543 3395580
15168555 3401220 15169125 3401820
15151911 3603300 15152481 3603900
15160347 3529860 15161943 3530940
15157839 3555780 15159435 3556860
15157839 3351300 15159435 3352380
15153051 3600900 15154647 3601980
15166845 3475620 15167529 3476220
15163653 3503460 15164337 3504060
15158865 3513540 15159549 3514140
15157269 3517380 15157953 3517980
15156585 3555780 15157269 3556380
15155217 3585060 15155901 3585660
15149061 3507780 15149745 3508380
15166959 3533700 15168555 3534780
15171063 3559140 15172203 3559740
15156699 3540420 15157839 3541020
15156129 3434820 15157269 3435420
15155787 3397860 15156927 3398460
15154191 3432420 15155331 3433020
15171633 3501060 15173229 3502140
15169467 3498660 15170949 3499260
15167643 3489540 15169125 3490140
15157383 3545220 15158865 3545820
15157155 3358980 15158637 3359580
15152595 3526980 15154077 3527580
15152367 3516420 15153849 3517020
15152139 3526020 15153621 3526620
15152139 3475140 15153621 3475740
15149859 3434820 15151341 3435420
15176079 3522660 15177105 3523260
15176079 3494820 15177105 3495420
15176079 3492420 15177105 3493020
15176079 3487620 15177105 3488220
15176079 3392580 15177105 3393180
15175395 3389700 15176421 3390300
15169239 3534660 15170265 3535260
15169011 3379140 15170037 3379740
15168783 3454500 15169809 3455100
15166503 3550020 15167529 3550620
15164223 3598980 15165249 3599580
15164223 3525540 15165249 3526140
15164223 3449220 15165249 3449820
15164223 3374340 15165249 3374940
15164223 3360900 15165249 3361500
15163995 3430980 15165021 3431580
15163083 3588900 15164109 3589500
15161943 3438660 15162969 3439260
15160803 3479940 15161829 3480540
15160119 3454500 15161145 3455100
15159207 3586980 15160233 3587580
15158295 3489540 15159321 3490140
15158067 3580740 15159093 3581340
15158067 3435300 15159093 3435900
15157839 3521220 15158865 3521820
15157839 3422820 15158865 3423420
15157839 3348900 15158865 3349500
15157611 3456420 15158637 3457020
15157155 3514020 15158181 3514620
15156015 3561060 15157041 3561660
15155787 3534660 15156813 3535260
15155559 3465060 15156585 3465660
15155103 3455460 15156129 3456060
15154875 3409380 15155901 3409980
15154647 3350820 15155673 3351420
15154419 3494820 15155445 3495420
15153507 3464580 15154533 3465180
15153279 3477060 15154305 3477660
15152595 3509220 15153621 3509820
15152139 3508260 15153165 3508860
15152139 3492420 15153165 3493020
15152139 3464100 15153165 3464700
15152139 3430020 15153165 3430620
15152139 3411300 15153165 3411900
15151455 3544260 15152481 3544860
15150771 3599940 15151797 3600540
15149859 3392100 15150885 3392700
15149859 3386820 15150885 3387420
15171291 3496260 15171633 3496860
15171291 3394500 15171633 3395100
15170151 3479940 15170493 3480540
15166617 3518820 15166959 3519420
15160575 3496740 15160917 3497340
15160119 3576420 15160461 3577020
15159891 3572100 15160233 3572700
15159207 3520260 15159549 3520860
15158751 3465540 15159093 3466140
15158295 3465060 15158637 3465660
15157383 3490980 15157725 3491580
15156927 3602820 15157269 3603420
15156927 3460740 15157269 3461340
15156015 3595140 15156357 3595740
15154647 3575940 15154989 3576540
15154419 3490500 15154761 3491100
15152709 3382980 15153051 3383580
15152367 3529860 15152709 3530460
15152139 3540420 15152481 3541020
15151113 3603780 15151455 3604380
15150315 3385860 15150657 3386460
15150087 3435780 15150429 3436380
15170607 3570660 15171405 3571260
15170607 3556260 15171405 3556860
15168099 3557700 15168897 3558300
15153279 3500100 15154077 3500700
15174255 3507780 15176421 3508860
15174027 3519300 15176193 3520380
15174027 3499140 15176193 3500220
15169239 3404100 15171405 3405180
15162171 3528900 15164337 3529980
15162171 3402180 15164337 3403260
15159891 3560580 15162057 3561660
15159663 3453060 15161829 3454140
15157383 3511620 15159549 3512700
15157383 3437700 15159549 3438780
15157383 3354180 15159549 3355260
15155103 3547140 15157269 3548220
15155103 3392580 15157269 3393660
15154875 3477060 15157041 3478140
15152595 3567300 15154761 3568380
15152595 3521220 15154761 3522300
15150087 3355140 15152253 3356220
15172659 3537540 15173913 3538140
15172203 3394500 15173457 3395100
15169695 3494340 15170949 3494940
15157611 3353220 15158865 3353820
15155787 3520740 15157041 3521340
15154647 3498660 15155901 3499260
15153051 3514500 15154305 3515100
15174483 3394500 15176079 3395580
15172659 3521220 15172887 3521820
15169011 3505380 15169239 3505980
15163425 3534180 15163653 3534780
15160689 3482820 15160917 3483420
15157725 3496260 15157953 3496860
15153051 3351300 15153279 3351900
15152481 3394500 15152709 3395100
15171405 3509220 15171861 3509820
15170493 3474180 15170949 3474780
15162285 3585540 15162741 3586140
15152595 3426660 15153051 3427260
15161601 3598980 15162285 3600060
15156813 3533700 15157497 3534780
15156813 3519300 15157497 3520380
15154533 3371460 15155217 3372540
15174939 3524580 15175965 3525180
15174711 3388740 15175737 3389340
15172887 3509700 15173913 3510300
15169467 3502500 15170493 3503100
15169239 3523620 15170265 3524220
15168099 3503940 15169125 3504540
15167415 3358980 15168441 3359580
15167187 3479460 15168213 3480060
15166959 3500580 15167985 3501180
15165363 3388260 15166389 3388860
15163311 3480900 15164337 3481500
15163083 3580740 15164109 3581340
15162627 3526980 15163653 3527580
15161031 3576420 15162057 3577020
15159663 3361860 15160689 3362460
15158523 3594660 15159549 3595260
15158523 3588900 15159549 3589500
15157383 3574500 15158409 3575100
15157383 3374340 15158409 3374940
15157383 3359940 15158409 3360540
15154875 3374340 15155901 3374940
15152595 3587940 15153621 3588540
15151455 3533700 15152481 3534300
15148947 3375780 15149973 3376380
15178587 3536100 15179385 3536700
15175623 3537540 15176421 3538140
15173799 3482820 15174597 3483420
15173799 3480900 15174597 3481500
15171519 3472740 15172317 3473340
15170835 3520260 15171633 3520860
15169923 3546660 15170721 3547260
15169695 3355140 15170493 3355740
15169239 3586020 15170037 3586620
15169011 3486660 15169809 3487260
15168327 3378180 15169125 3378780
15164907 3538980 15165705 3539580
15164223 3577860 15165021 3578460
15164223 3484740 15165021 3485340
15164223 3474180 15165021 3474780
15163539 3520260 15164337 3520860
15163539 3458340 15164337 3458940
15162627 3512100 15163425 3512700
15162399 3533700 15163197 3534300
15160119 3588420 15160917 3589020
15158751 3532260 15159549 3532860
15158295 3393540 15159093 3394140
15157155 3584100 15157953 3584700
15155787 3431940 15156585 3432540
15155559 3527940 15156357 3528540
15154647 3515460 15155445 3516060
15154647 3358020 15155445 3358620
15153735 3466500 15154533 3467100
15153279 3556740 15154077 3557340
15152367 3383940 15153165 3384540
15175851 3390660 15177447 3391740
15173913 3390660 15175509 3391740
15171975 3390660 15173571 3391740
15171063 3499140 15172659 3500220
15162741 3454980 15164337 3456060
15158979 3403140 15160575 3404220
15157725 3562500 15159321 3563580
15155559 3511620 15157155 3512700
15154191 3430980 15155787 3432060
15153165 3540420 15154761 3541500
15153051 3594180 15154647 3595260
15152595 3430980 15154191 3432060
15170607 3497700 15171633 3498300
15166047 3536100 15167073 3536700
15162627 3567300 15163653 3567900
15161259 3362820 15162285 3363420
15161031 3500580 15162057 3501180
15156699 3588900 15157725 3589500
15156471 3471780 15157497 3472380
15151911 3405540 15152937 3406140
15149175 3520740 15150201 3521340
15175623 3488580 15176193 3489180
15173343 3528420 15173913 3529020
15171975 3512100 15172545 3512700
15171747 3498180 15172317 3498780
15171519 3491460 15172089 3492060
15168327 3502980 15168897 3503580
15167187 3377700 15167757 3378300
15165135 3406500 15165705 3407100
15164679 3359940 15165249 3360540
15164223 3600900 15164793 3601500
15162855 3486180 15163425 3486780
15161943 3428580 15162513 3429180
15160119 3596100 15160689 3596700
15159435 3409380 15160005 3409980
15158067 3565860 15158637 3566460
15157839 3367620 15158409 3368220
15157383 3551460 15157953 3552060
15157155 3399300 15157725 3399900
15155787 3518340 15156357 3518940
15155787 3513540 15156357 3514140
15155331 3435300 15155901 3435900
15151455 3476100 15152025 3476700
15150087 3605700 15150657 3606300
15150087 3603780 15150657 3604380
15149859 3587460 15150429 3588060
15149859 3519300 15150429 3519900
15149859 3478980 15150429 3479580
15149403 3394500 15149973 3395100
15149175 3454980 15149745 3455580
15148947 3431940 15149517 3432540
15148263 3381540 15148833 3382140
15170607 3572100 15171177 3572700
15167415 3481860 15167985 3482460
15166959 3508740 15167529 3509340
15164451 3454020 15165021 3454620
15162855 3532740 15163425 3533340
15160575 3531300 15161145 3531900
15159663 3526980 15160233 3527580
15158979 3517380 15159549 3517980
15158523 3394980 15159093 3395580
15158067 3504900 15158637 3505500
15156699 3368580 15157269 3369180
15156471 3514500 15157041 3515100
15155787 3587460 15156357 3588060
15152595 3561540 15153165 3562140
15152595 3515460 15153165 3516060
15151227 3454980 15151797 3455580
15149403 3377220 15149973 3377820
15171975 3539940 15173115 3540540
15166503 3552900 15167073 3553980
15164679 3397380 15165249 3398460
15161715 3499140 15162285 3500220
15157155 3421380 15157725 3422460
15156243 3535620 15156813 3536700
15151911 3549060 15152481 3550140
15150999 3441540 15151569 3442620
15190899 3386820 15198651 3387420
15176307 3440100 15184059 3440700
15183945 3608100 15192723 3609660
15183945 3531300 15192723 3532860
15183945 3511140 15192723 3512700
15183945 3488100 15192723 3489660
15183945 3443940 15192723 3445500
15183945 3416100 15192723 3417660
15183945 3406500 15192723 3408060
15183945 3391140 15192723 3392700
15183945 3371940 15192723 3373500
15196257 3382500 15198651 3384060
15146781 3580740 15148263 3581340
15146781 3540420 15148263 3541020
15146781 3524100 15148263 3524700
15146781 3511620 15148263 3512220
15146781 3503940 15148263 3504540
15146781 3483780 15148263 3484380
15146781 3479940 15148263 3480540
15146781 3467460 15148263 3468060
15466095 3410820 15468375 3411420
15196371 3556740 15198651 3557340
15196371 3362820 15198651 3363420
15196143 3555780 15198651 3556380
15196143 3547140 15198651 3547740
15196143 3421380 15198651 3421980
15195915 3550020 15198423 3550620
15195915 3368580 15198423 3369180
15195915 3355140 15198423 3355740
15195915 3349380 15198423 3349980
15165135 3478500 15167643 3479100
15158067 3598500 15160575 3599100
15146781 3598020 15149289 3598620
15146781 3373860 15149289 3374460
15198423 3576900 15198651 3578460
15198423 3552900 15198651 3554460
15198423 3424260 15198651 3425820
15198423 3351300 15198651 3352860
15198081 3522660 15198651 3524220
15198081 3519780 15198651 3521340
15198081 3517860 15198651 3519420
15198081 3493860 15198651 3495420
15198081 3372900 15198651 3374460
15440445 3436740 15464271 3437340
15164679 3393060 15166389 3393660
15183945 3561060 15192723 3561660
15183945 3541860 15192723 3542460
15183945 3513060 15192723 3513660
15183945 3503460 15192723 3504060
15183945 3455460 15192723 3456060
15183945 3441060 15192723 3441660
15183945 3378660 15192723 3379260
15183945 3354660 15192723 3355260
15165135 3607620 15173913 3608220
15165135 3601860 15173913 3602460
15165135 3569220 15173913 3569820
15165135 3429060 15173913 3429660
15183375 3437220 15185427 3437820
15166959 3520260 15168327 3520860
15166503 3503460 15167871 3504060
15152823 3471300 15154191 3471900
15147807 3550020 15149175 3550620
15162171 3478980 15163197 3479580
15158751 3534660 15159777 3535260
15155103 3550020 15156129 3550620
15197967 3558660 15198651 3559260
15197967 3502980 15198651 3503580
15197967 3502020 15198651 3502620
15197967 3500100 15198651 3500700
15197967 3452100 15198651 3452700
15197967 3391620 15198651 3392220
15183375 3569700 15184059 3570300
15183375 3506340 15184059 3506940
15183375 3448740 15184059 3449340
15183375 3393060 15184059 3393660
15166617 3448740 15167301 3449340
15166161 3397860 15166845 3398460
15164109 3459780 15164793 3460380
15159435 3574500 15160119 3575100
15157839 3430500 15158523 3431100
15156813 3601860 15157497 3602460
15154647 3502020 15155331 3502620
15154305 3461700 15154989 3462300
15152367 3399780 15153051 3400380
15152025 3402660 15152709 3403260
15150429 3454500 15151113 3455100
15150429 3409860 15151113 3410460
15459483 3410820 15460281 3411420
15160575 3502980 15161373 3503580
15466893 3436740 15467577 3437340
15196599 3550980 15198651 3551580
15196599 3545220 15198651 3545820
15148149 3469860 15150201 3470460
15148149 3372900 15150201 3373500
15466095 3436740 15466893 3437340
15458685 3410820 15459483 3411420
15149061 3587460 15149859 3588060
15148491 3590340 15149289 3590940
15468147 3436740 15468375 3437340
15198423 3454980 15198651 3455580
15198423 3446340 15198651 3446940
15183831 3583140 15184059 3583740
15183831 3428580 15184059 3429180
15172089 3513540 15172317 3514140
15171747 3527460 15171975 3528060
15169011 3519780 15169239 3520380
15167985 3556740 15168213 3557340
15167985 3376740 15168213 3377340
15167415 3379140 15167643 3379740
15166845 3471780 15167073 3472380
15162627 3539940 15162855 3540540
15160461 3395940 15160689 3396540
15160233 3531780 15160461 3532380
15159891 3464100 15160119 3464700
15159663 3603300 15159891 3603900
15157839 3462660 15158067 3463260
15157155 3499140 15157383 3499740
15156129 3603780 15156357 3604380
15153621 3527940 15153849 3528540
15153279 3488100 15153507 3488700
15153051 3478980 15153279 3479580
15153051 3358980 15153279 3359580
15152481 3409860 15152709 3410460
15151797 3349380 15152025 3349980
15150429 3389700 15150657 3390300
15150429 3387780 15150657 3388380
15149061 3589380 15149289 3589980
15147693 3421860 15147921 3422460
15146781 3568740 15147009 3569340
15183603 3380580 15185427 3381180
15198195 3586500 15198651 3587100
15198195 3546180 15198651 3546780
15198195 3516420 15198651 3517020
15198195 3472260 15198651 3472860
15198195 3467460 15198651 3468060
15198195 3457860 15198651 3458460
15198195 3406980 15198651 3407580
15198195 3378180 15198651 3378780
15183603 3593700 15184059 3594300
15183603 3498660 15184059 3499260
15183603 3449700 15184059 3450300
15183603 3353700 15184059 3354300
15170037 3366180 15170493 3366780
15166503 3550980 15166959 3551580
15166503 3492420 15166959 3493020
15166503 3374340 15166959 3374940
15164109 3578820 15164565 3579420
15162399 3489540 15162855 3490140
15161943 3573060 15162399 3573660
15161829 3462180 15162285 3462780
15159321 3514980 15159777 3515580
15159093 3426180 15159549 3426780
15158181 3551940 15158637 3552540
15157041 3489060 15157497 3489660
15155901 3424260 15156357 3424860
15155901 3386340 15156357 3386940
15154647 3528900 15155103 3529500
15154647 3455940 15155103 3456540
15154533 3598020 15154989 3598620
15152253 3356100 15152709 3356700
15151113 3432420 15151569 3433020
15150429 3564420 15150885 3565020
15149745 3351780 15150201 3352380
15149061 3586500 15149517 3587100
15149061 3516420 15149517 3517020
15192609 3575460 15198195 3576060
15192609 3508260 15198195 3508860
15165135 3560580 15166617 3562140
15170835 3518340 15172773 3518940
15164223 3493860 15166161 3494460
15161943 3510660 15163881 3511260
15161373 3589860 15163311 3590460
15157611 3498180 15159549 3498780
15150543 3594660 15152481 3595260
15148491 3585540 15150429 3586140
15148491 3484740 15150429 3485340
15146781 3584100 15148719 3584700
15146781 3436260 15148719 3436860
15146781 3379140 15148719 3379740
15198081 3569220 15198651 3569820
15198081 3462180 15198651 3462780
15198081 3447780 15198651 3448380
15183489 3507300 15184059 3507900
15176307 3533220 15176877 3533820
15170151 3505380 15170721 3505980
15168783 3542820 15169353 3543420
15167643 3459300 15168213 3459900
15167415 3521220 15167985 3521820
15166503 3586500 15167073 3587100
15166503 3417540 15167073 3418140
15164679 3522180 15165249 3522780
15164223 3540900 15164793 3541500
15162627 3470340 15163197 3470940
15161715 3519300 15162285 3519900
15161715 3515460 15162285 3516060
15160803 3404100 15161373 3404700
15160575 3439620 15161145 3440220
15159435 3504900 15160005 3505500
15159435 3436260 15160005 3436860
15157155 3373380 15157725 3373980
15156927 3491940 15157497 3492540
15156927 3377220 15157497 3377820
15156927 3364260 15157497 3364860
15155787 3412740 15156357 3413340
15154419 3516420 15154989 3517020
15154419 3403140 15154989 3403740
15152367 3605220 15152937 3605820
15149631 3467940 15150201 3468540
15149631 3438660 15150201 3439260
15148491 3438660 15149061 3439260
15183717 3414180 15185427 3414780
15164907 3409860 15166617 3410460
15164907 3378180 15166617 3378780
15198309 3468420 15198651 3469020
15169011 3453540 15169353 3454140
15168327 3512100 15168669 3512700
15167415 3512100 15167757 3512700
15167187 3470820 15167529 3471420
15166959 3457380 15167301 3457980
15166503 3532740 15166845 3533340
15166503 3404100 15166845 3404700
15166503 3361860 15166845 3362460
15164907 3420420 15165249 3421020
15164223 3478020 15164565 3478620
15163995 3420420 15164337 3421020
15162171 3549060 15162513 3549660
15161031 3562500 15161373 3563100
15160803 3347940 15161145 3348540
15160575 3526980 15160917 3527580
15160119 3482820 15160461 3483420
15160119 3469380 15160461 3469980
15160119 3389220 15160461 3389820
15154989 3422340 15155331 3422940
15154647 3527940 15154989 3528540
15153507 3551460 15153849 3552060
15153507 3368100 15153849 3368700
15152595 3455940 15152937 3456540
15152595 3349380 15152937 3349980
15152139 3498180 15152481 3498780
15150771 3606660 15151113 3607260
15150087 3509700 15150429 3510300
15149859 3578820 15150201 3579420
15149859 3524580 15150201 3525180
15149859 3485700 15150201 3486300
15149859 3481860 15150201 3482460
15149859 3475140 15150201 3475740
15149859 3384900 15150201 3385500
15149631 3381540 15149973 3382140
15182805 3391140 15183831 3391740
15182463 3392100 15183489 3392700
15182463 3390180 15183489 3390780
15182463 3386340 15183489 3386940
15182235 3384420 15183261 3385020
15156471 3513060 15157497 3513660
15152139 3541380 15153165 3541980
15152139 3502980 15153165 3503580
15150087 3556740 15151113 3557340
15148605 3503460 15149631 3504060
15171291 3402660 15182349 3403260
15183945 3482340 15185427 3482940
15183945 3415140 15185427 3415740
15165135 3608580 15166617 3609180
15165135 3593220 15166617 3593820
15165135 3470340 15166617 3470940
15165135 3395460 15166617 3396060
15165135 3352260 15166617 3352860
15159093 3380580 15162855 3381180
15146781 3546660 15150543 3547260
15146781 3403140 15150543 3403740
15440445 3410820 15455151 3411420
15169239 3451140 15183945 3451740
15168099 3469860 15182805 3470460
15167871 3564900 15182577 3565500
15189645 3381060 15197055 3381660
15175965 3609060 15183375 3609660
15175965 3527460 15183375 3528060
15175851 3417060 15183261 3417660
15175623 3383460 15183033 3384060
15175395 3420900 15182805 3421500
15173799 3517860 15181209 3518460
15173571 3405540 15180981 3406140
15170835 3353700 15178245 3354300
15170607 3421860 15178017 3422460
15169695 3448740 15177105 3449340
15166275 3598500 15173685 3599100
15156927 3414660 15164337 3415260
