15169125 3467940 15170265 3468540
15192609 3526500 15198651 3528060
15191583 3492420 15198651 3493020
15191583 3471300 15198651 3471900
15191583 3418500 15198651 3419100
15192609 3538020 15198651 3539580
15192609 3374820 15198651 3376380
15183603 3586980 15192723 3587580
15192609 3552420 15198195 3553980
15192609 3523620 15198195 3525180
15192609 3518820 15198195 3520380
15192609 3461220 15198195 3462780
15192609 3446820 15198195 3448380
15192609 3422820 15198195 3424380
15146781 3502500 15148263 3503580
15146781 3357540 15148263 3358620
15334881 3574020 15468375 3604860
15334881 3536580 15468375 3567420
15334881 3475140 15468375 3505980
15334881 3379140 15468375 3409980
15334881 3427140 15468375 3434940
15334881 3437700 15468375 3441660
15334881 3571140 15468375 3573180
15334881 3608580 15468375 3609660
15334881 3411300 15468375 3411900
15171975 3491460 15197625 3492060
15171519 3474180 15197169 3474780
15171519 3407940 15197169 3408540
15171291 3574980 15196941 3575580
15171291 3367620 15196941 3368220
15170607 3555780 15196257 3556380
15170607 3421380 15196257 3421980
15170493 3377220 15196143 3377820
15170379 3368580 15196029 3369180
15170151 3454020 15195801 3454620
15170151 3434820 15195801 3435420
15149859 3604740 15151797 3605340
15166503 3537540 15171177 3538140
15152139 3515940 15156813 3516540
15152139 3514020 15156813 3514620
15148149 3476580 15152823 3477180
15152139 3377700 15154761 3378300
15161487 3496740 15163653 3497340
15151683 3547140 15152709 3548220
15167415 3393540 15168327 3394140
15172431 3387780 15173229 3388380
15170607 3478980 15171405 3479580
15163311 3454020 15164109 3454620
15153735 3538020 15154533 3538620
15153507 3482820 15154305 3483420
15153051 3483780 15153849 3484380
15151683 3560580 15152481 3561180
15150543 3456420 15151341 3457020
15150087 3452100 15151113 3453180
15157839 3567300 15158637 3568380
15153279 3548100 15153621 3549180
15165135 3528420 15168669 3529020
15165135 3446820 15168669 3447420
15172431 3531300 15174369 3531900
15162855 3502500 15164793 3503100
15155787 3373860 15157725 3374460
15153051 3586980 15154989 3587580
15150999 3563460 15152937 3564060
15162627 3591300 15164109 3591900
15159435 3382980 15160917 3383580
15155331 3501060 15156813 3501660
15164907 3394980 15167073 3395580
15162171 3464100 15166389 3464700
15157383 3562020 15161601 3562620
15155103 3471300 15159321 3471900
15154875 3382500 15159093 3383100
15154191 3385860 15158409 3386460
15151227 3539940 15155445 3540540
15149175 3590340 15153393 3590940
15160119 3388260 15162513 3388860
15164451 3385380 15167073 3385980
15162627 3468420 15165249 3469020
15161943 3566340 15164565 3566940
15155331 3569700 15157953 3570300
15152139 3361380 15154761 3361980
15171975 3386340 15173001 3386940
15164451 3465060 15165477 3465660
15162627 3568740 15163653 3569340
15161031 3356100 15162057 3356700
15160803 3467460 15161829 3468060
15159207 3466500 15163881 3467100
15154419 3577860 15159093 3578460
15154419 3383940 15159093 3384540
15152139 3583140 15156813 3583740
15152139 3526500 15156813 3527100
15148491 3489540 15153165 3490140
15161943 3523140 15162855 3524220
15161373 3592260 15162285 3593340
15165363 3541860 15168213 3542460
15153279 3552420 15156129 3553020
15153051 3434820 15155901 3435420
15153051 3430500 15155901 3431100
15148149 3584580 15150999 3585180
15172659 3447300 15173457 3448380
15172203 3351300 15173001 3352380
15170607 3381060 15171405 3382140
15169923 3464580 15170721 3465660
15169239 3539460 15170037 3540540
15169239 3442500 15170037 3443580
15169011 3448260 15169809 3449340
15168555 3451140 15169353 3452220
15167871 3465540 15168669 3466620
15167643 3488580 15168441 3489660
15167643 3402180 15168441 3403260
15167415 3407940 15168213 3409020
15167415 3350340 15168213 3351420
15167187 3566340 15167985 3567420
15167187 3450180 15167985 3451260
15166959 3563460 15167757 3564540
15166959 3477060 15167757 3478140
15166731 3540420 15167529 3541500
15166731 3388740 15167529 3389820
15164451 3569220 15165249 3570300
15164451 3567300 15165249 3568380
15164451 3558660 15165249 3559740
15164451 3542340 15165249 3543420
15164451 3435780 15165249 3436860
15164451 3403140 15165249 3404220
15163539 3567300 15164337 3568380
15163539 3407940 15164337 3409020
15163311 3587460 15164109 3588540
15163083 3382980 15163881 3384060
15162855 3404100 15163653 3405180
15161943 3596100 15162741 3597180
15161943 3567300 15162741 3568380
15161943 3407940 15162741 3409020
15161487 3557700 15162285 3558780
15161487 3549060 15162285 3550140
15161259 3404100 15162057 3405180
15161031 3449220 15161829 3450300
15161031 3444420 15161829 3445500
15161031 3439620 15161829 3440700
15160575 3383940 15161373 3385020
15160347 3605700 15161145 3606780
15160347 3469380 15161145 3470460
15159891 3445380 15160689 3446460
15159435 3437700 15160233 3438780
15159435 3397380 15160233 3398460
15158751 3559620 15159549 3560700
15158523 3551940 15159321 3553020
15158295 3453060 15159093 3454140
15158295 3449220 15159093 3450300
15157839 3399300 15158637 3400380
15157611 3464580 15158409 3465660
15157383 3559620 15158181 3560700
15157155 3543300 15157953 3544380
15156699 3452100 15157497 3453180
15156015 3510660 15156813 3511740
15156015 3400260 15156813 3401340
15155787 3441540 15156585 3442620
15154191 3596100 15154989 3597180
15153735 3419460 15154533 3420540
15153507 3554820 15154305 3555900
15153051 3559620 15153849 3560700
15152823 3493380 15153621 3494460
15152595 3556740 15153393 3557820
15152595 3442500 15153393 3443580
15152595 3407940 15153393 3409020
15152367 3549060 15153165 3550140
15152367 3498180 15153165 3499260
15151911 3525060 15152709 3526140
15151911 3450180 15152709 3451260
15151683 3556740 15152481 3557820
15151455 3441540 15152253 3442620
15151227 3549060 15152025 3550140
15150999 3543300 15151797 3544380
15150999 3527940 15151797 3529020
15150999 3454020 15151797 3455100
15150999 3350340 15151797 3351420
15150771 3605700 15151569 3606780
15150771 3555780 15151569 3556860
15150771 3551940 15151569 3553020
15150771 3382980 15151569 3384060
15150543 3378180 15151341 3379260
15150087 3547140 15150885 3548220
15150087 3543300 15150885 3544380
15149859 3594180 15150657 3595260
15149859 3588420 15150657 3589500
15149859 3523140 15150657 3524220
15149859 3444420 15150657 3445500
15149859 3429060 15150657 3430140
15149403 3527940 15150201 3529020
15149403 3501060 15150201 3502140
15149403 3418500 15150201 3419580
15149403 3350340 15150201 3351420
15149175 3551940 15149973 3553020
15148947 3491460 15149745 3492540
15148947 3429060 15149745 3430140
15148719 3549060 15149517 3550140
15148719 3452100 15149517 3453180
15160461 3368580 15162057 3369660
15148605 3379140 15150201 3380220
15146781 3419460 15148377 3420540
15146781 3417540 15148377 3418620
15176307 3389700 15198309 3390300
15175509 3567300 15197511 3567900
15175395 3420420 15197397 3421020
15175167 3528900 15197169 3529500
15174939 3541380 15196941 3541980
15174939 3529860 15196941 3530460
15174939 3395460 15196941 3396060
15174027 3396420 15196029 3397020
15173799 3577860 15195801 3578460
15173799 3433860 15195801 3434460
15173115 3501060 15195117 3501660
15170379 3371460 15192381 3372060
15185997 3443460 15197055 3444060
15171747 3510180 15182805 3510780
15171519 3357540 15182577 3358140
15171291 3570660 15182349 3571260
15170151 3362340 15181209 3362940
15152139 3447780 15163197 3448380
15169011 3504900 15175509 3505500
15163083 3384420 15169581 3385020
15161715 3514980 15168213 3515580
15155559 3555300 15162057 3555900
15152823 3461220 15159321 3461820
15149859 3530340 15156357 3530940
15154077 3411780 15157269 3412860
15146781 3407940 15149973 3409020
15146781 3401220 15149973 3402300
15171291 3537060 15174597 3537660
15170835 3494340 15174141 3494940
15170835 3385380 15174141 3385980
15166503 3500100 15169809 3500700
15161943 3544260 15165249 3544860
15161943 3393540 15165249 3394140
15154191 3548100 15157497 3548700
15152139 3579300 15155445 3579900
15152139 3490980 15155445 3491580
15150999 3608100 15154305 3608700
15158979 3548100 15160689 3548700
15155787 3565860 15157497 3566460
15151911 3598020 15153621 3598620
15159435 3578820 15160575 3579900
15148149 3598980 15149289 3600060
15146781 3604740 15147921 3605820
15146781 3423300 15147921 3424380
15146781 3535620 15149973 3536220
15146781 3516900 15149973 3517500
15146781 3480420 15149973 3481020
15146781 3472740 15149973 3473340
15146781 3374340 15149973 3374940
15192267 3499140 15197853 3499740
15169011 3393060 15174597 3393660
15166503 3574020 15172089 3574620
15165135 3490020 15170721 3490620
15161943 3371940 15167529 3372540
15158979 3574980 15164565 3575580
15158979 3411780 15164565 3412380
15158751 3595140 15164337 3595740
15154419 3457380 15160005 3457980
15151683 3566820 15157269 3567420
15150771 3600420 15156357 3601020
15148149 3534180 15153735 3534780
15146781 3602340 15152367 3602940
15146781 3458820 15152367 3459420
15146781 3410340 15152367 3410940
15170949 3525060 15173001 3525660
15167757 3503460 15169809 3504060
15167187 3513540 15169239 3514140
15160803 3490020 15162855 3490620
15157725 3580260 15159777 3580860
15148149 3597540 15150201 3598140
15148149 3591300 15150201 3591900
15148149 3583140 15150201 3583740
15148149 3577380 15150201 3577980
15148149 3538980 15150201 3539580
15148149 3512580 15150201 3513180
15148149 3486180 15150201 3486780
15148149 3482340 15150201 3482940
15148149 3481380 15150201 3481980
15148149 3475620 15150201 3476220
15148149 3463620 15150201 3464220
15148149 3377700 15150201 3378300
15148149 3371460 15150201 3372060
15148149 3365220 15150201 3365820
15148149 3363300 15150201 3363900
15148149 3361380 15150201 3361980
15148149 3355620 15150201 3356220
15148149 3353220 15150201 3353820
15146781 3557700 15148833 3558300
15167415 3404100 15169353 3405180
15159663 3601860 15161601 3602940
15148491 3606660 15150429 3607740
15146781 3562500 15148719 3563580
15146781 3451140 15148719 3452220
15146781 3439620 15148719 3440700
15164223 3379620 15167643 3380220
15161601 3351300 15165021 3351900
15154533 3427620 15157953 3428220
15148149 3375300 15151569 3375900
15146781 3603780 15150201 3604380
15146781 3567780 15150201 3568380
15146781 3474660 15150201 3475260
15146781 3456900 15150201 3457500
15146781 3454020 15150201 3454620
15146781 3432420 15150201 3433020
15146781 3403620 15150201 3404220
15148149 3573060 15151569 3573660
15146781 3531300 15150201 3531900
15146781 3464580 15150201 3465180
15146781 3435780 15150201 3436380
15146781 3383940 15150201 3384540
15146781 3382500 15150201 3383100
15173229 3532260 15176421 3532860
15173229 3515460 15176421 3516060
15172089 3416580 15175281 3417180
15146781 3388260 15149973 3388860
15146781 3385860 15149973 3386460
15146781 3381060 15149973 3381660
15196371 3477060 15198651 3477660
15156813 3602340 15159093 3602940
15154305 3462180 15156585 3462780
15148149 3572100 15150429 3572700
15148149 3518820 15150429 3519420
15148149 3510180 15150429 3510780
15148149 3478500 15150429 3479100
15148149 3367620 15150429 3368220
15148149 3348900 15150429 3349500
15161031 3414180 15167073 3414780
15183945 3581220 15192723 3581820
15183945 3476580 15192723 3477180
15183945 3370020 15192723 3370620
15165135 3588420 15173913 3589020
15165135 3553860 15173913 3554460
15165135 3454980 15173913 3455580
15165135 3424260 15173913 3424860
15180981 3364260 15184059 3364860
15168783 3483300 15171861 3483900
15167871 3416100 15170949 3416700
15166503 3441060 15169581 3441660
15164223 3463140 15167301 3463740
15157041 3463620 15160119 3464220
15152139 3589380 15155217 3589980
15152139 3576900 15155217 3577500
15178815 3415620 15197169 3416220
15178587 3535620 15196941 3536220
15178587 3410820 15196941 3411420
15177675 3550020 15196029 3550620
15177447 3549060 15195801 3549660
15177447 3530820 15195801 3531420
15177447 3440580 15195801 3441180
15177333 3390660 15195687 3391260
15177219 3385860 15195573 3386460
15176991 3512580 15195345 3513180
15176991 3507780 15195345 3508380
15176991 3487620 15195345 3488220
15176991 3392580 15195345 3393180
15164223 3604260 15182577 3604860
15164223 3592740 15182577 3593340
15164223 3438180 15182577 3438780
15163995 3426660 15182349 3427260
15162513 3352740 15180867 3353340
15148149 3586020 15149973 3586620
15148149 3578820 15149973 3579420
15148149 3574500 15149973 3575100
15148149 3525540 15149973 3526140
15148149 3505380 15149973 3505980
15148149 3497700 15149973 3498300
15148149 3493860 15149973 3494460
15148149 3488580 15149973 3489180
15148149 3468420 15149973 3469020
15148149 3466020 15149973 3466620
15146781 3590340 15148605 3590940
15146781 3581700 15148605 3582300
15146781 3570180 15148605 3570780
15146781 3537540 15148605 3538140
15146781 3529860 15148605 3530460
15146781 3499620 15148605 3500220
15146781 3484740 15148605 3485340
15146781 3469380 15148605 3469980
15146781 3372420 15148605 3373020
15146781 3368580 15148605 3369180
15146781 3352260 15148605 3352860
15172203 3513540 15173913 3514140
15169923 3484260 15171633 3484860
15169011 3386820 15170721 3387420
15169011 3385860 15170721 3386460
15167187 3400260 15168897 3400860
15166959 3467940 15168669 3468540
15166275 3468900 15167985 3469500
15163539 3448260 15165249 3448860
15163539 3418020 15165249 3418620
15162171 3472260 15163881 3472860
15159663 3586500 15161373 3587100
15157383 3462180 15159093 3462780
15154875 3549060 15156585 3549660
15153963 3441060 15155673 3441660
15152367 3499620 15154077 3500220
15150087 3466980 15151797 3467580
15149859 3437700 15151569 3438300
15149859 3421380 15151569 3421980
15148263 3568740 15149973 3569340
15147579 3546180 15149289 3546780
15187935 3402180 15197169 3402780
15162513 3548580 15171747 3549180
15161829 3430500 15171063 3431100
15156015 3607620 15165249 3608220
15154533 3429060 15163767 3429660
15146781 3416580 15156015 3417180
15168327 3389220 15170721 3389820
15167187 3495300 15169581 3495900
15162855 3563460 15165249 3564060
15162855 3562500 15165249 3563100
15162855 3485700 15165249 3486300
15162855 3461700 15165249 3462300
15162171 3445860 15164565 3446460
15160803 3360420 15163197 3361020
15157155 3525060 15159549 3525660
15186567 3543300 15197625 3543900
15186111 3562500 15197169 3563100
15186111 3357060 15197169 3357660
15184743 3510660 15195801 3511260
15184743 3438660 15195801 3439260
15184743 3428100 15195801 3428700
15184629 3360900 15195687 3361500
15184515 3442500 15195573 3443100
15184515 3384900 15195573 3385500
15172659 3571620 15183717 3572220
15172659 3509220 15183717 3509820
15172203 3409380 15183261 3409980
15171975 3365220 15183033 3365820
15171747 3380580 15182805 3381180
15171519 3518820 15182577 3519420
15171519 3418980 15182577 3419580
15195687 3588420 15198651 3589020
15195687 3559620 15198651 3560220
15195687 3521220 15198651 3521820
15195687 3430980 15198651 3431580
15195687 3426180 15198651 3426780
15181095 3470820 15184059 3471420
15156813 3361860 15159777 3362460
15156585 3378180 15159549 3378780
15150429 3425700 15153393 3426300
15148149 3471780 15151113 3472380
15195687 3590340 15198651 3590940
15195687 3585540 15198651 3586140
15195687 3561540 15198651 3562140
15195687 3464580 15198651 3465180
15195687 3348420 15198651 3349020
15167415 3530340 15169125 3530940
15165819 3525540 15167529 3526140
15162171 3356580 15163881 3357180
15159435 3478500 15161145 3479100
15156927 3424740 15158637 3425340
15152139 3487140 15153849 3487740
15169695 3372900 15171177 3373500
15163767 3367620 15165249 3368220
15162399 3565380 15163881 3565980
15162399 3490980 15163881 3491580
15160803 3509700 15162285 3510300
15158523 3590820 15160005 3591420
15157839 3592260 15159321 3592860
15156243 3563940 15157725 3564540
15151683 3594180 15153165 3594780
15151455 3565380 15152937 3565980
15151227 3373860 15152709 3374460
15161715 3492420 15163653 3493020
15149859 3592260 15151797 3592860
15197511 3595140 15198651 3595740
15197511 3436740 15198651 3437340
15166503 3355140 15167643 3355740
15161829 3437220 15162969 3437820
15161145 3370980 15162285 3371580
15159207 3385860 15160347 3386460
15158523 3381540 15159663 3382140
15153963 3529380 15155103 3529980
15151797 3357060 15152937 3357660
15150429 3413700 15151569 3414300
15148149 3528900 15149289 3529500
15148149 3520740 15149289 3521340
15146781 3424740 15147921 3425340
15167985 3376260 15170493 3376860
15167415 3492900 15169923 3493500
15167415 3390180 15169923 3390780
15167187 3520740 15169695 3521340
15162969 3527460 15165477 3528060
15160575 3379140 15163083 3379740
15158751 3566820 15161259 3567420
15158523 3583140 15161031 3583740
15150771 3396900 15153279 3397500
15150543 3403620 15153051 3404220
15150429 3550500 15152937 3551100
15150429 3462180 15152937 3462780
15150429 3415140 15152937 3415740
15150429 3362340 15152937 3362940
15146781 3553860 15149289 3554460
15146781 3433860 15149289 3434460
15171519 3370020 15172773 3370620
15170607 3540900 15171861 3541500
15170379 3512100 15171633 3512700
15168555 3556260 15169809 3556860
15166275 3382500 15167529 3383100
15164223 3374820 15165477 3375420
15163995 3547140 15165249 3547740
15163995 3541380 15165249 3541980
15163995 3483780 15165249 3484380
15163995 3350340 15165249 3350940
15161943 3513060 15163197 3513660
15161943 3436260 15163197 3436860
15161487 3542820 15162741 3543420
15159435 3360900 15160689 3361500
15158979 3508260 15160233 3508860
15158751 3589380 15160005 3589980
15158523 3485700 15159777 3486300
15156243 3472260 15157497 3472860
15156015 3399300 15157269 3399900
15155331 3363300 15156585 3363900
15154647 3522180 15155901 3522780
15154647 3473220 15155901 3473820
15154419 3488580 15155673 3489180
15154191 3505380 15155445 3505980
15153735 3453540 15154989 3454140
15153507 3569700 15154761 3570300
15152367 3605700 15153621 3606300
15152367 3366180 15153621 3366780
15151911 3465540 15153165 3466140
15151683 3599460 15152937 3600060
15151683 3452100 15152937 3452700
15151455 3561540 15152709 3562140
15149859 3422340 15151113 3422940
15148947 3390660 15150201 3391260
15197283 3350340 15198651 3350940
15168555 3496260 15169923 3496860
15168099 3497700 15169467 3498300
15166389 3421860 15167757 3422460
15165591 3492900 15166959 3493500
15161487 3476100 15162855 3476700
15161259 3431460 15162627 3432060
15160917 3377700 15162285 3378300
15160917 3367140 15162285 3367740
15159093 3373860 15160461 3374460
15153963 3497700 15155331 3498300
15151797 3573540 15153165 3574140
15150429 3440580 15151797 3441180
15148149 3575940 15149517 3576540
15148149 3506340 15149517 3506940
15148149 3495300 15149517 3495900
15146781 3548100 15148149 3548700
15168555 3527460 15170949 3528060
15166959 3484260 15169353 3484860
15164907 3470820 15167301 3471420
15164679 3457380 15167073 3457980
15161487 3482820 15163881 3483420
15161259 3520260 15163653 3520860
15160347 3494820 15162741 3495420
15158979 3410820 15161373 3411420
15158751 3556740 15161145 3557340
15158523 3515940 15160917 3516540
15158523 3440100 15160917 3440700
15157839 3475620 15160233 3476220
15156699 3521700 15159093 3522300
15156243 3536580 15158637 3537180
15156015 3601380 15158409 3601980
15155331 3454500 15157725 3455100
15151227 3428580 15153621 3429180
15166503 3359940 15168213 3360540
15163767 3583140 15165477 3583740
15162627 3370020 15164337 3370620
15159435 3477540 15161145 3478140
15159207 3549540 15160917 3550140
15159207 3493860 15160917 3494460
15158979 3517860 15160689 3518460
15156927 3349860 15158637 3350460
15156699 3558660 15158409 3559260
15155331 3486660 15157041 3487260
15154191 3490020 15155901 3490620
15153051 3520260 15154761 3520860
15153051 3519300 15154761 3519900
15152139 3574500 15153849 3575100
15152139 3528900 15153849 3529500
15149859 3427140 15151569 3427740
15149859 3398820 15151569 3399420
15156129 3389220 15158067 3389820
15174255 3386820 15175737 3387420
15171291 3538500 15172773 3539100
15170607 3528900 15172089 3529500
15169011 3583140 15170493 3583740
15166503 3575940 15167985 3576540
15166275 3413220 15167757 3413820
15165591 3502500 15167073 3503100
15165591 3387300 15167073 3387900
15163767 3428100 15165249 3428700
15163767 3358020 15165249 3358620
15163083 3475620 15164565 3476220
15162399 3555300 15163881 3555900
15161943 3570180 15163425 3570780
15161943 3541380 15163425 3541980
15161487 3358020 15162969 3358620
15160803 3372900 15162285 3373500
15160119 3460740 15161601 3461340
15159891 3350340 15161373 3350940
15159435 3468420 15160917 3469020
15159435 3365220 15160917 3365820
15159207 3503940 15160689 3504540
15158523 3604260 15160005 3604860
15158523 3496740 15160005 3497340
15158295 3355620 15159777 3356220
15156927 3413220 15158409 3413820
15156015 3417060 15157497 3417660
15156015 3388260 15157497 3388860
15155331 3502980 15156813 3503580
15155103 3541380 15156585 3541980
15155103 3425700 15156585 3426300
15153963 3493380 15155445 3493980
15153963 3379140 15155445 3379740
15153507 3587940 15154989 3588540
15153507 3517860 15154989 3518460
15152367 3495300 15153849 3495900
15152139 3591300 15153621 3591900
15152139 3496260 15153621 3496860
15152139 3418500 15153621 3419100
15151683 3482820 15153165 3483420
15151683 3429540 15153165 3430140
15151227 3522660 15152709 3523260
15150543 3500100 15152025 3500700
15150315 3484740 15151797 3485340
15150315 3431460 15151797 3432060
15150087 3493380 15151569 3493980
15164223 3597060 15166617 3597660
15164223 3539460 15166617 3540060
15164223 3534660 15166617 3535260
15164223 3523140 15166617 3523740
15164223 3521220 15166617 3521820
15164223 3520260 15166617 3520860
15164223 3496260 15166617 3496860
15164223 3495300 15166617 3495900
15164223 3488580 15166617 3489180
15164223 3487620 15166617 3488220
15164223 3481860 15166617 3482460
15164223 3460740 15166617 3461340
15164223 3402180 15166617 3402780
15164223 3368580 15166617 3369180
15164223 3358980 15166617 3359580
15164223 3357060 15166617 3357660
15174483 3517380 15189189 3517980
15173799 3534660 15188505 3535260
15172431 3430020 15187137 3430620
15169011 3457860 15183717 3458460
15169011 3379620 15183717 3380220
15166959 3358020 15168099 3359100
15158067 3380100 15159207 3381180
15152595 3401220 15153735 3402300
15166503 3582660 15168213 3583260
15166503 3452100 15168213 3452700
15166503 3377220 15168213 3377820
15166503 3349380 15168213 3349980
15165363 3380580 15167073 3381180
15164223 3497700 15165933 3498300
15164223 3363300 15165933 3363900
15163539 3477060 15165249 3477660
15162171 3385380 15163881 3385980
15161715 3453060 15163425 3453660
15159435 3458820 15161145 3459420
15157839 3393060 15159549 3393660
15156927 3470340 15158637 3470940
15156243 3606660 15157953 3607260
15155559 3528420 15157269 3529020
15154647 3424740 15156357 3425340
15153507 3550020 15155217 3550620
15152139 3538980 15153849 3539580
15152139 3475620 15153849 3476220
15152139 3469380 15153849 3469980
15151911 3453060 15153621 3453660
15150315 3596100 15152025 3596700
15149859 3457860 15151569 3458460
15148947 3461220 15150657 3461820
15148491 3513540 15150201 3514140
15196827 3563460 15198651 3564060
15196827 3354180 15198651 3354780
15182235 3431460 15184059 3432060
15182235 3424740 15184059 3425340
15168327 3399300 15170151 3399900
15165819 3549540 15167643 3550140
15157383 3450660 15159207 3451260
15154989 3450180 15156813 3450780
15153621 3485220 15155445 3485820
15150429 3412260 15152253 3412860
15148605 3443460 15150429 3444060
15148605 3366180 15150429 3366780
15146781 3551940 15148605 3552540
15192951 3425220 15198537 3425820
15192609 3571620 15198195 3572220
15192609 3557220 15198195 3557820
15192609 3554340 15198195 3554940
15192609 3494820 15198195 3495420
15192609 3379620 15198195 3380220
15192495 3558660 15198081 3559260
15191355 3515460 15196941 3516060
15176763 3521700 15182349 3522300
15172203 3542340 15177789 3542940
15170151 3500100 15175737 3500700
15169011 3394980 15174597 3395580
15166503 3423300 15172089 3423900
15163767 3439140 15169353 3439740
15163083 3370980 15168669 3371580
15161601 3605220 15167187 3605820
15159435 3424260 15165021 3424860
15158523 3420420 15164109 3421020
15154191 3476580 15159777 3477180
15153963 3553380 15159549 3553980
15153963 3445380 15159549 3445980
15149403 3409380 15154989 3409980
15146781 3446820 15152367 3447420
15183603 3467460 15198309 3468060
15183375 3452100 15198081 3452700
15183261 3548100 15197967 3548700
15183033 3466500 15197739 3467100
15182691 3463620 15197397 3464220
15182463 3414660 15197169 3415260
15182235 3413700 15196941 3414300
15181095 3597060 15195801 3597660
15181095 3573060 15195801 3573660
15181095 3568260 15195801 3568860
15181095 3544260 15195801 3544860
15181095 3439620 15195801 3440220
15181095 3432900 15195801 3433500
15181095 3356100 15195801 3356700
15181095 3352260 15195801 3352860
15170835 3495300 15185541 3495900
15170721 3376260 15185427 3376860
15168783 3462660 15183489 3463260
15168327 3582180 15183033 3582780
15183375 3500100 15198081 3500700
15181095 3605700 15195801 3606300
15181095 3600900 15195801 3601500
15181095 3596100 15195801 3596700
15181095 3576900 15195801 3577500
15180411 3400260 15195117 3400860
15178131 3456900 15192837 3457500
15176991 3538500 15191697 3539100
15176307 3533700 15191013 3534300
15175965 3394500 15190671 3395100
15175167 3525060 15189873 3525660
15174483 3480900 15189189 3481500
15174255 3486660 15188961 3487260
15173799 3606660 15188505 3607260
15173799 3601860 15188505 3602460
15173799 3583620 15188505 3584220
15173799 3539460 15188505 3540060
15173799 3485700 15188505 3486300
15173799 3481860 15188505 3482460
15173799 3429060 15188505 3429660
15173799 3366660 15188505 3367260
15173571 3591300 15188277 3591900
15173571 3405060 15188277 3405660
15173571 3404100 15188277 3404700
15173001 3524100 15187707 3524700
15172887 3496260 15187593 3496860
15172887 3399300 15187593 3399900
15172659 3472260 15187365 3472860
15172659 3423300 15187365 3423900
15172203 3490500 15186909 3491100
15170949 3557700 15185655 3558300
15170607 3558660 15185313 3559260
15170151 3552900 15184857 3553500
15169011 3347940 15183717 3348540
15168099 3562980 15182805 3563580
15168099 3461700 15182805 3462300
15167643 3418020 15182349 3418620
15167529 3375300 15182235 3375900
15176079 3384900 15177333 3385500
15171519 3520260 15172773 3520860
15169695 3511140 15170949 3511740
15169011 3373860 15170265 3374460
15167643 3405540 15168897 3406140
15167415 3361860 15168669 3362460
15167187 3535140 15168441 3535740
15164223 3603300 15165477 3603900
15164223 3593700 15165477 3594300
15164223 3458340 15165477 3458940
15162627 3550980 15163881 3551580
15162627 3488100 15163881 3488700
15160347 3385380 15161601 3385980
15159891 3525060 15161145 3525660
15159663 3473700 15160917 3474300
15159435 3502980 15160689 3503580
15158979 3569220 15160233 3569820
15158979 3550500 15160233 3551100
15157839 3598980 15159093 3599580
15157839 3350820 15159093 3351420
15157611 3473220 15158865 3473820
15156699 3422820 15157953 3423420
15155787 3423780 15157041 3424380
15155559 3570660 15156813 3571260
15155559 3354660 15156813 3355260
15154875 3556740 15156129 3557340
15154875 3358500 15156129 3359100
15154647 3495780 15155901 3496380
15153279 3458340 15154533 3458940
15153051 3440100 15154305 3440700
15152139 3568740 15153393 3569340
15152139 3524100 15153393 3524700
15150771 3508740 15152025 3509340
15197055 3369540 15198651 3370140
15182463 3412260 15184059 3412860
15182463 3359460 15184059 3360060
15169011 3531300 15170607 3531900
15168555 3397380 15170151 3397980
15167529 3552420 15169125 3553020
15166503 3362820 15168099 3363420
15161601 3508740 15163197 3509340
15159093 3480900 15160689 3481500
15157041 3581220 15158637 3581820
15156813 3538500 15158409 3539100
15154077 3544740 15155673 3545340
15153507 3582180 15155103 3582780
15153507 3513060 15155103 3513660
15148605 3560100 15150201 3560700
15148605 3428100 15150201 3428700
15148605 3397860 15150201 3398460
15148605 3394980 15150201 3395580
15148149 3504420 15149745 3505020
15148149 3356580 15149745 3357180
15146781 3527460 15148377 3528060
15146781 3438180 15148377 3438780
15146781 3429060 15148377 3429660
15167643 3456420 15168897 3457020
15187479 3351300 15194889 3351900
15187023 3409860 15194433 3410460
15185313 3514020 15192723 3514620
15176307 3504420 15183717 3505020
15173799 3607620 15181209 3608220
15173799 3483300 15181209 3483900
15173799 3477540 15181209 3478140
15173799 3464580 15181209 3465180
15171177 3467940 15178587 3468540
15170949 3468900 15178359 3469500
15170949 3453060 15178359 3453660
15169695 3587460 15177105 3588060
15168555 3473220 15175965 3473820
15165363 3600420 15172773 3601020
15165363 3595620 15172773 3596220
15164907 3591780 15172317 3592380
15164907 3432420 15172317 3433020
15164223 3602340 15171633 3602940
15164223 3577380 15171633 3577980
15161943 3425700 15169353 3426300
15161715 3560100 15169125 3560700
15159321 3518820 15166731 3519420
15146781 3370020 15154191 3370620
15171975 3521700 15175737 3522300
15171519 3502500 15175281 3503100
15171519 3493380 15175281 3493980
15170151 3441060 15173913 3441660
15169695 3485220 15173457 3485820
15169011 3481860 15172773 3482460
15168327 3412740 15172089 3413340
15167871 3396420 15171633 3397020
15167415 3475620 15171177 3476220
15167301 3369540 15171063 3370140
15165591 3509220 15169353 3509820
15165135 3445860 15168897 3446460
15163995 3459300 15167757 3459900
15161487 3574020 15165249 3574620
15161487 3399300 15165249 3399900
15161259 3395940 15165021 3396540
15160803 3390660 15164565 3391260
15158751 3545220 15162513 3545820
15158523 3419460 15162285 3420060
15158295 3423300 15162057 3423900
15157839 3571620 15161601 3572220
15157155 3436740 15160917 3437340
15157155 3404100 15160917 3404700
15156813 3401220 15160575 3401820
15156015 3574020 15159777 3574620
15156015 3367140 15159777 3367740
15153507 3446820 15157269 3447420
15152139 3533220 15155901 3533820
15151683 3607140 15155445 3607740
15151455 3388740 15155217 3389340
15150999 3443940 15154761 3444540
15150771 3514980 15154533 3515580
15149175 3445860 15152937 3446460
15148149 3360420 15151911 3361020
15146781 3564420 15150543 3565020
15146781 3554820 15150543 3555420
15146781 3448260 15150543 3448860
15146781 3442500 15150543 3443100
15146781 3389700 15150543 3390300
15180867 3586020 15183717 3586620
15180867 3442980 15183717 3443580
15173799 3536100 15176649 3536700
15173571 3392100 15176421 3392700
15172203 3489540 15175053 3490140
15171519 3508260 15174369 3508860
15170607 3536100 15173457 3536700
15168783 3541860 15171633 3542460
15168783 3514980 15171633 3515580
15167643 3380580 15170493 3381180
15166503 3536580 15169353 3537180
15164223 3491940 15167073 3492540
15164223 3361380 15167073 3361980
15161943 3598020 15164793 3598620
15161715 3456420 15164565 3457020
15161715 3400740 15164565 3401340
15161601 3432420 15164451 3433020
15161487 3600900 15164337 3601500
15160917 3503460 15163767 3504060
15159435 3587460 15162285 3588060
15159435 3402180 15162285 3402780
15159435 3363300 15162285 3363900
15158751 3353220 15161601 3353820
15157839 3484740 15160689 3485340
15157725 3394020 15160575 3394620
15157611 3528420 15160461 3529020
15157269 3408900 15160119 3409500
15157155 3434820 15160005 3435420
15157155 3432900 15160005 3433500
15156927 3460260 15159777 3460860
15156699 3376260 15159549 3376860
15156471 3586980 15159321 3587580
15155787 3483300 15158637 3483900
15154647 3420420 15157497 3421020
15154647 3386820 15157497 3387420
15152367 3564420 15155217 3565020
15152367 3558180 15155217 3558780
15152367 3537060 15155217 3537660
15152139 3355140 15154989 3355740
15151683 3546180 15154533 3546780
15151227 3400260 15154077 3400860
15149859 3521700 15152709 3522300
15149859 3430500 15152709 3431100
15149859 3391620 15152709 3392220
15149631 3569700 15152481 3570300
15148491 3376260 15151341 3376860
15169695 3520740 15170835 3521340
15166959 3519300 15168099 3519900
15163197 3389220 15164337 3389820
15163083 3434340 15164223 3434940
15162171 3534660 15163311 3535260
15160119 3433380 15161259 3433980
15159891 3576900 15161031 3577500
15159663 3524100 15160803 3524700
15157383 3575460 15158523 3576060
15155559 3390180 15156699 3390780
15153621 3367140 15154761 3367740
15153279 3535620 15154419 3536220
15153051 3406500 15154191 3407100
15156015 3430500 15156471 3431100
15155103 3410820 15155559 3411420
15197739 3371460 15198651 3372060
15173457 3533220 15174369 3533820
15173229 3487620 15174141 3488220
15167757 3590820 15168669 3591420
15164337 3472260 15165249 3472860
15161943 3469860 15162855 3470460
15161145 3391620 15162057 3392220
15158979 3370020 15159891 3370620
15157725 3394980 15158637 3395580
15156813 3381540 15157725 3382140
15154533 3464100 15155445 3464700
15154191 3572100 15155103 3572700
15152367 3354180 15153279 3354780
15149973 3347940 15150885 3348540
15148605 3399780 15149517 3400380
15148149 3594660 15149061 3595260
15148149 3508740 15149061 3509340
15146781 3390660 15147693 3391260
15197853 3459780 15198651 3460380
15174483 3475140 15175281 3475740
15173571 3503940 15174369 3504540
15172659 3396420 15173457 3397020
15171063 3430020 15171861 3430620
15170151 3409860 15170949 3410460
15170151 3384420 15170949 3385020
15169467 3353700 15170265 3354300
15169011 3507300 15169809 3507900
15168783 3435300 15169581 3435900
15168327 3398340 15169125 3398940
15167985 3507780 15168783 3508380
15167871 3487620 15168669 3488220
15166731 3383460 15167529 3384060
15166503 3517380 15167301 3517980
15166503 3448260 15167301 3448860
15166503 3375300 15167301 3375900
15166275 3393060 15167073 3393660
15165135 3530340 15165933 3530940
15164451 3565380 15165249 3565980
15164223 3455460 15165021 3456060
15164223 3377700 15165021 3378300
15163083 3416580 15163881 3417180
15162627 3365700 15163425 3366300
15161829 3526500 15162627 3527100
15161715 3588420 15162513 3589020
15161487 3515940 15162285 3516540
15161259 3532740 15162057 3533340
15160575 3541380 15161373 3541980
15160347 3500580 15161145 3501180
15160119 3600420 15160917 3601020
15159891 3378180 15160689 3378780
15159663 3529860 15160461 3530460
15159435 3606660 15160233 3607260
15159435 3507300 15160233 3507900
15159207 3497700 15160005 3498300
15158295 3358020 15159093 3358620
15158067 3505860 15158865 3506460
15156927 3579780 15157725 3580380
15156699 3568260 15157497 3568860
15156699 3529860 15157497 3530460
15156699 3409860 15157497 3410460
15154647 3562020 15155445 3562620
15154647 3538500 15155445 3539100
15154647 3506820 15155445 3507420
15154647 3496740 15155445 3497340
15154647 3402180 15155445 3402780
15154647 3391140 15155445 3391740
15154419 3531780 15155217 3532380
15154419 3400740 15155217 3401340
15154419 3369540 15155217 3370140
15154191 3592740 15154989 3593340
15154191 3523620 15154989 3524220
15153963 3425700 15154761 3426300
15153279 3473220 15154077 3473820
15152367 3602820 15153165 3603420
15152253 3399300 15153051 3399900
15152139 3595620 15152937 3596220
15152139 3484260 15152937 3484860
15151911 3554820 15152709 3555420
15151911 3369060 15152709 3369660
15149403 3600420 15150201 3601020
15149403 3469380 15150201 3469980
15163083 3545220 15164109 3545820
15171747 3523140 15172317 3523740
15168327 3419940 15168897 3420540
15167643 3538980 15168213 3539580
15167415 3490980 15167985 3491580
15166959 3497220 15167529 3497820
15164451 3552900 15165021 3553500
15162627 3460740 15163197 3461340
15162171 3454020 15162741 3454620
15161031 3504900 15161601 3505500
15158523 3371940 15159093 3372540
15158523 3365700 15159093 3366300
15169011 3400740 15169809 3401340
15157155 3487620 15157953 3488220
15152367 3358980 15153165 3359580
15151683 3470340 15152481 3470940
15166503 3530820 15167301 3531420
15166503 3522180 15167301 3522780
15166503 3401220 15167301 3401820
15161715 3593700 15162513 3594300
15155331 3349860 15156129 3350460
15152139 3542340 15152937 3542940
15152139 3352260 15152937 3352860
15161715 3584580 15164337 3585660
15159435 3510660 15162057 3511740
15159435 3386820 15162057 3387900
15156927 3523140 15159549 3524220
15154647 3396420 15157269 3397500
15164109 3362340 15165021 3362940
15168099 3459300 15168669 3459900
15166959 3460740 15167529 3461340
15169923 3556740 15170949 3557820
15167187 3557700 15168213 3558780
15170835 3487620 15171519 3488220
15169239 3487140 15169923 3487740
15180411 3476580 15182349 3477180
15170037 3365700 15171975 3366300
15165021 3475620 15166959 3476220
15164223 3532260 15166161 3532860
15164109 3480420 15166047 3481020
15163311 3538500 15165249 3539100
15161259 3354180 15163197 3354780
15159435 3375300 15161373 3375900
15158865 3491460 15160803 3492060
15158067 3454980 15160005 3455580
15157839 3546660 15159777 3547260
15156243 3466500 15158181 3467100
15156015 3550020 15157953 3550620
15155559 3350820 15157497 3351420
15154305 3593700 15156243 3594300
15154305 3370500 15156243 3371100
15154191 3590340 15156129 3590940
15153735 3413700 15155673 3414300
15153393 3389700 15155331 3390300
15152823 3601860 15154761 3602460
15152823 3373380 15154761 3373980
15152595 3349860 15154533 3350460
15151227 3571620 15153165 3572220
15150771 3460260 15152709 3460860
15150771 3386820 15152709 3387420
15150087 3576420 15152025 3577020
15148947 3358980 15150885 3359580
15146781 3600420 15148719 3601020
15146781 3511140 15148719 3511740
15146781 3396420 15148719 3397020
15182691 3350820 15183717 3351420
15171519 3392100 15172545 3392700
15171291 3492420 15172317 3493020
15171063 3442020 15172089 3442620
15170493 3509220 15171519 3509820
15169239 3370500 15170265 3371100
15169011 3525060 15170037 3525660
15168327 3383460 15169353 3384060
15167643 3471300 15168669 3471900
15166503 3587460 15167529 3588060
15166503 3578820 15167529 3579420
15166503 3543300 15167529 3543900
15166503 3480900 15167529 3481500
15166503 3473220 15167529 3473820
15166503 3472260 15167529 3472860
15166503 3410820 15167529 3411420
15166503 3396420 15167529 3397020
15165135 3594660 15166161 3595260
15165135 3536100 15166161 3536700
15163881 3381060 15164907 3381660
15163539 3375780 15164565 3376380
15162855 3511140 15163881 3511740
15162399 3500580 15163425 3501180
15161943 3583620 15162969 3584220
15161259 3484740 15162285 3485340
15161031 3454500 15162057 3455100
15159891 3399780 15160917 3400380
15159435 3570660 15160461 3571260
15159435 3430500 15160461 3431100
15159207 3370980 15160233 3371580
15158979 3597060 15160005 3597660
15158979 3538500 15160005 3539100
15157155 3589380 15158181 3589980
15157155 3556740 15158181 3557340
15156927 3514500 15157953 3515100
15156813 3496260 15157839 3496860
15156471 3391620 15157497 3392220
15156129 3406500 15157155 3407100
15154419 3452100 15155445 3452700
15154191 3591300 15155217 3591900
15154191 3475140 15155217 3475740
15153963 3436260 15154989 3436860
15152367 3510180 15153393 3510780
15152139 3597060 15153165 3597660
15152139 3580740 15153165 3581340
15152139 3472260 15153165 3472860
15151911 3471300 15152937 3471900
15151683 3567780 15152709 3568380
15150315 3354180 15151341 3354780
15150087 3586980 15151113 3587580
15149859 3598980 15150885 3599580
15149403 3406500 15150429 3407100
15162969 3391620 15164337 3392700
15158523 3558180 15159549 3558780
15157611 3416580 15158637 3417180
15153507 3381060 15154533 3381660
15172203 3488580 15173343 3489180
15170493 3406500 15171633 3407100
15170379 3388260 15171519 3388860
15167415 3574980 15168555 3575580
15167415 3401220 15168555 3401820
15166959 3544740 15168099 3545340
15166959 3398820 15168099 3399420
15163197 3435300 15164337 3435900
15160917 3501540 15162057 3502140
15156129 3407460 15157269 3408060
15153507 3437220 15154647 3437820
15153507 3356100 15154647 3356700
15153279 3422820 15154419 3423420
15153051 3421860 15154191 3422460
15152823 3423780 15153963 3424380
15151341 3603780 15152481 3604380
15151341 3479940 15152481 3480540
15151341 3435780 15152481 3436380
15150315 3465540 15151455 3466140
15150315 3405540 15151455 3406140
15183489 3454980 15183945 3455580
15177105 3428100 15177561 3428700
15173457 3574020 15173913 3574620
15172659 3541380 15173115 3541980
15171177 3563940 15171633 3564540
15171063 3443460 15171519 3444060
15170151 3452580 15170607 3453180
15169239 3453540 15169695 3454140
15169125 3377220 15169581 3377820
15168669 3377700 15169125 3378300
15167643 3556740 15168099 3557340
15167187 3457380 15167643 3457980
15166845 3374340 15167301 3374940
15166275 3373860 15166731 3374460
15164565 3579780 15165021 3580380
15164451 3546180 15164907 3546780
15164451 3450660 15164907 3451260
15160803 3523620 15161259 3524220
15159663 3608580 15160119 3609180
15157611 3352260 15158067 3352860
15154191 3450660 15154647 3451260
15153735 3551460 15154191 3552060
15174027 3526020 15175623 3527100
15171975 3403140 15173571 3404220
15171975 3401220 15173571 3402300
15167187 3524100 15168783 3525180
15160119 3427140 15161715 3428220
15157269 3596100 15158865 3597180
15155331 3519300 15156927 3520380
15153165 3585540 15154761 3586620
15153051 3382020 15154647 3383100
15170949 3390180 15171633 3390780
15161373 3564420 15162057 3565020
15157269 3430500 15157953 3431100
15151797 3592740 15152481 3593340
15151341 3406500 15152025 3407100
15148605 3462660 15149289 3463260
15162741 3556740 15164337 3557820
15162741 3516420 15164337 3517500
15162741 3505860 15164337 3506940
15160347 3461700 15161943 3462780
15159549 3533700 15161145 3534780
15157269 3397380 15158865 3398460
15170379 3403620 15171519 3404220
15164451 3524580 15165591 3525180
15169239 3505860 15171177 3506940
15155331 3421380 15157269 3422460
15170151 3534660 15171633 3535260
15170151 3523620 15171633 3524220
15160575 3457380 15162057 3457980
15159435 3565860 15160917 3566460
15159435 3526020 15160917 3526620
15159435 3513540 15160917 3514140
15158067 3539460 15159549 3540060
15155787 3353700 15157269 3354300
15153279 3603780 15154761 3604380
15153051 3492420 15154533 3493020
15152139 3363780 15153621 3364380
15152139 3358020 15153621 3358620
15150999 3478020 15152481 3478620
15150543 3395940 15152025 3396540
15176079 3514500 15177105 3515100
15176079 3503460 15177105 3504060
15176079 3386340 15177105 3386940
15173799 3528420 15174825 3529020
15173799 3382500 15174825 3383100
15171519 3398820 15172545 3399420
15171519 3397860 15172545 3398460
15171291 3411300 15172317 3411900
15170379 3576420 15171405 3577020
15170151 3529860 15171177 3530460
15170151 3367140 15171177 3367740
15169695 3494820 15170721 3495420
15167871 3515940 15168897 3516540
15166503 3531780 15167529 3532380
15166503 3516420 15167529 3517020
15165819 3526500 15166845 3527100
15165819 3510180 15166845 3510780
15164223 3582180 15165249 3582780
15164223 3529380 15165249 3529980
15164223 3513540 15165249 3514140
15164223 3510180 15165249 3510780
15164223 3504900 15165249 3505500
15164223 3499140 15165249 3499740
15164223 3467460 15165249 3468060
15164223 3451620 15165249 3452220
15164223 3396900 15165249 3397500
15164223 3372900 15165249 3373500
15164223 3355140 15165249 3355740
15161943 3571140 15162969 3571740
15161715 3537060 15162741 3537660
15161031 3563460 15162057 3564060
15160803 3392580 15161829 3393180
15160575 3355140 15161601 3355740
15159435 3530820 15160461 3531420
15159207 3581220 15160233 3581820
15159207 3488580 15160233 3489180
15158295 3593700 15159321 3594300
15157155 3405060 15158181 3405660
15157155 3371460 15158181 3372060
15157155 3369540 15158181 3370140
15156927 3590340 15157953 3590940
15156927 3370500 15157953 3371100
15156927 3348900 15157953 3349500
15155103 3605700 15156129 3606300
15154647 3563460 15155673 3564060
15154647 3511140 15155673 3511740
15154419 3568740 15155445 3569340
15154419 3466980 15155445 3467580
15153507 3375300 15154533 3375900
15153051 3584580 15154077 3585180
15152367 3577860 15153393 3578460
15152139 3570660 15153165 3571260
15152139 3488580 15153165 3489180
15152139 3463140 15153165 3463740
15152139 3413220 15153165 3413820
15152139 3379140 15153165 3379740
15150999 3497700 15152025 3498300
15150543 3574020 15151569 3574620
15148719 3438180 15149745 3438780
15148491 3541380 15149517 3541980
15173799 3387780 15174141 3388380
15171975 3532260 15172317 3532860
15171975 3487620 15172317 3488220
15170607 3510180 15170949 3510780
15169467 3403140 15169809 3403740
15163995 3589380 15164337 3589980
15162285 3394500 15162627 3395100
15161715 3591300 15162057 3591900
15161715 3468420 15162057 3469020
15161715 3459780 15162057 3460380
15159207 3575940 15159549 3576540
15158751 3424260 15159093 3424860
15156243 3525060 15156585 3525660
15155901 3508260 15156243 3508860
15155787 3391620 15156129 3392220
15153279 3596100 15153621 3596700
15152595 3402660 15152937 3403260
15152367 3420900 15152709 3421500
15152139 3520260 15152481 3520860
15152139 3481380 15152481 3481980
15150315 3436260 15150657 3436860
15175623 3526020 15176421 3526620
15171519 3496260 15172317 3496860
15169011 3491460 15169809 3492060
15167871 3523140 15168669 3523740
15156015 3539940 15156813 3540540
15176535 3502020 15178701 3503100
15171747 3517380 15173913 3518460
15169467 3532740 15171633 3533820
15169239 3522180 15171405 3523260
15166959 3589380 15169125 3590460
15166959 3546180 15169125 3547260
15166959 3485700 15169125 3486780
15166959 3367620 15169125 3368700
15162171 3535620 15164337 3536700
15162171 3525060 15164337 3526140
15162171 3478020 15164337 3479100
15159663 3522180 15161829 3523260
15159663 3499140 15161829 3500220
15157383 3599940 15159549 3601020
15157383 3533700 15159549 3534780
15157383 3501060 15159549 3502140
15157383 3481860 15159549 3482940
15157383 3347460 15159549 3348540
15155103 3559620 15157269 3560700
15155103 3364740 15157269 3365820
15155103 3357060 15157269 3358140
15154875 3598980 15157041 3600060
15154875 3543300 15157041 3544380
15154875 3414660 15157041 3415740
15152595 3503940 15154761 3505020
15152595 3347460 15154761 3348540
15150315 3585540 15152481 3586620
15150315 3505860 15152481 3506940
15150315 3501060 15152481 3502140
15150087 3558660 15152253 3559740
15150087 3502980 15152253 3504060
15150087 3372420 15152253 3373500
15170151 3402660 15171405 3403260
15164223 3507300 15165477 3507900
15160575 3512100 15161829 3512700
15158295 3359940 15159549 3360540
15157155 3368580 15158409 3369180
15155787 3352740 15157041 3353340
15150543 3381540 15151797 3382140
15168555 3526020 15170151 3527100
15160347 3551940 15161943 3553020
15155217 3581700 15156813 3582780
15153165 3351300 15154761 3352380
15170493 3570660 15170721 3571260
15167415 3373380 15167643 3373980
15163653 3410820 15163881 3411420
15158295 3406980 15158523 3407580
15154989 3406500 15155217 3407100
15149061 3509220 15149289 3509820
15171291 3501540 15171747 3502140
15161601 3487620 15162057 3488220
15158067 3545700 15158523 3546300
15155787 3436740 15156243 3437340
15153279 3424740 15153735 3425340
15152709 3538020 15153165 3538620
15162171 3454980 15162855 3456060
15157155 3591300 15157839 3592380
15152139 3382980 15152823 3384060
15150429 3566340 15151113 3567420
15170379 3477540 15171405 3478140
15169923 3407460 15170949 3408060
15169239 3479940 15170265 3480540
15167187 3511140 15168213 3511740
15166959 3366180 15167985 3366780
15164451 3537060 15165477 3537660
15164451 3531300 15165477 3531900
15164451 3511140 15165477 3511740
15164451 3378660 15165477 3379260
15163083 3533700 15164109 3534300
15162171 3589380 15163197 3589980
15162171 3473700 15163197 3474300
15162171 3470820 15163197 3471420
15161031 3581700 15162057 3582300
15160575 3380100 15161601 3380700
15160347 3366180 15161373 3366780
15158295 3541860 15159321 3542460
15158295 3492900 15159321 3493500
15158067 3509700 15159093 3510300
15157839 3486660 15158865 3487260
15156243 3372900 15157269 3373500
15156015 3360900 15157041 3361500
15155787 3587940 15156813 3588540
15155559 3395460 15156585 3396060
15154875 3408420 15155901 3409020
15154875 3366180 15155901 3366780
15153735 3534660 15154761 3535260
15153735 3502980 15154761 3503580
15153735 3352740 15154761 3353340
15153507 3580740 15154533 3581340
15153507 3357060 15154533 3357660
15153279 3501540 15154305 3502140
15153279 3500580 15154305 3501180
15153051 3532260 15154077 3532860
15153051 3481380 15154077 3481980
15153051 3474180 15154077 3474780
15152823 3572580 15153849 3573180
15151455 3562500 15152481 3563100
15151455 3455460 15152481 3456060
15151227 3384420 15152253 3385020
15150771 3392580 15151797 3393180
15176307 3531300 15177105 3531900
15176307 3511140 15177105 3511740
15172887 3483780 15173685 3484380
15171519 3399780 15172317 3400380
15170607 3516900 15171405 3517500
15169011 3371460 15169809 3372060
15169011 3355140 15169809 3355740
15166047 3493860 15166845 3494460
15164907 3501540 15165705 3502140
15164907 3366180 15165705 3366780
15164223 3405540 15165021 3406140
15163311 3451140 15164109 3451740
15161259 3465060 15162057 3465660
15159435 3542820 15160233 3543420
15159435 3389220 15160233 3389820
15158751 3500100 15159549 3500700
15158295 3537540 15159093 3538140
15158295 3455940 15159093 3456540
15158067 3532260 15158865 3532860
15157839 3490500 15158637 3491100
15157611 3605700 15158409 3606300
15156471 3597540 15157269 3598140
15156471 3572580 15157269 3573180
15156015 3509700 15156813 3510300
15155103 3507780 15155901 3508380
15154647 3360420 15155445 3361020
15153963 3487620 15154761 3488220
15153963 3380100 15154761 3380700
15153279 3397860 15154077 3398460
15151683 3581700 15152481 3582300
15151683 3393540 15152481 3394140
15150087 3562020 15150885 3562620
15150087 3407460 15150885 3408060
15149859 3387300 15150657 3387900
15173343 3397380 15174939 3398460
15172089 3529860 15173685 3530940
15171861 3526980 15173457 3528060
15170037 3488580 15171633 3489660
15169125 3519300 15170721 3520380
15168555 3550980 15170151 3552060
15168555 3363780 15170151 3364860
15168555 3358020 15170151 3359100
15167301 3474180 15168897 3475260
15166845 3550980 15168441 3552060
15162627 3578820 15164223 3579900
15162627 3572100 15164223 3573180
15162399 3551940 15163995 3553020
15160347 3358980 15161943 3360060
15160119 3598980 15161715 3600060
15159663 3505860 15161259 3506940
15158979 3405060 15160575 3406140
15158979 3395460 15160575 3396540
15157953 3540420 15159549 3541500
15157839 3526980 15159435 3528060
15157839 3512580 15159435 3513660
15157839 3495300 15159435 3496380
15157611 3426180 15159207 3427260
15157611 3421380 15159207 3422460
15156699 3551940 15158295 3553020
15155673 3505860 15157269 3506940
15155673 3503940 15157269 3505020
15155673 3499140 15157269 3500220
15155559 3480900 15157155 3481980
15155331 3585540 15156927 3586620
15155103 3375300 15156699 3376380
15154989 3469380 15156585 3470460
15154989 3455940 15156585 3457020
15154875 3403140 15156471 3404220
15154191 3525060 15155787 3526140
15154191 3508740 15155787 3509820
15153165 3478980 15154761 3480060
15153165 3358980 15154761 3360060
15153051 3376260 15154647 3377340
15153051 3371460 15154647 3372540
15152823 3405060 15154419 3406140
15152709 3392580 15154305 3393660
15152481 3432900 15154077 3433980
15150543 3402180 15152139 3403260
15170835 3400740 15171861 3401340
15156471 3507300 15157497 3507900
15155331 3376740 15156357 3377340
15154875 3397860 15155901 3398460
15152823 3364740 15153849 3365340
15151911 3531780 15152937 3532380
15149175 3542340 15150201 3542940
15177219 3499140 15177789 3499740
15173799 3476100 15174369 3476700
15171519 3543300 15172089 3543900
15171519 3497700 15172089 3498300
15169923 3508260 15170493 3508860
15169695 3470820 15170265 3471420
15169467 3478980 15170037 3479580
15169011 3498660 15169581 3499260
15164451 3492900 15165021 3493500
15164223 3571620 15164793 3572220
15164223 3522180 15164793 3522780
15164223 3359940 15164793 3360540
15163767 3542340 15164337 3542940
15162171 3604260 15162741 3604860
15161943 3578340 15162513 3578940
15161943 3533700 15162513 3534300
15161943 3531300 15162513 3531900
15161943 3352260 15162513 3352860
15161487 3590340 15162057 3590940
15161259 3539460 15161829 3540060
15161259 3382020 15161829 3382620
15160575 3496260 15161145 3496860
15160575 3425700 15161145 3426300
15159435 3537540 15160005 3538140
15158523 3480420 15159093 3481020
15158067 3489060 15158637 3489660
15158067 3468900 15158637 3469500
15157839 3584580 15158409 3585180
15157611 3598020 15158181 3598620
15157383 3403140 15157953 3403740
15157155 3532740 15157725 3533340
15157155 3498180 15157725 3498780
15157155 3456420 15157725 3457020
15157155 3431460 15157725 3432060
15157155 3395460 15157725 3396060
15157155 3380580 15157725 3381180
15157155 3356100 15157725 3356700
15156699 3575940 15157269 3576540
15156471 3561540 15157041 3562140
15156471 3416100 15157041 3416700
15155559 3575940 15156129 3576540
15155559 3561060 15156129 3561660
15155103 3510180 15155673 3510780
15155103 3478500 15155673 3479100
15155103 3465060 15155673 3465660
15154875 3602820 15155445 3603420
15154875 3479940 15155445 3480540
15154647 3398820 15155217 3399420
15152595 3505380 15153165 3505980
15152367 3385860 15152937 3386460
15150771 3479940 15151341 3480540
15150543 3564900 15151113 3565500
15149859 3425220 15150429 3425820
15149859 3402660 15150429 3403260
15149403 3393060 15149973 3393660
15147807 3461700 15148377 3462300
15147579 3552900 15148149 3553500
15175623 3388740 15176193 3389340
15175167 3387780 15175737 3388380
15170379 3518340 15170949 3518940
15170151 3547140 15170721 3547740
15167643 3501060 15168213 3501660
15167187 3518340 15167757 3518940
15167187 3479940 15167757 3480540
15161487 3538500 15162057 3539100
15161031 3575940 15161601 3576540
15160347 3542340 15160917 3542940
15160119 3575940 15160689 3576540
15159891 3357060 15160461 3357660
15159663 3596100 15160233 3596700
15158979 3407940 15159549 3408540
15157383 3406020 15157953 3406620
15156699 3358980 15157269 3359580
15156471 3604260 15157041 3604860
15155331 3534660 15155901 3535260
15154875 3468420 15155445 3469020
15154191 3541380 15154761 3541980
15153963 3403140 15154533 3403740
15153279 3368580 15153849 3369180
15153051 3592260 15153621 3592860
15152595 3380100 15153165 3380700
15151911 3512580 15152481 3513180
15151911 3478980 15152481 3479580
15151911 3466500 15152481 3467100
15171063 3513540 15172203 3514140
15160917 3573060 15162057 3573660
15198081 3401220 15198651 3402300
15176079 3499140 15176649 3500220
15175395 3390660 15175965 3391740
15174711 3412740 15175281 3413820
15168669 3517380 15169239 3518460
15163995 3500100 15164565 3501180
15161943 3383940 15162513 3385020
15161715 3485700 15162285 3486780
15155559 3453060 15156129 3454140
15152367 3367620 15152937 3368700
15190899 3532740 15198651 3533340
15190899 3508740 15198651 3509340
15190899 3504900 15198651 3505500
15190899 3503940 15198651 3504540
15190899 3449220 15198651 3449820
15190899 3393540 15198651 3394140
15176307 3388260 15184059 3388860
15176307 3387300 15184059 3387900
15183945 3587940 15192723 3589500
15183945 3569700 15192723 3571260
15183945 3563940 15192723 3565500
15183945 3520740 15192723 3522300
15183945 3483300 15192723 3484860
15183945 3478500 15192723 3480060
15183945 3458340 15192723 3459900
15183945 3381540 15192723 3383100
15183945 3347940 15192723 3349500
15298401 3347940 15334995 3378300
15196257 3487140 15198651 3488700
15196257 3482340 15198651 3483900
15196257 3380580 15198651 3382140
15146781 3569220 15148263 3569820
15146781 3541860 15148263 3542460
15146781 3540900 15148263 3541500
15146781 3507780 15148263 3508380
15146781 3491460 15148263 3492060
15146781 3487620 15148263 3488220
15146781 3358980 15148263 3359580
15146781 3350340 15148263 3350940
15227493 3562980 15242085 3593340
15227493 3532260 15242085 3562620
15227493 3501540 15242085 3531900
15227493 3470820 15242085 3501180
15227493 3440100 15242085 3470460
15227493 3409380 15242085 3439740
15227493 3378660 15242085 3409020
15227493 3593700 15242085 3608700
15195687 3598980 15197625 3600540
15169923 3405060 15172203 3405660
15150429 3553380 15152709 3553980
15148149 3536580 15150429 3537180
15161145 3458340 15163653 3458940
15149859 3433380 15152367 3433980
15146781 3422340 15149289 3422940
15146781 3420900 15149289 3421500
15146781 3406980 15149289 3407580
15154533 3594660 15158637 3595260
15146781 3470820 15150885 3471420
15198423 3605700 15198651 3607260
15198423 3600900 15198651 3602460
15198423 3596100 15198651 3597660
15198423 3592260 15198651 3593820
15198423 3583620 15198651 3585180
15198423 3572100 15198651 3573660
15198423 3509700 15198651 3511260
15198423 3450180 15198651 3451740
15198423 3437700 15198651 3439260
15198423 3432900 15198651 3434460
15198423 3428100 15198651 3429660
15198081 3577380 15198651 3578940
15198081 3575460 15198651 3577020
15198081 3514980 15198651 3516540
15198081 3513060 15198651 3514620
15198081 3474660 15198651 3476220
15198081 3455460 15198651 3457020
15198081 3442980 15198651 3444540
15198081 3441060 15198651 3442620
15198081 3394980 15198651 3396540
15198081 3366180 15198651 3367740
15198081 3364260 15198651 3365820
15198081 3361380 15198651 3362940
15198081 3359460 15198651 3361020
15198081 3351780 15198651 3353340
15173799 3444420 15197625 3445020
15196257 3489060 15198651 3489660
15196257 3484260 15198651 3484860
15196257 3479460 15198651 3480060
15164223 3503460 15166617 3504060
15163083 3388260 15165477 3388860
15154419 3393540 15156813 3394140
15175965 3540420 15197967 3541020
15175851 3475140 15197853 3475740
15175851 3416580 15197853 3417180
15175395 3578820 15197397 3579420
15173799 3406020 15195801 3406620
15161943 3561060 15183945 3561660
15183945 3589860 15192723 3590460
15183945 3585060 15192723 3585660
15183945 3397860 15192723 3398460
15183945 3349860 15192723 3350460
15464157 3443460 15466209 3444060
15464157 3436740 15466209 3437340
15183375 3562020 15185427 3562620
15183375 3514980 15185427 3515580
15169467 3391620 15170835 3392220
15164223 3494340 15165249 3494940
15161943 3462660 15162969 3463260
15161259 3376260 15162285 3376860
15160575 3577860 15161601 3578460
15159891 3471300 15160917 3471900
15159435 3426180 15160461 3426780
15157383 3396420 15158409 3397020
15197967 3522180 15198651 3522780
15197967 3493380 15198651 3493980
15197967 3372420 15198651 3373020
15183375 3546660 15184059 3547260
15183375 3492900 15184059 3493500
15183375 3372900 15184059 3373500
15172545 3526020 15173229 3526620
15171405 3387300 15172089 3387900
15168441 3533700 15169125 3534300
15166503 3390660 15167187 3391260
15164109 3416580 15164793 3417180
15163995 3580740 15164679 3581340
15162741 3426660 15163425 3427260
15162627 3586980 15163311 3587580
15162627 3547620 15163311 3548220
15161601 3374820 15162285 3375420
15159207 3398820 15159891 3399420
15156813 3490980 15157497 3491580
15153621 3395460 15154305 3396060
15150543 3603780 15151227 3604380
15149517 3514980 15150201 3515580
15147693 3587940 15148377 3588540
15164451 3478020 15165249 3478620
15241971 3347940 15256677 3378300
15148149 3580740 15150201 3581340
15148149 3532740 15150201 3533340
15148149 3526500 15150201 3527100
15148149 3515940 15150201 3516540
15148149 3496260 15150201 3496860
15148149 3490500 15150201 3491100
15148149 3483780 15150201 3484380
15467463 3443460 15468261 3444060
15467463 3436740 15468261 3437340
15149061 3588900 15149859 3589500
15466779 3443460 15467007 3444060
15466779 3436740 15467007 3437340
15198423 3505860 15198651 3506460
15183831 3505380 15184059 3505980
15183831 3446820 15184059 3447420
15183831 3425700 15184059 3426300
15183831 3384420 15184059 3385020
15183831 3361380 15184059 3361980
15183831 3360420 15184059 3361020
15173799 3428100 15174027 3428700
15169923 3398340 15170151 3398940
15167529 3374340 15167757 3374940
15166617 3466980 15166845 3467580
15165021 3578820 15165249 3579420
15162399 3459300 15162627 3459900
15162057 3386340 15162285 3386940
15160347 3598020 15160575 3598620
15159777 3593220 15160005 3593820
15156357 3410820 15156585 3411420
15155331 3368100 15155559 3368700
15153051 3561540 15153279 3562140
15149745 3587460 15149973 3588060
15148149 3498660 15148377 3499260
15172659 3406980 15198309 3407580
15172545 3506820 15198195 3507420
15172203 3498180 15197853 3498780
15171063 3550980 15196713 3551580
15170379 3355140 15196029 3355740
15169695 3445380 15195345 3445980
15296691 3609060 15298515 3609660
15164793 3586500 15166617 3587100
15164793 3551940 15166617 3552540
15164793 3434820 15166617 3435420
15198195 3523140 15198651 3523740
15198195 3518340 15198651 3518940
15198195 3517380 15198651 3517980
15198195 3495300 15198651 3495900
15198195 3405060 15198651 3405660
15198195 3404100 15198651 3404700
15198195 3385860 15198651 3386460
15198195 3384900 15198651 3385500
15198195 3383940 15198651 3384540
15183603 3603300 15184059 3603900
15183603 3580260 15184059 3580860
15183603 3560100 15184059 3560700
15183603 3378660 15184059 3379260
15183603 3358500 15184059 3359100
15169809 3377220 15170265 3377820
15168783 3452580 15169239 3453180
15167529 3381540 15167985 3382140
15167301 3376260 15167757 3376860
15166503 3581700 15166959 3582300
15166503 3486660 15166959 3487260
15161829 3529860 15162285 3530460
15159891 3536580 15160347 3537180
15159321 3514500 15159777 3515100
15158409 3388260 15158865 3388860
15157041 3511620 15157497 3512220
15157041 3488580 15157497 3489180
15155901 3418020 15156357 3418620
15154533 3477540 15154989 3478140
15152823 3360420 15153279 3361020
15151341 3554340 15151797 3554940
15149061 3586980 15149517 3587580
15146781 3455460 15151455 3456060
15188391 3574020 15197625 3574620
15188391 3560580 15197625 3561180
15336021 3443460 15440559 3444060
15336021 3436740 15440559 3437340
15192609 3373860 15198195 3374460
15192153 3387780 15197739 3388380
15192039 3388740 15197625 3389340
15159435 3406980 15165021 3407580
15241971 3609060 15271269 3609660
15165135 3598020 15166617 3599580
15165135 3584580 15166617 3586140
15165135 3556740 15166617 3558300
15165135 3415620 15166617 3417180
15164223 3398340 15166617 3398940
15238437 3609060 15240375 3609660
15196485 3468420 15198423 3469020
15195573 3427140 15197511 3427740
15195573 3363780 15197511 3364380
15195573 3358020 15197511 3358620
15195459 3589380 15197397 3589980
15195459 3359940 15197397 3360540
15195345 3604740 15197283 3605340
15195003 3458820 15196941 3459420
15166503 3478980 15168441 3479580
15166503 3449220 15168441 3449820
15166503 3378180 15168441 3378780
15161487 3479460 15163425 3480060
15159435 3568260 15161373 3568860
15157155 3474180 15159093 3474780
15154191 3494340 15156129 3494940
15151683 3464580 15153621 3465180
15146781 3523620 15148719 3524220
15146781 3514980 15148719 3515580
15183489 3427620 15184059 3428220
15173799 3512580 15174369 3513180
15173343 3486660 15173913 3487260
15171519 3539940 15172089 3540540
15170151 3572100 15170721 3572700
15168099 3579300 15168669 3579900
15167871 3462660 15168441 3463260
15167415 3397380 15167985 3397980
15166959 3469860 15167529 3470460
15166503 3535620 15167073 3536220
15166503 3533700 15167073 3534300
15166503 3507780 15167073 3508380
15166503 3354180 15167073 3354780
15164679 3386820 15165249 3387420
15163767 3599940 15164337 3600540
15162627 3439140 15163197 3439740
15161715 3514020 15162285 3514620
15161487 3565380 15162057 3565980
15161487 3548100 15162057 3548700
15159435 3384900 15160005 3385500
15158979 3598020 15159549 3598620
15156927 3582660 15157497 3583260
15156927 3494340 15157497 3494940
15156927 3440580 15157497 3441180
15156927 3438180 15157497 3438780
15156699 3584580 15157269 3585180
15155559 3380100 15156129 3380700
15154647 3474180 15155217 3474780
15154191 3364260 15154761 3364860
15153051 3412260 15153621 3412860
15152709 3540900 15153279 3541500
15152367 3456420 15152937 3457020
15152139 3474180 15152709 3474780
15151455 3389700 15152025 3390300
15164907 3589380 15166617 3589980
15164907 3580740 15166617 3581340
15164907 3572100 15166617 3572700
15164907 3555780 15166617 3556380
15164907 3550980 15166617 3551580
15164907 3484740 15166617 3485340
15164907 3474180 15166617 3474780
15164907 3466500 15166617 3467100
15164907 3454020 15166617 3454620
15164907 3442500 15166617 3443100
15164907 3389700 15166617 3390300
15164907 3376260 15166617 3376860
15164907 3369540 15166617 3370140
15198309 3580740 15198651 3581340
15198309 3557700 15198651 3558300
15198309 3550020 15198651 3550620
15198309 3453060 15198651 3453660
15198309 3368580 15198651 3369180
15198309 3355140 15198651 3355740
15198309 3349380 15198651 3349980
15183717 3468900 15184059 3469500
15174255 3540900 15174597 3541500
15173799 3569220 15174141 3569820
15170835 3526020 15171177 3526620
15170151 3425220 15170493 3425820
15169239 3501540 15169581 3502140
15168783 3567780 15169125 3568380
15167187 3409380 15167529 3409980
15166503 3574980 15166845 3575580
15166503 3545220 15166845 3545820
15166503 3397380 15166845 3397980
15164223 3486660 15164565 3487260
15162513 3582180 15162855 3582780
15161943 3576900 15162285 3577500
15161943 3528900 15162285 3529500
15161943 3505380 15162285 3505980
15161943 3493380 15162285 3493980
15161829 3477060 15162171 3477660
15161373 3446820 15161715 3447420
15160803 3502500 15161145 3503100
15160347 3367140 15160689 3367740
15159435 3535140 15159777 3535740
15159207 3498660 15159549 3499260
15156927 3495300 15157269 3495900
15154419 3501060 15154761 3501660
15153507 3411300 15153849 3411900
15149859 3529380 15150201 3529980
15149859 3358020 15150201 3358620
15182463 3448740 15183489 3449340
15163767 3470340 15164793 3470940
15156471 3512580 15157497 3513180
15156357 3517380 15157383 3517980
15156243 3518340 15157269 3518940
15155559 3498180 15156585 3498780
15148947 3419940 15149973 3420540
15146781 3466980 15147807 3467580
15186795 3582660 15197853 3583260
15146781 3449220 15157839 3449820
15183945 3477540 15185427 3478140
15165135 3571140 15166617 3571740
15165135 3554820 15166617 3555420
15165135 3455940 15166617 3456540
15165135 3450180 15166617 3450780
15165135 3443460 15166617 3444060
15165135 3406020 15166617 3406620
15194775 3399300 15198537 3399900
15194319 3502020 15198081 3502620
15194091 3490500 15197853 3491100
15193863 3542340 15197625 3542940
15163995 3365220 15167757 3365820
15163311 3512100 15167073 3512700
15160917 3373860 15164679 3374460
15159435 3450660 15163197 3451260
15152139 3431940 15155901 3432540
15152139 3417540 15155901 3418140
15151227 3516900 15154989 3517500
15150999 3348900 15154761 3349500
15148149 3473700 15151911 3474300
15146781 3539940 15150543 3540540
15146781 3519780 15150543 3520380
15176307 3537540 15191013 3538140
15169239 3450180 15183945 3450780
15166617 3594660 15181323 3595260
15190101 3408900 15197511 3409500
15189759 3365700 15197169 3366300
15188391 3509700 15195801 3510300
15176079 3519780 15183489 3520380
15175623 3520740 15183033 3521340
15175623 3382500 15183033 3383100
15175053 3598500 15182463 3599100
15171063 3425700 15178473 3426300
15171063 3361380 15178473 3361980
15170835 3358500 15178245 3359100
15170379 3349860 15177789 3350460
15169695 3565860 15177105 3566460
15167757 3550020 15175167 3550620
15163995 3433380 15171405 3433980
