15227493 3562980 15336135 3593820
15227493 3501540 15336135 3532380
15227493 3440100 15336135 3470940
15227493 3378660 15336135 3409500
15192609 3605220 15198651 3607740
15192609 3600420 15198651 3602940
15192609 3595620 15198651 3598140
15192609 3586020 15198651 3588540
15192609 3566820 15198651 3569340
15192609 3547620 15198651 3550140
15192609 3542820 15198651 3545340
15192609 3528420 15198651 3530940
15192609 3509220 15198651 3511740
15192609 3499620 15198651 3502140
15192609 3490020 15198651 3492540
15192609 3470820 15198651 3473340
15192609 3466020 15198651 3468540
15192609 3451620 15198651 3454140
15192609 3432420 15198651 3434940
15192609 3418020 15198651 3420540
15192609 3403620 15198651 3406140
15192609 3384420 15198651 3386940
15192609 3355620 15198651 3358140
15192609 3588900 15198651 3590460
15192609 3560100 15198651 3561660
15192609 3555300 15198651 3556860
15192609 3550500 15198651 3552060
15192609 3521700 15198651 3523260
15192609 3516900 15198651 3518460
15192609 3512100 15198651 3513660
15192609 3492900 15198651 3494460
15192609 3473700 15198651 3475260
15192609 3459300 15198651 3460860
15192609 3454500 15198651 3456060
15192609 3444900 15198651 3446460
15192609 3420900 15198651 3422460
15192609 3387300 15198651 3388860
15192609 3377700 15198651 3379260
15192609 3368100 15198651 3369660
15192609 3363300 15198651 3364860
15192609 3358500 15198651 3360060
15192609 3348900 15198651 3350460
15170151 3467940 15171291 3468540
15169923 3468900 15171063 3469500
15164223 3468900 15166389 3469500
15195687 3592260 15198537 3593820
15195687 3583620 15198537 3585180
15195687 3576900 15198537 3578460
15195687 3552900 15198537 3554460
15195687 3437700 15198537 3439260
15195687 3428100 15198537 3429660
15166503 3538500 15169353 3540060
15153963 3552900 15156813 3554460
15173457 3528900 15175281 3529500
15168213 3393540 15170037 3394140
15161373 3428100 15163197 3428700
15156813 3496740 15158637 3497340
15156357 3516420 15158181 3517020
15150429 3487140 15152253 3487740
15148149 3579780 15149973 3580380
15148149 3526980 15149973 3527580
15148149 3521700 15149973 3522300
15148149 3514500 15149973 3515100
15148149 3502020 15149973 3502620
15148149 3479940 15149973 3480540
15148149 3374820 15149973 3375420
15148149 3357540 15149973 3358140
15148149 3352740 15149973 3353340
15146781 3552420 15148605 3553020
15146781 3390180 15148605 3390780
15146781 3592740 15148263 3595740
15146781 3586980 15148263 3589980
15146781 3532260 15148263 3535260
15146781 3528420 15148263 3531420
15146781 3515940 15148263 3518940
15146781 3495780 15148263 3498780
15146781 3488100 15148263 3491100
15146781 3471780 15148263 3474780
15146781 3467940 15148263 3470940
15146781 3370980 15148263 3373980
15146781 3365220 15148263 3368220
15183945 3592740 15192723 3595260
15183945 3582180 15192723 3584700
15183945 3578340 15192723 3580860
15183945 3572580 15192723 3575100
15183945 3538980 15192723 3541500
15183945 3534180 15192723 3536700
15183945 3524580 15192723 3527100
15183945 3505380 15192723 3507900
15183945 3495780 15192723 3498300
15183945 3462180 15192723 3464700
15183945 3447780 15192723 3450300
15183945 3438180 15192723 3440700
15183945 3428580 15192723 3431100
15183945 3409380 15192723 3411900
15183945 3399780 15192723 3402300
15183945 3394980 15192723 3397500
15183945 3351780 15192723 3354300
15183945 3575460 15192723 3577020
15183945 3537060 15192723 3538620
15183945 3426660 15192723 3428220
15183945 3412260 15192723 3413820
15183945 3393060 15192723 3394620
15183945 3373860 15192723 3375420
15192609 3608100 15198651 3609660
15192609 3603300 15198651 3604860
15192609 3598500 15198651 3600060
15192609 3569700 15198651 3571260
15192609 3563940 15198651 3565500
15192609 3545700 15198651 3547260
15192609 3531300 15198651 3532860
15192609 3502500 15198651 3504060
15192609 3468900 15198651 3470460
15192609 3435300 15198651 3436860
15192609 3416100 15198651 3417660
15192609 3406500 15198651 3408060
15192609 3391140 15198651 3392700
15192609 3488100 15196371 3489660
15192609 3483300 15196371 3484860
15192609 3478500 15196371 3480060
15192609 3381540 15196371 3383100
15146781 3553380 15150543 3554940
15191583 3519300 15198651 3519900
15191583 3514500 15198651 3515100
15176991 3587940 15184059 3588540
15176991 3567780 15184059 3568380
15176991 3565860 15184059 3566460
15176991 3531300 15184059 3531900
15176991 3522660 15184059 3523260
15176991 3511140 15184059 3511740
15176991 3503460 15184059 3504060
15176991 3494820 15184059 3495420
15176991 3454500 15184059 3455100
15176991 3445860 15184059 3446460
15146781 3597540 15148263 3599580
15146781 3577380 15148263 3579420
15146781 3573540 15148263 3575580
15146781 3569700 15148263 3571740
15146781 3537060 15148263 3539100
15146781 3509220 15148263 3511260
15146781 3504420 15148263 3506460
15146781 3492900 15148263 3494940
15146781 3476580 15148263 3478620
15146781 3464100 15148263 3466140
15146781 3375780 15148263 3377820
15146781 3359460 15148263 3361500
15146781 3347940 15148263 3349980
15192609 3558180 15198651 3559740
15192609 3485220 15198651 3486780
15192609 3480420 15198651 3481980
15192609 3457380 15198651 3458940
15183603 3591780 15192723 3592380
15183603 3590820 15192723 3591420
15183603 3571620 15192723 3572220
15183603 3562980 15192723 3563580
15183603 3557220 15192723 3557820
15183603 3504420 15192723 3505020
15183603 3442980 15192723 3443580
15183603 3442020 15192723 3442620
15183603 3423780 15192723 3424380
15183603 3408420 15192723 3409020
15183603 3379620 15192723 3380220
15183603 3370980 15192723 3371580
15183603 3350820 15192723 3351420
15192609 3475620 15198195 3477180
15192609 3389220 15198195 3390780
15192609 3371940 15198195 3373500
15192609 3365220 15198195 3366780
15192609 3360420 15198195 3361980
15178359 3360420 15183945 3361980
15156015 3443940 15156471 3444540
15146781 3583140 15148263 3584220
15146781 3525540 15148263 3526620
15146781 3522660 15148263 3523740
15146781 3512100 15148263 3513180
15146781 3486180 15148263 3487260
15146781 3482340 15148263 3483420
15146781 3369060 15148263 3370140
15146781 3354660 15148263 3355740
15146781 3350820 15148263 3351900
15334881 3411780 15468375 3427260
15334881 3604740 15468375 3608700
15334881 3434820 15468375 3436860
15334881 3409860 15468375 3410940
15334881 3347940 15468375 3348540
15166959 3459780 15167985 3460380
15192609 3565860 15198651 3566460
15192609 3541860 15198651 3542460
15192609 3465060 15198651 3465660
15192609 3450660 15198651 3451260
15192609 3431460 15198651 3432060
15192609 3402660 15198651 3403260
15192609 3354660 15198651 3355260
15166845 3492420 15167529 3493500
15164451 3578820 15165135 3579900
15163767 3472260 15164451 3473340
15160347 3377220 15161031 3378300
15160347 3373380 15161031 3374460
15165135 3467940 15165819 3468540
15165135 3563460 15167073 3564060
15165135 3541380 15167073 3541980
15165135 3528900 15167073 3529500
15165135 3527940 15167073 3528540
15165135 3508740 15167073 3509340
15165135 3504900 15167073 3505500
15165135 3502020 15167073 3502620
15165135 3497220 15167073 3497820
15165135 3485700 15167073 3486300
15165135 3477060 15167073 3477660
15165135 3456900 15167073 3457500
15165135 3451140 15167073 3451740
15165135 3413700 15167073 3414300
15165135 3403140 15167073 3403740
15165135 3394500 15167073 3395100
15165135 3387780 15167073 3388380
15165135 3386820 15167073 3387420
15165135 3384900 15167073 3385500
15165135 3380100 15167073 3380700
15165135 3367620 15167073 3368220
15165135 3360900 15167073 3361500
15165135 3358020 15167073 3358620
15170151 3515940 15170835 3516540
15168555 3500580 15169239 3501180
15170493 3571140 15171633 3571740
15170493 3562500 15171633 3563100
15167415 3466500 15168555 3467100
15165591 3466980 15166731 3467580
15168327 3490980 15168897 3491580
15168327 3462660 15168897 3463260
15162627 3567780 15163197 3568380
15157383 3364260 15157953 3364860
15169581 3461220 15176991 3461820
15172203 3392580 15172773 3393180
15167415 3396420 15167985 3397020
15166047 3458340 15166617 3458940
15163767 3410820 15164337 3411420
15158979 3424260 15159549 3424860
15156015 3391620 15156585 3392220
15155787 3377220 15156357 3377820
15167643 3512100 15168441 3512700
15167187 3537060 15167985 3537660
15167187 3487620 15167985 3488220
15167187 3349860 15167985 3350460
15166959 3489540 15167757 3490140
15162399 3383460 15163197 3384060
15161031 3382980 15161829 3383580
15152595 3424740 15153393 3425340
15149631 3428580 15150429 3429180
15148947 3438660 15149745 3439260
15148263 3429060 15149061 3429660
15167187 3522660 15168441 3523260
15153051 3539460 15153849 3540060
15150999 3456900 15151797 3457500
15176421 3418500 15177105 3419100
15171633 3582660 15172317 3583260
15169923 3474180 15170607 3474780
15167871 3521220 15168555 3521820
15164451 3570660 15165135 3571260
15164451 3475620 15165135 3476220
15163311 3570180 15163995 3570780
15163311 3463620 15163995 3464220
15163083 3575460 15163767 3576060
15156699 3376740 15157383 3377340
15153507 3412260 15154191 3412860
15168783 3557700 15170037 3558300
15166503 3548100 15167757 3548700
15159435 3551460 15160689 3552060
15159207 3552420 15160461 3553020
15156927 3380100 15158181 3380700
15154647 3389220 15155901 3389820
15154419 3378660 15155673 3379260
15152367 3490020 15153621 3490620
15152367 3435300 15153621 3435900
15152139 3529380 15153393 3529980
15152139 3513540 15153393 3514140
15152139 3370500 15153393 3371100
15151455 3408900 15152709 3409500
15149859 3605220 15151113 3605820
15166047 3594660 15166731 3595260
15162399 3549060 15163083 3549660
15169923 3539940 15171633 3540540
15169923 3392580 15171633 3393180
15162171 3388740 15163881 3389340
15160119 3519300 15161829 3519900
15157383 3601860 15159093 3602460
15154875 3594180 15156585 3594780
15153051 3502020 15154761 3502620
15153051 3491460 15154761 3492060
15152823 3531780 15154533 3532380
15152595 3596580 15154305 3597180
15152595 3525060 15154305 3525660
15152595 3458820 15154305 3459420
15150771 3602820 15152481 3603420
15150771 3564420 15152481 3565020
15150771 3517380 15152481 3517980
15150543 3387780 15152253 3388380
15163197 3547620 15164337 3548220
15174255 3530820 15176421 3533820
15174255 3510660 15176421 3513660
15174027 3492420 15176193 3495420
15171747 3480900 15173913 3483900
15171747 3475140 15173913 3478140
15169239 3408900 15171405 3411900
15162171 3597060 15164337 3600060
15162171 3592260 15164337 3595260
15162171 3519300 15164337 3522300
15162171 3513540 15164337 3516540
15162171 3497220 15164337 3500220
15162171 3493380 15164337 3496380
15162171 3396420 15164337 3399420
15162171 3372420 15164337 3375420
15162171 3366660 15164337 3369660
15162171 3360900 15164337 3363900
15162171 3355140 15164337 3358140
15159663 3490500 15161829 3493500
15159663 3483780 15161829 3486780
15157383 3576900 15159549 3579900
15157383 3568260 15159549 3571260
15157383 3382980 15159549 3385980
15157383 3375300 15159549 3378300
15157383 3360900 15159549 3363900
15155103 3589380 15157269 3592380
15155103 3369540 15157269 3372540
15152595 3384900 15154761 3387900
15150315 3365700 15152481 3368700
15150087 3595140 15152253 3598140
15150087 3589380 15152253 3592380
15150087 3580740 15152253 3583740
15150087 3576900 15152253 3579900
15150087 3568260 15152253 3571260
15150087 3532740 15152253 3535740
15150087 3524100 15152253 3527100
15150087 3488580 15152253 3491580
15150087 3481860 15152253 3484860
15150087 3467460 15152253 3470460
15150087 3415620 15152253 3418620
15150087 3410820 15152253 3413820
15150087 3377220 15152253 3380220
15150087 3360900 15152253 3363900
15150087 3351300 15152253 3354300
15147807 3563460 15149973 3566460
15147807 3455940 15149973 3458940
15147807 3432900 15149973 3435900
15147807 3421380 15149973 3424380
15147807 3386820 15149973 3389820
15147807 3382980 15149973 3385980
15173799 3535140 15175737 3535740
15168327 3402660 15170265 3403260
15161259 3378660 15163197 3379260
15159891 3595620 15161829 3596220
15159207 3562500 15161145 3563100
15157155 3508260 15159093 3508860
15155331 3557700 15157269 3558300
15154419 3466500 15156357 3467100
15152367 3480420 15154305 3481020
15152139 3538500 15154077 3539100
15152139 3530820 15154077 3531420
15151683 3543300 15153621 3543900
15149859 3561060 15151797 3561660
15171519 3389220 15173685 3389820
15171291 3522180 15173457 3522780
15171291 3490020 15173457 3490620
15169011 3476100 15171177 3476700
15168783 3405540 15170949 3406140
15166503 3496260 15168669 3496860
15163311 3479460 15165477 3480060
15162171 3524580 15164337 3525180
15161943 3487140 15164109 3487740
15161715 3453540 15163881 3454140
15161031 3580740 15163197 3581340
15161031 3527940 15163197 3528540
15159207 3541860 15161373 3542460
15159207 3431460 15161373 3432060
15158523 3349860 15160689 3350460
15157155 3575940 15159321 3576540
15157155 3503940 15159321 3504540
15153963 3574980 15156129 3575580
15153735 3565860 15155901 3566460
15153735 3483300 15155901 3483900
15152367 3457380 15154533 3457980
15151911 3497700 15154077 3498300
15179385 3555300 15184059 3555900
15168099 3447780 15172773 3448380
15167643 3351300 15172317 3351900
15166503 3482820 15171177 3483420
15166503 3443460 15171177 3444060
15166503 3430020 15171177 3430620
15165135 3559140 15169809 3559740
15164223 3435300 15168897 3435900
15158523 3416580 15163197 3417180
15157839 3543780 15162513 3544380
15155787 3430020 15160461 3430620
15155787 3366180 15160461 3366780
15153735 3406980 15158409 3407580
15173799 3394500 15174597 3395100
15171519 3515460 15172317 3516060
15171519 3488580 15172317 3489180
15169923 3478980 15170721 3479580
15162399 3545220 15163197 3545820
15161943 3590340 15162741 3590940
15161943 3457380 15162741 3457980
15159435 3458340 15160233 3458940
15157155 3513540 15157953 3514140
15157155 3428580 15157953 3429180
15156927 3561060 15157725 3561660
15156699 3582180 15157497 3582780
15155331 3539940 15156129 3540540
15155103 3373380 15155901 3373980
15154419 3410820 15155217 3411420
15154191 3500580 15154989 3501180
15152367 3533700 15153165 3534300
15152367 3406500 15153165 3407100
15152139 3496740 15152937 3497340
15149631 3390180 15150429 3390780
15173799 3508740 15176421 3509340
15168555 3513060 15171177 3513660
15167415 3531780 15170037 3532380
15167415 3386340 15170037 3386940
15166503 3510660 15169125 3511260
15166503 3383940 15169125 3384540
15166503 3357060 15169125 3357660
15160119 3586980 15162741 3587580
15159435 3523140 15162057 3523740
15159207 3400740 15161829 3401340
15158979 3603780 15161601 3604380
15153051 3570660 15155673 3571260
15152139 3462660 15154761 3463260
15149859 3472740 15152481 3473340
15175965 3538500 15177105 3539100
15175965 3537060 15177105 3537660
15173457 3393540 15174597 3394140
15172545 3503940 15173685 3504540
15170037 3550980 15171177 3551580
15170037 3361380 15171177 3361980
15164109 3585540 15165249 3586140
15163881 3507780 15165021 3508380
15161601 3488100 15162741 3488700
15160461 3358020 15161601 3358620
15157041 3580740 15158181 3581340
15157041 3398820 15158181 3399420
15156813 3571620 15157953 3572220
15156813 3490500 15157953 3491100
15156813 3484740 15157953 3485340
15150429 3544260 15151569 3544860
15173799 3418500 15175965 3419100
15172203 3420900 15174369 3421500
15169011 3507780 15171177 3508380
15169011 3499140 15171177 3499740
15167985 3398820 15170151 3399420
15167643 3555780 15169809 3556380
15166503 3446340 15168669 3446940
15166503 3370500 15168669 3371100
15166503 3365700 15168669 3366300
15166503 3363780 15168669 3364380
15165363 3490980 15167529 3491580
15165135 3584100 15167301 3584700
15165135 3566820 15167301 3567420
15165135 3558180 15167301 3558780
15164907 3534180 15167073 3534780
15162399 3552900 15164565 3553500
15162399 3531300 15164565 3531900
15161487 3448260 15163653 3448860
15160575 3480420 15162741 3481020
15160119 3548580 15162285 3549180
15160119 3525540 15162285 3526140
15160119 3438180 15162285 3438780
15159435 3558180 15161601 3558780
15158979 3449700 15161145 3450300
15158523 3378660 15160689 3379260
15158295 3359460 15160461 3360060
15156927 3407940 15159093 3408540
15156699 3534660 15158865 3535260
15155331 3501540 15157497 3502140
15153279 3440580 15155445 3441180
15153051 3584100 15155217 3584700
15153051 3428100 15155217 3428700
15150543 3548580 15152709 3549180
15177219 3362820 15178245 3363900
15176535 3440580 15177561 3441660
15172431 3511620 15173457 3512700
15164223 3529860 15165249 3530940
15164223 3406020 15165249 3407100
15161943 3563460 15162969 3564540
15159435 3354180 15160461 3355260
15157155 3505860 15158181 3506940
15155331 3606660 15156357 3607740
15154875 3596100 15155901 3597180
15152595 3547140 15153621 3548220
15152367 3603780 15153393 3604860
15152367 3553860 15153393 3554940
15151227 3593220 15152253 3594300
15150771 3547140 15151797 3548220
15150543 3444420 15151569 3445500
15150087 3562500 15151113 3563580
15150087 3451140 15151113 3452220
15150087 3441540 15151113 3442620
15148947 3600900 15149973 3601980
15174939 3489540 15175851 3490140
15170151 3573540 15171063 3574140
15170151 3511620 15171063 3512220
15170151 3453060 15171063 3453660
15169239 3427140 15170151 3427740
15168783 3459780 15169695 3460380
15167643 3554340 15168555 3554940
15166503 3580740 15167415 3581340
15166503 3376260 15167415 3376860
15166503 3369540 15167415 3370140
15166503 3348420 15167415 3349020
15161943 3566820 15162855 3567420
15161943 3410820 15162855 3411420
15161031 3476580 15161943 3477180
15160575 3446820 15161487 3447420
15160575 3368100 15161487 3368700
15160119 3503460 15161031 3504060
15173343 3365700 15174597 3366780
15171291 3381060 15172545 3382140
15170607 3517380 15171861 3518460
15169011 3485700 15170265 3486780
15169011 3384900 15170265 3385980
15169011 3362820 15170265 3363900
15161943 3555780 15163197 3556860
15160119 3569220 15161373 3570300
15158751 3440580 15160005 3441660
15158523 3547140 15159777 3548220
15156699 3442500 15157953 3443580
15153963 3481860 15155217 3482940
15153963 3432900 15155217 3433980
15152139 3441540 15153393 3442620
15151455 3551940 15152709 3553020
15150087 3453060 15151341 3454140
15148719 3548100 15149973 3549180
15175623 3386820 15176421 3387420
15173115 3387780 15173913 3388380
15171519 3394500 15172317 3395100
15170835 3474180 15171633 3474780
15170835 3407940 15171633 3408540
15170835 3387780 15171633 3388380
15170607 3477060 15171405 3477660
15168327 3497220 15169125 3497820
15168327 3388740 15169125 3389340
15167871 3397380 15168669 3397980
15164223 3589380 15165021 3589980
15164223 3480900 15165021 3481500
15163539 3596100 15164337 3596700
15163539 3534180 15164337 3534780
15163539 3526980 15164337 3527580
15163539 3502980 15164337 3503580
15163539 3492420 15164337 3493020
15163311 3483780 15164109 3484380
15161943 3591300 15162741 3591900
15161943 3468420 15162741 3469020
15161943 3459780 15162741 3460380
15161943 3454500 15162741 3455100
15161259 3576900 15162057 3577500
15161259 3387780 15162057 3388380
15160803 3496740 15161601 3497340
15160803 3482820 15161601 3483420
15160347 3600900 15161145 3601500
15160347 3576420 15161145 3577020
15160347 3566340 15161145 3566940
15159435 3575940 15160233 3576540
15159435 3520260 15160233 3520860
15159435 3478020 15160233 3478620
15158751 3493380 15159549 3493980
15158067 3589380 15158865 3589980
15158067 3566820 15158865 3567420
15157383 3565860 15158181 3566460
15157383 3471780 15158181 3472380
15157155 3602820 15157953 3603420
15157155 3584580 15157953 3585180
15157155 3460740 15157953 3461340
15156471 3525060 15157269 3525660
15156471 3373380 15157269 3373980
15156243 3595140 15157041 3595740
15156243 3470340 15157041 3470940
15156015 3575940 15156813 3576540
15155787 3588420 15156585 3589020
15155103 3587460 15155901 3588060
15154875 3575940 15155673 3576540
15154647 3521220 15155445 3521820
15154647 3503940 15155445 3504540
15154647 3490500 15155445 3491100
15153963 3579780 15154761 3580380
15153735 3516420 15154533 3517020
15153735 3495300 15154533 3495900
15153507 3591300 15154305 3591900
15153507 3590340 15154305 3590940
15153507 3526020 15154305 3526620
15153507 3494340 15154305 3494940
15153507 3475140 15154305 3475740
15153051 3587460 15153849 3588060
15153051 3353700 15153849 3354300
15152823 3582660 15153621 3583260
15152823 3581700 15153621 3582300
15152823 3565380 15153621 3565980
15152367 3540420 15153165 3541020
15152367 3520260 15153165 3520860
15152367 3514500 15153165 3515100
15152367 3481380 15153165 3481980
15151683 3605220 15152481 3605820
15151683 3572100 15152481 3572700
15151683 3426180 15152481 3426780
15151455 3478500 15152253 3479100
15151227 3471300 15152025 3471900
15150999 3455940 15151797 3456540
15150543 3513060 15151341 3513660
15150543 3385860 15151341 3386460
15149859 3466020 15150657 3466620
15149175 3509220 15149973 3509820
15173115 3519300 15174141 3520380
15172431 3514500 15173457 3515580
15170835 3485700 15171861 3486780
15169011 3528900 15170037 3529980
15169011 3367620 15170037 3368700
15168783 3390660 15169809 3391740
15168783 3349380 15169809 3350460
15168555 3381060 15169581 3382140
15168327 3421380 15169353 3422460
15168099 3587460 15169125 3588540
15167643 3451140 15168669 3452220
15162627 3407940 15163653 3409020
15161943 3404100 15162969 3405180
15161829 3540420 15162855 3541500
15161829 3358980 15162855 3360060
15161145 3505860 15162171 3506940
15160575 3445380 15161601 3446460
15160575 3440580 15161601 3441660
15159435 3540420 15160461 3541500
15159321 3555780 15160347 3556860
15156699 3510660 15157725 3511740
15154647 3511620 15155673 3512700
15154419 3426180 15155445 3427260
15154191 3392580 15155217 3393660
15152139 3600900 15153165 3601980
15152139 3419460 15153165 3420540
15152139 3371460 15153165 3372540
15150087 3527940 15151113 3529020
15149859 3551940 15150885 3553020
15148491 3453060 15149517 3454140
15172431 3464580 15173229 3465660
15171063 3372420 15171861 3373500
15170379 3503940 15171177 3505020
15170379 3380100 15171177 3381180
15169011 3503940 15169809 3505020
15162627 3350340 15163425 3351420
15161943 3578820 15162741 3579900
15161943 3569220 15162741 3570300
15161487 3601860 15162285 3602940
15161487 3353220 15162285 3354300
15159435 3487620 15160233 3488700
15159207 3592260 15160005 3593340
15158979 3453060 15159777 3454140
15158751 3397380 15159549 3398460
15158295 3558660 15159093 3559740
15157155 3547140 15157953 3548220
15157155 3351300 15157953 3352380
15156927 3598020 15157725 3599100
15156699 3457860 15157497 3458940
15156699 3433860 15157497 3434940
15156699 3354180 15157497 3355260
15155331 3452100 15156129 3453180
15155331 3442500 15156129 3443580
15154647 3604740 15155445 3605820
15154647 3585540 15155445 3586620
15154647 3487620 15155445 3488700
15154647 3467460 15155445 3468540
15154647 3361860 15155445 3362940
15154419 3547140 15155217 3548220
15154419 3419460 15155217 3420540
15154419 3375300 15155217 3376380
15154419 3364740 15155217 3365820
15154419 3357060 15155217 3358140
15154191 3554820 15154989 3555900
15152367 3560580 15153165 3561660
15150999 3556740 15151797 3557820
15150087 3498180 15150885 3499260
15169239 3438660 15169581 3439740
15168327 3550980 15168669 3552060
15164223 3568260 15164565 3569340
15163995 3555780 15164337 3556860
15157155 3559620 15157497 3560700
15157155 3461700 15157497 3462780
15156927 3543300 15157269 3544380
15155103 3562500 15155445 3563580
15155103 3401220 15155445 3402300
15154647 3567300 15154989 3568380
15154647 3459780 15154989 3460860
15154647 3348420 15154989 3349500
15152367 3556740 15152709 3557820
15152367 3430980 15152709 3432060
15150087 3607620 15150429 3608700
15150087 3505860 15150429 3506940
15150087 3501060 15150429 3502140
15149859 3543300 15150201 3544380
15149631 3594180 15149973 3595260
15149631 3500100 15149973 3501180
15148263 3445380 15148605 3446460
15180525 3461220 15184059 3461820
15180525 3453540 15184059 3454140
15170607 3385860 15174141 3386460
15168099 3543300 15171633 3543900
15166503 3464580 15170037 3465180
15166275 3372900 15169809 3373500
15163995 3350820 15167529 3351420
15161715 3605700 15165249 3606300
15161715 3455940 15165249 3456540
15161715 3444420 15165249 3445020
15161715 3439620 15165249 3440220
15161715 3382020 15165249 3382620
15158979 3554820 15162513 3555420
15158067 3455460 15161601 3456060
15156927 3606180 15160461 3606780
15155103 3548580 15158637 3549180
15154419 3399780 15157953 3400380
15172887 3525060 15174825 3525660
15172659 3538500 15174597 3539100
15171975 3536580 15173913 3537180
15170607 3505380 15172545 3505980
15169467 3501540 15171405 3502140
15163311 3532740 15165249 3533340
15163311 3518340 15165249 3518940
15163311 3512580 15165249 3513180
15163311 3371460 15165249 3372060
15163311 3365700 15165249 3366300
15162627 3600420 15164565 3601020
15162627 3542820 15164565 3543420
15162171 3390180 15164109 3390780
15161031 3502500 15162969 3503100
15160803 3550980 15162741 3551580
15160803 3526980 15162741 3527580
15160347 3481860 15162285 3482460
15159663 3355620 15161601 3356220
15158523 3583620 15160461 3584220
15158523 3573540 15160461 3574140
15158067 3564900 15160005 3565500
15157839 3473700 15159777 3474300
15156243 3603780 15158181 3604380
15156243 3468900 15158181 3469500
15155787 3473220 15157725 3473820
15155559 3544740 15157497 3545340
15155559 3387300 15157497 3387900
15155559 3359940 15157497 3360540
15153735 3484260 15155673 3484860
15153279 3510180 15155217 3510780
15153051 3602820 15154989 3603420
15153051 3517380 15154989 3517980
15152595 3369540 15154533 3370140
15151227 3407460 15153165 3408060
15151227 3376260 15153165 3376860
15150543 3461220 15152481 3461820
15150087 3384900 15152025 3385500
15171519 3399300 15173001 3399900
15170835 3495780 15172317 3496380
15168783 3454020 15170265 3454620
15161259 3370020 15162741 3370620
15159435 3347940 15160917 3348540
15156927 3355620 15158409 3356220
15156699 3435300 15158181 3435900
15155331 3504900 15156813 3505500
15154647 3367140 15156129 3367740
15153279 3402180 15154761 3402780
15153051 3508260 15154533 3508860
15153051 3383940 15154533 3384540
15150543 3523140 15152025 3523740
15150543 3500580 15152025 3501180
15148491 3533700 15149973 3534300
15148491 3477060 15149973 3477660
15163083 3464580 15165249 3465180
15151911 3403140 15154077 3403740
15150771 3598980 15152937 3599580
15173343 3527460 15174597 3528060
15162627 3430020 15163881 3430620
15161487 3561540 15162741 3562140
15161487 3460740 15162741 3461340
15161259 3507780 15162513 3508380
15161031 3385860 15162285 3386460
15159663 3399300 15160917 3399900
15156243 3600420 15157497 3601020
15153051 3541380 15154305 3541980
15151911 3429060 15153165 3429660
15151911 3382500 15153165 3383100
15150087 3560100 15151341 3560700
15170835 3384420 15175053 3385020
15167187 3530820 15171405 3531420
15159891 3466980 15164109 3467580
15158751 3475140 15162969 3475740
15157611 3515460 15161829 3516060
15156471 3425700 15160689 3426300
15156243 3530340 15160461 3530940
15149403 3536100 15153621 3536700
15169467 3400260 15171861 3400860
15164907 3377700 15167301 3378300
15163311 3522660 15165705 3523260
15157611 3563460 15160005 3564060
15157611 3464100 15160005 3464700
15150087 3383940 15152481 3384540
15148035 3431460 15150429 3432060
15166503 3468420 15167757 3469020
15156699 3521220 15157953 3521820
15156471 3410820 15157725 3411420
15167415 3545700 15170037 3546300
15166503 3445380 15169125 3445980
15164223 3389220 15166845 3389820
15161943 3446820 15164565 3447420
15161943 3394020 15164565 3394620
15159435 3596580 15162057 3597180
15159435 3407940 15162057 3408540
15157839 3388740 15160461 3389340
15154875 3549540 15157497 3550140
15154191 3476100 15156813 3476700
15150315 3550020 15152937 3550620
15171747 3513060 15172773 3513660
15171291 3395460 15172317 3396060
15171063 3365220 15172089 3365820
15170607 3357060 15171633 3357660
15170151 3370500 15171177 3371100
15169239 3348420 15170265 3349020
15168783 3389700 15169809 3390300
15168555 3579300 15169581 3579900
15168555 3512100 15169581 3512700
15167415 3382500 15168441 3383100
15164451 3454500 15165477 3455100
15164451 3407460 15165477 3408060
15163311 3460740 15164337 3461340
15159891 3468900 15160917 3469500
15159891 3384900 15160917 3385500
15157611 3381540 15158637 3382140
15157383 3438660 15158409 3439260
15156243 3388740 15157269 3389340
15154875 3384420 15155901 3385020
15153507 3418500 15154533 3419100
15152823 3452100 15153849 3452700
15152595 3373860 15153621 3374460
15152595 3356100 15153621 3356700
15152139 3607620 15153165 3608220
15152139 3448260 15153165 3448860
15151455 3436740 15152481 3437340
15150771 3393540 15151797 3394140
15149403 3443940 15150429 3444540
15166503 3506820 15171177 3507420
15166503 3475140 15171177 3475740
15158067 3371460 15162741 3372060
15152139 3558660 15156813 3559260
15149859 3400740 15154533 3401340
15146781 3604260 15151455 3604860
15171177 3390660 15172089 3391740
15168327 3535620 15169239 3536700
15159321 3604740 15160233 3605820
15159321 3427140 15160233 3428220
15159321 3351300 15160233 3352380
15156585 3481860 15157497 3482940
15156471 3596100 15157383 3597180
15152367 3585540 15153279 3586620
15152253 3433860 15153165 3434940
15148605 3439620 15149517 3440700
15148149 3500100 15149061 3501180
15148149 3491460 15149061 3492540
15146781 3556740 15147693 3557820
15166503 3542340 15169353 3542940
15163995 3587940 15166845 3588540
15161715 3536580 15164565 3537180
15158751 3590340 15161601 3590940
15154647 3390660 15157497 3391260
15152367 3465060 15155217 3465660
15149859 3401700 15152709 3402300
15148149 3585060 15150999 3585660
15177447 3456900 15178245 3457980
15176763 3388740 15177561 3389820
15176535 3499140 15177333 3500220
15175167 3475140 15175965 3476220
15175167 3416580 15175965 3417660
15175167 3412740 15175965 3413820
15174939 3382980 15175737 3384060
15174711 3420420 15175509 3421500
15173343 3396420 15174141 3397500
15172887 3591300 15173685 3592380
15172659 3369540 15173457 3370620
15172431 3404100 15173229 3405180
15171975 3441540 15172773 3442620
15171975 3423300 15172773 3424380
15171975 3406980 15172773 3408060
15171747 3430020 15172545 3431100
15171063 3526980 15171861 3528060
15170835 3415620 15171633 3416700
15170607 3367620 15171405 3368700
15170379 3582660 15171177 3583740
15170379 3425220 15171177 3426300
15170151 3353220 15170949 3354300
15169923 3480900 15170721 3481980
15169923 3421380 15170721 3422460
15169467 3552900 15170265 3553980
15169467 3495300 15170265 3496380
15169467 3440580 15170265 3441660
15169467 3434820 15170265 3435900
15169011 3567300 15169809 3568380
15168555 3487620 15169353 3488700
15168327 3449220 15169125 3450300
15168099 3514500 15168897 3515580
15167871 3575940 15168669 3577020
15167643 3412740 15168441 3413820
15167415 3578820 15168213 3579900
15167415 3562500 15168213 3563580
15167415 3469380 15168213 3470460
15167415 3410820 15168213 3411900
15167415 3408900 15168213 3409980
15167187 3604740 15167985 3605820
15167187 3564420 15167985 3565500
15167187 3462660 15167985 3463740
15167187 3448260 15167985 3449340
15166959 3552900 15167757 3553980
15166959 3535620 15167757 3536700
15166959 3471300 15167757 3472380
15166959 3417540 15167757 3418620
15166959 3354180 15167757 3355260
15166731 3574980 15167529 3576060
15166731 3521220 15167529 3522300
15166731 3404100 15167529 3405180
15166731 3397380 15167529 3398460
15166731 3361860 15167529 3362940
15164451 3596100 15165249 3597180
15164451 3500100 15165249 3501180
15164451 3486660 15165249 3487740
15164451 3482820 15165249 3483900
15164451 3445380 15165249 3446460
15164223 3420420 15165021 3421500
15164223 3382980 15165021 3384060
15163767 3565380 15164565 3566460
15163767 3510660 15164565 3511740
15163767 3384900 15164565 3385980
15163311 3541380 15164109 3542460
15163311 3426180 15164109 3427260
15163083 3470340 15163881 3471420
15162855 3419460 15163653 3420540
15162399 3588420 15163197 3589500
15162399 3491460 15163197 3492540
15162171 3485700 15162969 3486780
15162171 3461700 15162969 3462780
15162171 3440580 15162969 3441660
15161943 3511620 15162741 3512700
15161259 3425220 15162057 3426300
15161259 3398340 15162057 3399420
15161259 3383940 15162057 3385020
15161031 3495300 15161829 3496380
15161031 3347460 15161829 3348540
15160803 3488580 15161601 3489660
15160575 3395460 15161373 3396540
15160575 3363780 15161373 3364860
15159891 3537540 15160689 3538620
15159891 3496260 15160689 3497340
15159435 3498180 15160233 3499260
15158295 3412740 15159093 3413820
15158295 3395460 15159093 3396540
15158067 3556740 15158865 3557820
15157611 3423300 15158409 3424380
15157383 3488580 15158181 3489660
15157383 3452100 15158181 3453180
15157383 3440580 15158181 3441660
15157155 3495300 15157953 3496380
15157155 3486660 15157953 3487740
15156699 3450180 15157497 3451260
15156243 3424260 15157041 3425340
15156243 3417540 15157041 3418620
15156243 3412740 15157041 3413820
15156243 3363780 15157041 3364860
15156243 3349380 15157041 3350460
15154875 3527940 15155673 3529020
15154647 3569220 15155445 3570300
15154191 3607620 15154989 3608700
15153963 3473220 15154761 3474300
15153279 3445380 15154077 3446460
15153051 3549060 15153849 3550140
15153051 3502980 15153849 3504060
15153051 3413700 15153849 3414780
15152823 3367620 15153621 3368700
15152823 3357060 15153621 3358140
15152595 3500100 15153393 3501180
15152367 3351300 15153165 3352380
15151911 3451140 15152709 3452220
15151911 3349380 15152709 3350460
15151455 3574020 15152253 3575100
15151455 3457860 15152253 3458940
15151227 3554820 15152025 3555900
15150999 3606660 15151797 3607740
15150999 3566340 15151797 3567420
15150771 3542340 15151569 3543420
15150771 3502020 15151569 3503100
15150771 3347460 15151569 3348540
15150315 3478020 15151113 3479100
15150087 3599940 15150885 3601020
15150087 3514500 15150885 3515580
15150087 3396420 15150885 3397500
15149859 3574020 15150657 3575100
15149859 3381060 15150657 3382140
15149403 3586500 15150201 3587580
15149403 3368580 15150201 3369660
15149175 3598980 15149973 3600060
15149175 3589380 15149973 3590460
15149175 3494340 15149973 3495420
15148947 3569220 15149745 3570300
15148947 3487620 15149745 3488700
15148719 3408900 15149517 3409980
15148263 3498180 15149061 3499260
15148263 3419460 15149061 3420540
15148263 3417540 15149061 3418620
15148263 3358980 15149061 3360060
15147807 3606660 15148605 3607740
15147807 3438660 15148605 3439740
15146895 3568260 15147693 3569340
15172545 3499140 15174141 3500220
15148605 3545220 15150201 3546300
15146781 3600900 15148377 3601980
15172659 3541860 15183717 3542460
15172545 3507300 15183603 3507900
15172431 3588900 15183489 3589500
15172431 3372900 15183489 3373500
15172203 3574500 15183261 3575100
15172203 3472740 15183261 3473340
15172203 3411300 15183261 3411900
15171975 3497700 15183033 3498300
15171975 3487140 15183033 3487740
15171519 3602340 15182577 3602940
15171519 3545700 15182577 3546300
15171519 3506340 15182577 3506940
15171519 3484260 15182577 3484860
15171291 3575460 15182349 3576060
15171291 3556260 15182349 3556860
15171291 3496740 15182349 3497340
15170151 3439140 15181209 3439740
15170151 3373860 15181209 3374460
15170037 3364260 15181095 3364860
15146781 3459780 15149973 3460860
15146781 3436740 15149973 3437820
15146781 3430020 15149973 3431100
15146781 3427140 15149973 3428220
15146781 3404100 15149973 3405180
15146781 3398340 15149973 3399420
15146781 3395460 15149973 3396540
15146781 3391620 15149973 3392700
15180753 3529380 15184059 3529980
15180753 3403620 15184059 3404220
15168555 3523140 15171861 3523740
15164223 3399780 15167529 3400380
15163767 3544740 15167073 3545340
15161943 3443460 15165249 3444060
15161943 3436740 15165249 3437340
15161943 3423300 15165249 3423900
15159435 3501060 15162741 3501660
15158979 3535620 15162285 3536220
15158067 3411300 15161373 3411900
15151455 3398820 15154761 3399420
15167643 3403620 15169353 3404220
15167415 3525540 15169125 3526140
15159207 3476100 15160917 3476700
15170949 3401220 15172089 3402300
15161601 3572100 15162741 3573180
15158865 3390660 15160005 3391740
15156813 3604740 15157953 3605820
15154647 3351300 15155787 3352380
15151683 3454020 15152823 3455100
15150429 3447300 15151569 3448380
15146781 3602820 15147921 3603900
15146781 3453060 15147921 3454140
15146781 3418500 15147921 3419580
15146781 3596100 15149973 3596700
15146781 3581220 15149973 3581820
15146781 3524580 15149973 3525180
15146781 3484260 15149973 3484860
15146781 3475140 15149973 3475740
15168441 3534180 15174027 3534780
15158979 3550020 15164565 3550620
15156813 3585540 15162399 3586140
15154191 3524100 15159777 3524700
15152367 3518820 15157953 3519420
15148149 3485220 15153735 3485820
15146781 3356100 15152367 3356700
15182007 3581220 15184059 3581820
15182007 3528420 15184059 3529020
15182007 3455460 15184059 3456060
15160575 3432900 15162627 3433500
15157725 3608580 15159777 3609180
15148149 3541860 15150201 3542460
15148149 3520260 15150201 3520860
15146781 3452100 15148833 3452700
15170607 3519300 15172545 3520380
15160461 3465540 15162399 3466620
15146781 3559620 15148719 3560700
15146781 3547140 15148719 3548220
15146781 3462660 15148719 3463740
15146781 3443460 15148719 3444540
15146781 3441540 15148719 3442620
15146781 3415620 15148719 3416700
15146781 3412740 15148719 3413820
15146781 3410820 15148719 3411900
15195231 3447300 15198651 3447900
15180639 3490020 15184059 3490620
15180639 3422820 15184059 3423420
15180639 3370020 15184059 3370620
15168669 3524100 15172089 3524700
15195231 3507780 15198651 3508380
15195231 3448260 15198651 3448860
15167301 3387780 15170721 3388380
15161601 3604740 15165021 3605340
15154077 3551460 15157497 3552060
15148149 3572580 15151569 3573180
15148149 3508260 15151569 3508860
15146781 3507300 15150201 3507900
15146781 3407460 15150201 3408060
15195459 3591300 15198651 3591900
15195459 3442500 15198651 3443100
15180867 3515940 15184059 3516540
15180867 3369060 15184059 3369660
15161601 3509220 15164793 3509820
15160461 3405540 15163653 3406140
15152139 3492900 15155331 3493500
15148149 3540420 15151341 3541020
15146781 3425220 15149973 3425820
15146781 3414180 15149973 3414780
15146781 3402660 15149973 3403260
15171291 3492900 15173571 3493500
15168441 3376740 15170721 3377340
15168213 3520260 15170493 3520860
15160575 3517860 15162855 3518460
15146781 3405540 15149061 3406140
15192609 3425700 15198651 3426300
15192609 3347940 15198651 3348540
15183945 3577380 15192723 3577980
15183945 3533220 15192723 3533820
15165135 3577860 15173913 3578460
15165135 3433860 15173913 3434460
15165135 3428100 15173913 3428700
15180981 3551460 15184059 3552060
15180981 3375780 15184059 3376380
15165135 3557220 15168213 3557820
15160575 3418020 15163653 3418620
15156015 3358500 15159093 3359100
15155787 3533220 15158865 3533820
15152367 3381540 15155445 3382140
15165363 3603300 15183717 3603900
15165363 3593700 15183717 3594300
15165363 3378660 15183717 3379260
15165135 3569700 15183489 3570300
15164223 3359460 15182577 3360060
15163995 3431460 15182349 3432060
15160005 3408900 15161829 3409500
15157725 3436260 15159549 3436860
15148149 3590820 15149973 3591420
15148149 3582180 15149973 3582780
15148149 3539460 15149973 3540060
15148149 3519300 15149973 3519900
15148149 3478980 15149973 3479580
15148149 3378180 15149973 3378780
15148149 3361860 15149973 3362460
15147693 3466980 15149517 3467580
15146781 3513540 15148605 3514140
15146781 3480900 15148605 3481500
15146781 3363780 15148605 3364380
15176763 3533220 15178473 3533820
15169011 3540900 15170721 3541500
15168327 3369060 15170037 3369660
15167415 3467460 15169125 3468060
15166731 3532740 15168441 3533340
15161487 3463620 15163197 3464220
15161259 3562500 15162969 3563100
15161031 3547620 15162741 3548220
15158979 3439620 15160689 3440220
15156699 3393540 15158409 3394140
15153963 3413220 15155673 3413820
15153735 3368100 15155445 3368700
15152823 3349380 15154533 3349980
15150999 3422340 15152709 3422940
15150771 3446340 15152481 3446940
15150087 3464580 15151797 3465180
15148719 3557700 15150429 3558300
15148719 3518340 15150429 3518940
15148491 3529860 15150201 3530460
15148491 3493380 15150201 3493980
15148263 3587940 15149973 3588540
15148263 3575460 15149973 3576060
15148263 3349860 15149973 3350460
15147807 3406500 15149517 3407100
15174825 3397860 15184059 3398460
15174255 3404580 15183489 3405180
15174027 3410340 15183261 3410940
15173343 3400740 15182577 3401340
15173115 3424740 15182349 3425340
15173115 3381540 15182349 3382140
15153621 3420900 15162855 3421500
15172887 3408900 15175281 3409500
15165135 3543780 15167529 3544380
15162855 3506820 15165249 3507420
15160461 3516900 15162855 3517500
15158979 3404580 15161373 3405180
15158751 3444420 15161145 3445020
15157839 3370500 15160233 3371100
15153963 3573540 15156357 3574140
15152367 3506340 15154761 3506940
15150315 3504420 15152709 3505020
15185313 3487140 15196371 3487740
15185313 3482340 15196371 3482940
15185313 3477540 15196371 3478140
15185313 3415140 15196371 3415740
15185313 3414180 15196371 3414780
15185313 3380580 15196371 3381180
15173001 3548580 15184059 3549180
15172887 3505380 15183945 3505980
15172887 3351780 15183945 3352380
15172659 3600420 15183717 3601020
15172659 3595620 15183717 3596220
15172659 3542820 15183717 3543420
15172659 3356580 15183717 3357180
15172431 3596580 15183489 3597180
15172431 3568740 15183489 3569340
15172203 3500580 15183261 3501180
15172203 3432420 15183261 3433020
15171747 3370980 15182805 3371580
15171519 3563940 15182577 3564540
15171291 3576420 15182349 3577020
15170151 3470820 15181209 3471420
15169923 3586980 15180981 3587580
15169923 3586020 15180981 3586620
15195687 3439620 15198651 3440220
15181095 3553380 15184059 3553980
15181095 3523620 15184059 3524220
15181095 3517860 15184059 3518460
15181095 3501540 15184059 3502140
15181095 3486180 15184059 3486780
15181095 3483300 15184059 3483900
15181095 3481380 15184059 3481980
15181095 3477540 15184059 3478140
15181095 3465060 15184059 3465660
15181095 3441060 15184059 3441660
15181095 3435300 15184059 3435900
15181095 3362340 15184059 3362940
15174255 3428100 15177219 3428700
15172089 3559140 15175053 3559740
15159891 3393060 15162855 3393660
15159321 3529380 15162285 3529980
15150315 3359460 15153279 3360060
15195687 3579780 15198651 3580380
15195687 3440580 15198651 3441180
15195687 3411780 15198651 3412380
15171519 3398340 15173229 3398940
15158751 3348900 15160461 3349500
15157155 3405540 15158865 3406140
15157155 3392580 15158865 3393180
15156699 3478500 15158409 3479100
15154647 3486180 15156357 3486780
15163767 3395460 15165249 3396060
15162855 3583620 15164337 3584220
15161259 3537540 15162741 3538140
15160803 3365220 15162285 3365820
15160347 3375780 15161829 3376380
15158523 3536580 15160005 3537180
15156471 3427140 15157953 3427740
15156243 3545700 15157725 3546300
15156015 3437700 15157497 3438300
15155787 3522180 15157269 3522780
15155331 3526020 15156813 3526620
15154875 3480420 15156357 3481020
15154191 3529860 15155673 3530460
15153507 3453060 15154989 3453660
15153507 3366180 15154989 3366780
15151683 3440100 15153165 3440700
15151227 3587940 15152709 3588540
15151227 3522180 15152709 3522780
15151227 3521220 15152709 3521820
15149403 3399780 15150885 3400380
15173799 3537540 15175737 3538140
15172659 3518340 15174597 3518940
15171975 3406020 15173913 3406620
15168327 3395460 15170265 3396060
15164907 3390180 15166845 3390780
15197511 3594180 15198651 3594780
15197511 3574020 15198651 3574620
15197511 3539460 15198651 3540060
15197511 3534660 15198651 3535260
15197511 3382980 15198651 3383580
15197511 3382020 15198651 3382620
15182919 3520740 15184059 3521340
15182919 3502500 15184059 3503100
15182919 3383460 15184059 3384060
15182919 3382500 15184059 3383100
15182919 3365220 15184059 3365820
15177903 3462180 15179043 3462780
15173571 3392580 15174711 3393180
15168783 3492420 15169923 3493020
15166503 3549060 15167643 3549660
15166503 3499140 15167643 3499740
15166503 3494340 15167643 3494940
15166503 3478020 15167643 3478620
15166503 3461700 15167643 3462300
15166503 3371460 15167643 3372060
15166389 3481380 15167529 3481980
15165819 3582180 15166959 3582780
15164109 3590340 15165249 3590940
15164109 3564420 15165249 3565020
15161715 3539460 15162855 3540060
15161145 3474180 15162285 3474780
15161145 3402660 15162285 3403260
15161031 3477540 15162171 3478140
15156585 3378660 15157725 3379260
15156357 3403140 15157497 3403740
15154533 3561060 15155673 3561660
15154077 3471300 15155217 3471900
15153963 3526980 15155103 3527580
15153849 3423780 15154989 3424380
15153849 3415140 15154989 3415740
15151797 3495780 15152937 3496380
15151683 3392580 15152823 3393180
15150429 3519780 15151569 3520380
15150429 3414660 15151569 3415260
15146781 3550020 15147921 3550620
15146781 3501060 15147921 3501660
15146781 3461700 15147921 3462300
15146781 3381540 15147921 3382140
15181551 3489060 15184059 3489660
15173229 3488580 15175737 3489180
15167301 3527940 15169809 3528540
15161031 3534180 15163539 3534780
15155217 3432420 15157725 3433020
15150429 3405060 15152937 3405660
15146781 3558660 15149289 3559260
15146781 3454980 15149289 3455580
15197397 3427140 15198651 3427740
15197397 3408900 15198651 3409500
15173571 3598500 15174825 3599100
15168327 3401700 15169581 3402300
15167985 3519300 15169239 3519900
15167187 3419940 15168441 3420540
15167187 3391620 15168441 3392220
15166503 3501060 15167757 3501660
15166503 3484740 15167757 3485340
15166503 3427140 15167757 3427740
15166503 3421380 15167757 3421980
15166503 3402180 15167757 3402780
15163995 3591300 15165249 3591900
15163995 3554820 15165249 3555420
15163995 3526020 15165249 3526620
15163995 3432900 15165249 3433500
15163995 3422340 15165249 3422940
15163995 3364740 15165249 3365340
15160803 3392100 15162057 3392700
15159663 3382020 15160917 3382620
15159435 3531300 15160689 3531900
15159207 3461700 15160461 3462300
15158979 3598980 15160233 3599580
15158751 3446820 15160005 3447420
15158751 3428580 15160005 3429180
15158751 3357060 15160005 3357660
15158523 3456420 15159777 3457020
15157839 3551460 15159093 3552060
15157839 3403140 15159093 3403740
15156471 3465060 15157725 3465660
15156243 3587460 15157497 3588060
15155559 3563460 15156813 3564060
15155559 3368580 15156813 3369180
15154647 3350340 15155901 3350940
15154419 3580740 15155673 3581340
15154191 3578820 15155445 3579420
15154191 3538980 15155445 3539580
15154191 3537540 15155445 3538140
15154191 3454500 15155445 3455100
15153963 3564900 15155217 3565500
15153963 3425220 15155217 3425820
15148263 3461700 15149517 3462300
15197283 3578820 15198651 3579420
15197283 3483780 15198651 3484380
15197283 3463620 15198651 3464220
15197283 3461700 15198651 3462300
15197283 3380100 15198651 3380700
15197283 3370500 15198651 3371100
15182691 3608100 15184059 3608700
15182691 3479460 15184059 3480060
15182691 3469860 15184059 3470460
15182691 3420900 15184059 3421500
15168099 3565860 15169467 3566460
15167985 3374340 15169353 3374940
15161829 3433860 15163197 3434460
15161373 3564900 15162741 3565500
15159093 3469860 15160461 3470460
15158637 3561060 15160005 3561660
15157725 3448740 15159093 3449340
15157155 3446820 15158523 3447420
15156015 3397380 15157383 3397980
15154077 3421860 15155445 3422460
15153849 3388260 15155217 3388860
15153735 3572580 15155103 3573180
15151911 3390660 15153279 3391260
15150429 3430980 15151797 3431580
15148605 3584100 15149973 3584700
15148605 3523620 15149973 3524220
15148149 3576420 15149517 3577020
15146781 3548580 15148149 3549180
15170379 3366180 15172773 3366780
15162171 3559140 15164565 3559740
15157611 3538980 15160005 3539580
15156699 3527940 15159093 3528540
15156699 3502980 15159093 3503580
15152823 3577380 15155217 3577980
15151455 3437700 15153849 3438300
15151455 3432420 15153849 3433020
15149403 3516420 15151797 3517020
15171063 3537540 15172773 3538140
15166503 3498180 15168213 3498780
15163767 3488100 15165477 3488700
15161487 3574500 15163197 3575100
15159435 3594660 15161145 3595260
15157611 3586500 15159321 3587100
15156927 3419460 15158637 3420060
15156699 3593700 15158409 3594300
15155331 3602820 15157041 3603420
15154875 3541860 15156585 3542460
15152823 3542340 15154533 3542940
15152367 3588900 15154077 3589500
15152367 3544260 15154077 3544860
15149631 3454980 15151341 3455580
15155445 3410820 15156471 3411420
15151569 3409860 15152595 3410460
15182577 3544740 15184059 3545340
15175167 3502500 15176649 3503100
15171063 3393540 15172545 3394140
15170607 3529380 15172089 3529980
15166503 3465540 15167985 3466140
15166503 3381060 15167985 3381660
15163767 3573060 15165249 3573660
15163767 3560580 15165249 3561180
15163767 3503940 15165249 3504540
15163767 3457860 15165249 3458460
15163767 3441540 15165249 3442140
15163767 3438660 15165249 3439260
15163539 3477540 15165021 3478140
15163083 3543780 15164565 3544380
15161031 3381060 15162513 3381660
15160803 3510180 15162285 3510780
15160803 3470820 15162285 3471420
15159435 3433860 15160917 3434460
15158751 3509220 15160233 3509820
15158295 3584580 15159777 3585180
15158295 3522180 15159777 3522780
15157155 3365220 15158637 3365820
15156699 3509700 15158181 3510300
15156471 3529380 15157953 3529980
15156471 3526980 15157953 3527580
15154305 3405540 15155787 3406140
15153963 3496260 15155445 3496860
15153735 3560100 15155217 3560700
15153507 3592260 15154989 3592860
15153279 3442980 15154761 3443580
15151797 3512100 15153279 3512700
15151797 3354660 15153279 3355260
15151455 3374820 15152937 3375420
15149859 3394500 15151341 3395100
15164223 3540420 15166617 3541020
15164223 3535620 15166617 3536220
15164223 3517380 15166617 3517980
15164223 3489540 15166617 3490140
15164223 3462660 15166617 3463260
15164223 3452100 15166617 3452700
15164223 3437700 15166617 3438300
15164223 3417540 15166617 3418140
15164223 3414660 15166617 3415260
15164223 3405060 15166617 3405660
15164223 3401220 15166617 3401820
15164223 3392580 15166617 3393180
15164223 3349380 15166617 3349980
15163197 3379140 15164337 3380220
15196941 3443460 15198651 3444060
15196941 3381060 15198651 3381660
15182349 3598500 15184059 3599100
15178815 3604740 15180525 3605340
15170379 3403140 15172089 3403740
15167643 3479940 15169353 3480540
15166503 3503940 15168213 3504540
15166503 3476100 15168213 3476700
15166503 3416580 15168213 3417180
15163539 3404100 15165249 3404700
15162855 3546180 15164565 3546780
15159435 3506820 15161145 3507420
15159207 3591300 15160917 3591900
15158067 3479460 15159777 3480060
15156699 3497700 15158409 3498300
15153279 3557220 15154989 3557820
15153279 3408420 15154989 3409020
15150315 3531780 15152025 3532380
15148491 3372420 15150201 3373020
15196827 3574980 15198651 3575580
15196827 3535620 15198651 3536220
15196827 3520260 15198651 3520860
15196827 3515460 15198651 3516060
15196827 3478980 15198651 3479580
15196827 3413700 15198651 3414300
15196827 3410820 15198651 3411420
15196827 3400260 15198651 3400860
15196827 3398340 15198651 3398940
15196827 3395460 15198651 3396060
15182235 3599460 15184059 3600060
15182235 3570660 15184059 3571260
15182235 3552420 15184059 3553020
15182235 3532260 15184059 3532860
15182235 3521700 15184059 3522300
15182235 3516900 15184059 3517500
15182235 3493860 15184059 3494460
15182235 3476580 15184059 3477180
15182235 3471780 15184059 3472380
15182235 3433380 15184059 3433980
15182235 3418020 15184059 3418620
15182235 3402660 15184059 3403260
15182235 3368100 15184059 3368700
15182235 3354660 15184059 3355260
15175053 3550020 15176877 3550620
15169467 3563940 15171291 3564540
15168327 3489060 15170151 3489660
15165705 3374820 15167529 3375420
15165477 3524580 15167301 3525180
15161031 3469380 15162855 3469980
15158067 3369540 15159891 3370140
15153963 3499620 15155787 3500220
15153621 3534180 15155445 3534780
15151455 3562020 15153279 3562620
15148605 3511140 15150429 3511740
15148605 3348420 15150429 3349020
15192951 3572100 15198537 3572700
15192951 3505860 15198537 3506460
15192723 3495300 15198309 3495900
15192723 3353220 15198309 3353820
15192609 3456420 15198195 3457020
15192609 3424740 15198195 3425340
15192609 3376740 15198195 3377340
15192609 3367140 15198195 3367740
15192609 3362340 15198195 3362940
15178473 3490980 15184059 3491580
15178473 3467940 15184059 3468540
15178359 3583140 15183945 3583740
15178359 3547620 15183945 3548220
15178359 3478500 15183945 3479100
15178359 3428580 15183945 3429180
15178359 3425700 15183945 3426300
15178359 3367140 15183945 3367740
15178245 3573540 15183831 3574140
15178245 3468900 15183831 3469500
15178245 3443940 15183831 3444540
15178245 3376740 15183831 3377340
15178131 3498660 15183717 3499260
15178131 3358500 15183717 3359100
15178131 3353700 15183717 3354300
15177903 3562020 15183489 3562620
15177903 3550500 15183489 3551100
15177903 3546660 15183489 3547260
15177903 3514020 15183489 3514620
15177903 3437220 15183489 3437820
15177903 3421860 15183489 3422460
15177789 3452580 15183375 3453180
15177675 3349860 15183261 3350460
15177333 3391140 15182919 3391740
15176991 3448740 15182577 3449340
15176991 3392100 15182577 3392700
15176991 3386340 15182577 3386940
15176763 3579300 15182349 3579900
15176763 3384420 15182349 3385020
15159435 3409860 15165021 3410460
15176991 3492420 15191697 3493020
15169011 3377700 15183717 3378300
15160803 3607140 15175509 3607740
15167415 3460740 15167985 3461340
15173799 3509700 15188505 3510300
15169239 3451620 15183945 3452220
15169239 3446820 15183945 3447420
15169011 3355620 15183717 3356220
15168555 3466020 15183261 3466620
15178587 3502020 15179841 3502620
15174939 3391620 15176193 3392220
15174483 3534180 15175737 3534780
15174255 3389700 15175509 3390300
15173343 3485220 15174597 3485820
15169011 3394500 15170265 3395100
15168555 3471300 15169809 3471900
15167871 3481860 15169125 3482460
15167415 3473220 15168669 3473820
15167415 3456900 15168669 3457500
15166275 3455460 15167529 3456060
15164907 3362340 15166161 3362940
15164451 3484260 15165705 3484860
15163767 3550980 15165021 3551580
15160803 3571140 15162057 3571740
15160347 3533220 15161601 3533820
15159435 3512100 15160689 3512700
15158979 3454500 15160233 3455100
15158295 3574500 15159549 3575100
15158067 3470820 15159321 3471420
15157839 3517380 15159093 3517980
15157611 3500100 15158865 3500700
15157155 3474660 15158409 3475260
15156699 3540900 15157953 3541500
15156699 3415620 15157953 3416220
15156015 3404100 15157269 3404700
15155787 3579780 15157041 3580380
15155559 3409860 15156813 3410460
15154419 3546180 15155673 3546780
15154191 3404580 15155445 3405180
15153279 3568740 15154533 3569340
15153051 3505380 15154305 3505980
15152367 3569700 15153621 3570300
15152139 3477060 15153393 3477660
15150543 3429540 15151797 3430140
15197055 3562500 15198651 3563100
15197055 3525060 15198651 3525660
15197055 3414660 15198651 3415260
15182463 3605220 15184059 3605820
15182463 3604260 15184059 3604860
15182463 3597540 15184059 3598140
15182463 3585060 15184059 3585660
15182463 3566820 15184059 3567420
15182463 3564900 15184059 3565500
15182463 3518820 15184059 3519420
15182463 3512100 15184059 3512700
15182463 3473700 15184059 3474300
15182463 3460260 15184059 3460860
15182463 3418980 15184059 3419580
15182463 3416100 15184059 3416700
15182463 3415140 15184059 3415740
15182463 3406500 15184059 3407100
15182463 3366180 15184059 3366780
15182463 3357540 15184059 3358140
15182235 3414180 15183831 3414780
15173001 3539940 15174597 3540540
15172545 3526500 15174141 3527100
15169809 3487140 15171405 3487740
15169011 3406500 15170607 3407100
15167757 3586020 15169353 3586620
15167301 3458820 15168897 3459420
15166503 3440580 15168099 3441180
15165591 3391140 15167187 3391740
15163653 3608580 15165249 3609180
15163653 3429060 15165249 3429660
15162741 3380580 15164337 3381180
15160803 3504420 15162399 3505020
15159321 3513060 15160917 3513660
15159093 3380100 15160689 3380700
15156813 3537540 15158409 3538140
15156585 3532260 15158181 3532860
15155901 3394500 15157497 3395100
15155673 3431460 15157269 3432060
15154533 3601380 15156129 3601980
15154533 3463620 15156129 3464220
15154305 3513540 15155901 3514140
15150429 3558180 15152025 3558780
15164451 3375780 15165705 3376380
15185313 3562020 15192723 3562620
15185313 3437220 15192723 3437820
15185313 3398820 15192723 3399420
15184287 3471300 15191697 3471900
15181095 3560580 15188505 3561180
15176307 3606180 15183717 3606780
15176079 3514980 15183489 3515580
15176079 3385380 15183489 3385980
15175965 3394980 15183375 3395580
15175851 3601380 15183261 3601980
15175851 3524580 15183261 3525180
15175281 3525540 15182691 3526140
15173343 3447780 15180753 3448380
15170835 3557220 15178245 3557820
15169695 3374820 15177105 3375420
15169467 3458820 15176877 3459420
15165705 3572580 15173115 3573180
15192609 3383460 15196371 3384060
15179271 3536100 15183033 3536700
15179271 3462180 15183033 3462780
15179043 3535140 15182805 3535740
15170835 3363300 15174597 3363900
15168897 3509700 15172659 3510300
15166503 3591300 15170265 3591900
15166503 3425220 15170265 3425820
15166503 3415620 15170265 3416220
15165363 3583140 15169125 3583740
15165135 3567780 15168897 3568380
15160803 3582660 15164565 3583260
15158523 3442500 15162285 3443100
15158067 3514020 15161829 3514620
15152823 3416100 15156585 3416700
15146781 3566820 15150543 3567420
15195687 3573060 15198537 3573660
15195687 3352260 15198537 3352860
15195345 3401220 15198195 3401820
15180867 3530340 15183717 3530940
15180867 3499620 15183717 3500220
15180867 3405540 15183717 3406140
15171975 3413220 15174825 3413820
15167643 3518340 15170493 3518940
15167643 3477540 15170493 3478140
15166503 3505860 15169353 3506460
15166503 3442500 15169353 3443100
15164223 3586980 15167073 3587580
15163083 3473700 15165933 3474300
15162399 3352260 15165249 3352860
15161487 3577860 15164337 3578460
15160575 3451140 15163425 3451740
15156927 3352740 15159777 3353340
15154647 3479460 15157497 3480060
15154419 3382980 15157269 3383580
15153735 3597540 15156585 3598140
15153051 3391620 15155901 3392220
15152139 3358500 15154989 3359100
15150543 3397860 15153393 3398460
15164451 3461220 15165249 3461820
15172203 3532260 15173343 3532860
15170379 3479940 15171519 3480540
15169695 3500580 15170835 3501180
15166959 3507780 15168099 3508380
15165135 3397860 15166275 3398460
15158409 3406980 15159549 3407580
15152595 3527940 15153735 3528540
15152595 3395460 15153735 3396060
15152595 3394500 15153735 3395100
15167871 3375780 15168441 3376380
15197739 3582660 15198651 3583260
15197739 3575940 15198651 3576540
15197739 3498180 15198651 3498780
15197739 3412740 15198651 3413340
15197739 3396420 15198651 3397020
15183147 3482340 15184059 3482940
15183147 3480420 15184059 3481020
15183147 3475620 15184059 3476220
15183147 3459300 15184059 3459900
15183147 3434340 15184059 3434940
15183147 3417060 15184059 3417660
15168897 3375780 15169809 3376380
15168441 3574980 15169353 3575580
15166503 3474180 15167415 3474780
15166503 3454020 15167415 3454620
15166161 3546660 15167073 3547260
15164565 3373860 15165477 3374460
15161943 3581700 15162855 3582300
15161487 3573540 15162399 3574140
15161373 3589380 15162285 3589980
15161145 3429540 15162057 3430140
15159321 3495300 15160233 3495900
15158865 3581700 15159777 3582300
15158181 3526020 15159093 3526620
15154533 3472260 15155445 3472860
15154533 3435300 15155445 3435900
15154533 3376740 15155445 3377340
15154419 3458340 15155331 3458940
15154305 3478500 15155217 3479100
15154077 3403620 15154989 3404220
15151911 3476100 15152823 3476700
15148605 3400740 15149517 3401340
15148605 3394500 15149517 3395100
15148605 3393060 15149517 3393660
15146781 3546180 15147693 3546780
15197853 3540420 15198651 3541020
15197853 3536580 15198651 3537180
15197853 3526980 15198651 3527580
15197853 3394500 15198651 3395100
15183261 3609060 15184059 3609660
15183261 3527460 15184059 3528060
15176535 3387780 15177333 3388380
15175623 3521700 15176421 3522300
15169239 3484260 15170037 3484860
15168783 3533220 15169581 3533820
15168327 3478980 15169125 3479580
15167871 3485220 15168669 3485820
15167415 3541380 15168213 3541980
15166503 3555780 15167301 3556380
15166503 3518340 15167301 3518940
15166503 3488580 15167301 3489180
15166503 3479940 15167301 3480540
15166503 3450180 15167301 3450780
15166161 3551460 15166959 3552060
15164451 3574980 15165249 3575580
15164451 3412740 15165249 3413340
15164451 3411780 15165249 3412380
15163767 3450660 15164565 3451260
15162057 3406500 15162855 3407100
15161487 3478980 15162285 3479580
15161259 3568260 15162057 3568860
15161259 3552900 15162057 3553500
15160575 3362820 15161373 3363420
15159435 3467940 15160233 3468540
15159435 3459300 15160233 3459900
15159207 3593700 15160005 3594300
15158751 3595620 15159549 3596220
15158295 3368580 15159093 3369180
15157611 3454500 15158409 3455100
15157155 3572580 15157953 3573180
15157155 3555780 15157953 3556380
15157155 3475620 15157953 3476220
15156699 3583140 15157497 3583740
15156699 3492900 15157497 3493500
15156471 3456420 15157269 3457020
15156471 3395460 15157269 3396060
15155331 3494820 15156129 3495420
15154647 3470340 15155445 3470940
15154647 3354180 15155445 3354780
15154191 3598500 15154989 3599100
15154191 3543300 15154989 3543900
15154191 3514500 15154989 3515100
15154191 3477060 15154989 3477660
15153507 3509220 15154305 3509820
15152823 3555300 15153621 3555900
15152367 3594660 15153165 3595260
15152367 3427140 15153165 3427740
15151911 3459780 15152709 3460380
15151683 3599940 15152481 3600540
15150543 3373860 15151341 3374460
15166047 3553380 15166617 3553980
15164679 3526980 15165249 3527580
15164679 3459780 15165249 3460380
15161259 3583620 15162057 3584220
15157155 3483780 15157953 3484380
15154647 3502980 15155445 3503580
15152367 3478980 15153165 3479580
15173571 3540900 15174369 3541500
15166503 3513540 15167301 3514140
15166503 3495300 15167301 3495900
15159207 3507780 15160005 3508380
15156927 3592740 15157725 3593340
15156927 3389700 15157725 3390300
15152139 3537540 15152937 3538140
15149631 3471300 15150429 3471900
15171291 3382980 15173913 3384060
15161715 3449220 15164337 3450300
15159435 3472260 15162057 3473340
15154647 3438660 15157269 3439740
15170037 3526020 15170949 3526620
15170037 3358500 15170949 3359100
15168897 3470340 15169809 3470940
15164109 3538980 15165021 3539580
15164109 3501540 15165021 3502140
15164109 3434340 15165021 3434940
15161145 3391140 15162057 3391740
15160461 3403620 15161373 3404220
15156357 3517860 15157269 3518460
15156357 3514980 15157269 3515580
15149061 3470340 15149973 3470940
15158523 3465060 15159207 3465660
15196713 3375300 15198651 3375900
15181779 3485220 15183717 3485820
15174825 3457380 15176763 3457980
15171519 3528420 15173457 3529020
15169695 3491460 15171633 3492060
15167643 3502500 15169581 3503100
15166731 3526500 15168669 3527100
15163311 3561540 15165249 3562140
15161487 3399780 15163425 3400380
15158067 3582660 15160005 3583260
15155559 3554820 15157497 3555420
15154419 3536580 15156357 3537180
15153963 3436740 15155901 3437340
15153165 3450180 15155103 3450780
15153051 3430020 15154989 3430620
15150543 3420900 15152481 3421500
15148263 3556740 15150201 3557340
15146781 3399780 15148719 3400380
15146781 3379620 15148719 3380220
15183033 3554340 15184059 3554940
15182691 3607140 15183717 3607740
15182691 3558180 15183717 3558780
15182691 3543780 15183717 3544380
15182691 3380580 15183717 3381180
15171519 3533220 15172545 3533820
15171519 3531300 15172545 3531900
15171519 3397380 15172545 3397980
15169695 3497700 15170721 3498300
15166617 3373860 15167643 3374460
15166503 3509700 15167529 3510300
15166503 3447300 15167529 3447900
15166503 3407940 15167529 3408540
15165135 3396900 15166161 3397500
15163881 3551940 15164907 3552540
15161031 3531300 15162057 3531900
15159435 3532260 15160461 3532860
15158979 3580740 15160005 3581340
15158751 3521220 15159777 3521820
15158523 3399780 15159549 3400380
15157155 3504900 15158181 3505500
15157155 3493860 15158181 3494460
15155787 3507780 15156813 3508380
15154305 3422820 15155331 3423420
15153963 3397860 15154989 3398460
15152367 3574980 15153393 3575580
15152367 3393540 15153393 3394140
15152139 3463620 15153165 3464220
15151569 3394500 15152595 3395100
15151455 3498660 15152481 3499260
15149175 3462660 15150201 3463260
15160347 3396900 15161373 3397500
15174027 3387780 15175167 3388380
15172773 3521220 15173913 3521820
15169923 3525060 15171063 3525660
15163083 3387780 15164223 3388380
15160119 3434820 15161259 3435420
15158409 3545700 15159549 3546300
15156129 3436740 15157269 3437340
15155103 3603780 15156243 3604380
15154875 3418020 15156015 3418620
15152595 3352740 15153735 3353340
15150771 3459300 15151911 3459900
15150315 3435780 15151455 3436380
15150315 3406500 15151455 3407100
15150087 3432420 15151227 3433020
15175167 3567300 15175623 3567900
15169125 3452580 15169581 3453180
15167643 3376740 15168099 3377340
15167415 3550020 15167871 3550620
15166845 3486660 15167301 3487260
15164565 3580740 15165021 3581340
15164565 3353220 15165021 3353820
15164451 3502980 15164907 3503580
15164451 3368100 15164907 3368700
15163767 3459780 15164223 3460380
15163767 3416580 15164223 3417180
15160575 3367140 15161031 3367740
15160461 3608100 15160917 3608700
15160347 3482820 15160803 3483420
15160233 3385860 15160689 3386460
15159093 3450660 15159549 3451260
15158409 3450180 15158865 3450780
15157383 3553860 15157839 3554460
15156243 3386340 15156699 3386940
15153963 3448260 15154419 3448860
15153393 3488100 15153849 3488700
15152025 3399780 15152481 3400380
15149403 3351780 15149859 3352380
15157383 3417060 15157953 3417660
15157611 3373380 15159207 3374460
15155559 3488580 15157155 3489660
15164565 3376740 15165249 3377340
15158865 3496260 15159549 3496860
15158637 3490980 15159321 3491580
15153621 3364260 15154305 3364860
15151797 3473700 15152481 3474300
15150429 3403140 15151113 3403740
15149973 3522180 15150657 3522780
15149061 3467940 15149745 3468540
15160461 3598020 15162057 3599100
15169923 3390180 15171063 3390780
15156129 3556740 15157269 3557340
15155787 3374340 15156927 3374940
15152823 3563460 15154761 3564540
15152823 3455940 15154761 3457020
15166503 3515460 15167985 3516060
15166503 3514500 15167985 3515100
15166503 3364740 15167985 3365340
15164223 3523620 15165705 3524220
15161943 3538500 15163425 3539100
15160119 3542820 15161601 3543420
15159435 3502500 15160917 3503100
15159207 3489540 15160689 3490140
15157839 3498660 15159321 3499260
15152367 3466500 15153849 3467100
15150771 3428100 15152253 3428700
15176079 3519300 15177105 3519900
15174027 3395460 15175053 3396060
15173571 3529860 15174597 3530460
15172203 3400260 15173229 3400860
15171291 3542340 15172317 3542940
15171291 3538980 15172317 3539580
15170607 3535620 15171633 3536220
15169011 3589380 15170037 3589980
15169011 3546660 15170037 3547260
15167415 3516420 15168441 3517020
15164223 3601860 15165249 3602460
15164223 3576900 15165249 3577500
15164223 3505860 15165249 3506460
15164223 3478500 15165249 3479100
15163995 3471300 15165021 3471900
15163995 3458820 15165021 3459420
15163995 3354180 15165021 3354780
15161943 3541860 15162969 3542460
15160803 3588420 15161829 3589020
15160803 3452100 15161829 3452700
15160575 3361860 15161601 3362460
15159435 3587940 15160461 3588540
15158523 3468900 15159549 3469500
15158295 3367620 15159321 3368220
15158067 3598020 15159093 3598620
15157611 3356580 15158637 3357180
15156927 3367620 15157953 3368220
15156015 3455460 15157041 3456060
15155787 3584580 15156813 3585180
15155787 3568260 15156813 3568860
15155787 3490020 15156813 3490620
15155331 3515460 15156357 3516060
15154647 3380100 15155673 3380700
15153051 3379140 15154077 3379740
15152367 3494820 15153393 3495420
15149859 3375780 15150885 3376380
15171405 3501060 15171747 3501660
15170607 3494820 15170949 3495420
15167187 3401220 15167529 3401820
15164223 3528900 15164565 3529500
15162285 3394980 15162627 3395580
15159891 3572580 15160233 3573180
15158751 3466020 15159093 3466620
15158067 3549540 15158409 3550140
15157155 3491460 15157497 3492060
15154989 3582180 15155331 3582780
15152709 3383460 15153051 3384060
15152595 3423780 15152937 3424380
15150999 3409860 15151341 3410460
15174711 3539940 15175509 3540540
15169011 3494340 15169809 3494940
15155787 3498660 15156585 3499260
15176535 3535620 15178701 3536700
15174255 3503940 15176421 3505020
15169467 3472260 15171633 3473340
15162171 3377220 15164337 3378300
15152595 3575940 15154761 3577020
15150315 3509700 15152481 3510780
15150087 3438660 15152253 3439740
15171519 3396420 15172773 3397020
15170379 3502500 15171633 3503100
15164223 3538020 15165477 3538620
15160575 3459780 15161829 3460380
15159435 3553380 15160689 3553980
15157383 3485700 15158637 3486300
15154875 3595140 15156129 3595740
15154875 3360900 15156129 3361500
15154647 3352740 15155901 3353340
15151227 3425220 15152481 3425820
15151227 3380580 15152481 3381180
15150087 3571620 15151341 3572220
15149859 3426180 15151113 3426780
15170151 3547620 15171177 3548220
15161145 3566820 15161373 3567420
15153507 3389220 15153735 3389820
15153165 3422820 15153393 3423420
15151227 3479940 15151455 3480540
15151227 3434820 15151455 3435420
15150429 3457380 15150657 3457980
15171633 3548580 15172089 3549180
15163197 3589860 15163653 3590460
15160575 3573060 15161031 3573660
15160233 3387780 15160689 3388380
15155787 3434820 15156243 3435420
15154533 3394500 15154989 3395100
15167985 3360900 15168669 3361980
15167985 3358020 15168669 3359100
15156813 3467460 15157497 3468540
15154647 3540420 15155331 3541500
15175395 3388260 15176421 3388860
15174711 3520740 15175737 3521340
15172887 3523620 15173913 3524220
15172659 3515940 15173685 3516540
15172203 3493860 15173229 3494460
15171975 3387300 15173001 3387900
15171747 3521220 15172773 3521820
15166959 3452580 15167985 3453180
15161031 3524100 15162057 3524700
15161031 3458820 15162057 3459420
15158523 3504900 15159549 3505500
15158295 3520260 15159321 3520860
15158295 3372420 15159321 3373020
15156243 3565380 15157269 3565980
15155559 3500580 15156585 3501180
15154875 3461700 15155901 3462300
15153735 3595620 15154761 3596220
15153735 3527940 15154761 3528540
15153735 3498660 15154761 3499260
15153735 3469380 15154761 3469980
15153051 3515460 15154077 3516060
15153051 3380100 15154077 3380700
15152595 3468900 15153621 3469500
15151455 3539460 15152481 3540060
15150999 3466500 15152025 3467100
15150543 3389700 15151569 3390300
15148719 3381540 15149745 3382140
15173799 3517380 15174597 3517980
15173115 3501540 15173913 3502140
15172659 3402180 15173457 3402780
15170835 3412260 15171633 3412860
15169695 3371460 15170493 3372060
15169011 3549060 15169809 3549660
15168327 3581700 15169125 3582300
15165591 3598500 15166389 3599100
15165135 3599460 15165933 3600060
15165135 3510180 15165933 3510780
15164907 3492900 15165705 3493500
15164679 3571620 15165477 3572220
15164223 3476580 15165021 3477180
15163311 3486180 15164109 3486780
15159891 3457380 15160689 3457980
15159663 3367140 15160461 3367740
15159435 3600420 15160233 3601020
15158295 3597060 15159093 3597660
15157383 3439620 15158181 3440220
15156015 3380580 15156813 3381180
15154647 3363300 15155445 3363900
15162627 3557700 15164223 3558780
15157953 3462660 15159549 3463740
15157611 3480900 15159207 3481980
15156699 3535620 15158295 3536700
15153165 3396420 15154761 3397500
15153165 3372420 15154761 3373500
15152823 3593220 15154419 3594300
15159663 3577860 15160689 3578460
15159663 3383940 15160689 3384540
15158751 3505860 15159777 3506460
15154191 3395460 15155217 3396060
15152823 3365220 15153849 3365820
15176307 3520260 15176877 3520860
15176307 3493860 15176877 3494460
15172203 3523140 15172773 3523740
15171519 3512100 15172089 3512700
15170151 3526980 15170721 3527580
15169239 3473700 15169809 3474300
15166959 3512100 15167529 3512700
15166047 3532260 15166617 3532860
15164907 3519780 15165477 3520380
15164679 3598020 15165249 3598620
15164679 3498180 15165249 3498780
15164223 3386820 15164793 3387420
15162855 3480900 15163425 3481500
15162399 3532740 15162969 3533340
15162171 3384900 15162741 3385500
15161943 3489540 15162513 3490140
15161259 3560100 15161829 3560700
15160119 3526980 15160689 3527580
15159891 3504900 15160461 3505500
15159663 3571140 15160233 3571740
15159663 3482820 15160233 3483420
15159435 3525060 15160005 3525660
15158979 3393540 15159549 3394140
15158523 3483300 15159093 3483900
15158067 3466500 15158637 3467100
15157155 3564420 15157725 3565020
15157155 3552900 15157725 3553500
15157155 3542340 15157725 3542940
15157155 3463140 15157725 3463740
15156699 3539940 15157269 3540540
15156471 3460740 15157041 3461340
15153051 3411300 15153621 3411900
15152367 3502500 15152937 3503100
15152367 3360420 15152937 3361020
15151683 3528420 15152253 3529020
15150315 3606660 15150885 3607260
15150315 3425220 15150885 3425820
15150087 3382500 15150657 3383100
15149403 3559620 15149973 3560220
15149175 3373860 15149745 3374460
15149175 3370980 15149745 3371580
15148947 3377220 15149517 3377820
15174255 3388740 15174825 3389340
15173343 3531780 15173913 3532380
15164679 3416580 15165249 3417180
15163767 3549060 15164337 3549660
15163539 3433860 15164109 3434460
15161487 3498180 15162057 3498780
15160575 3581700 15161145 3582300
15159663 3460740 15160233 3461340
15158979 3602820 15159549 3603420
15156699 3416580 15157269 3417180
15156471 3406020 15157041 3406620
15156015 3352260 15156585 3352860
15154875 3356100 15155445 3356700
15154191 3528900 15154761 3529500
15153051 3580740 15153621 3581340
15153051 3532740 15153621 3533340
15153051 3482820 15153621 3483420
15152823 3573060 15153393 3573660
15152595 3474180 15153165 3474780
15152595 3396420 15153165 3397020
15151455 3465540 15152025 3466140
15162855 3586500 15163995 3587100
15173457 3390660 15174027 3391740
15171291 3404100 15171861 3405180
15159435 3445380 15160005 3446460
15156699 3453060 15157269 3454140
15155103 3398340 15155673 3399420
15466893 3443460 15467577 3444060
15146781 3362820 15148263 3363420
15227493 3347940 15242085 3378300
15466095 3573060 15468375 3573660
15196371 3374340 15198651 3374940
15165591 3406500 15168099 3407100
15373641 3437220 15463587 3437820
15194547 3423300 15198651 3423900
15146781 3555780 15150885 3556380
15440445 3443460 15464271 3444060
15183945 3508260 15192723 3508860
15183945 3498660 15192723 3499260
15183375 3519780 15185427 3520380
15183375 3456420 15185427 3457020
15183375 3390180 15185427 3390780
15157383 3391620 15158751 3392220
15165591 3471780 15166959 3472380
15167643 3508740 15168669 3509340
15164223 3391620 15165249 3392220
15159435 3598020 15160461 3598620
15458685 3573060 15459369 3573660
15197967 3488580 15198651 3489180
15197967 3462660 15198651 3463260
15197967 3430020 15198651 3430620
15197967 3409860 15198651 3410460
15183375 3488100 15184059 3488700
15183375 3474660 15184059 3475260
15183375 3436260 15184059 3436860
15183375 3419940 15184059 3420540
15183375 3392100 15184059 3392700
15183375 3386340 15184059 3386940
15183375 3348900 15184059 3349500
15168669 3537060 15169353 3537660
15165705 3373860 15166389 3374460
15162627 3435300 15163311 3435900
15158979 3381060 15159663 3381660
15158409 3394500 15159093 3395100
15155673 3525060 15156357 3525660
15155445 3578340 15156129 3578940
15155103 3506340 15155787 3506940
15154305 3374340 15154989 3374940
15153279 3551940 15153963 3552540
15151797 3373380 15152481 3373980
15149517 3503460 15150201 3504060
15167187 3414660 15167985 3415260
15153963 3489540 15154761 3490140
15466893 3437220 15467577 3437820
15466095 3443460 15466893 3444060
15183147 3384420 15183945 3385020
15468147 3443460 15468375 3444060
15468147 3437220 15468375 3437820
15198423 3496260 15198651 3496860
15198423 3399300 15198651 3399900
15183831 3559140 15184059 3559740
15183831 3450660 15184059 3451260
15183831 3389220 15184059 3389820
15168555 3377700 15168783 3378300
15165021 3553860 15165249 3554460
15162855 3392100 15163083 3392700
15162627 3474180 15162855 3474780
15161373 3538500 15161601 3539100
15159435 3534180 15159663 3534780
15157269 3459300 15157497 3459900
15157155 3499620 15157383 3500220
15154077 3431460 15154305 3432060
15153621 3529860 15153849 3530460
15150429 3564900 15150657 3565500
15271155 3609060 15296805 3609660
15240261 3609060 15242085 3609660
15198195 3581700 15198651 3582300
15198195 3497220 15198651 3497820
15198195 3482820 15198651 3483420
15198195 3441540 15198651 3442140
15198195 3389700 15198651 3390300
15198195 3373380 15198651 3373980
15183603 3589860 15184059 3590460
15183603 3549540 15184059 3550140
15183603 3458340 15184059 3458940
15183603 3444900 15184059 3445500
15183603 3407460 15184059 3408060
15183603 3371940 15184059 3372540
15183603 3363300 15184059 3363900
15183603 3347940 15184059 3348540
15164109 3572100 15164565 3572700
15161829 3530340 15162285 3530940
15159321 3526980 15159777 3527580
15158181 3552420 15158637 3553020
15157041 3512100 15157497 3512700
15152253 3567300 15152709 3567900
15149061 3550020 15149517 3550620
15149061 3527940 15149517 3528540
15459939 3573060 15464613 3573660
15298401 3609060 15327699 3609660
15165135 3448260 15166617 3449820
15165135 3355140 15166617 3356700
15196485 3580740 15198423 3581340
15168099 3407940 15170037 3408540
15164223 3474660 15166161 3475260
15164223 3469860 15166161 3470460
15156927 3599460 15158865 3600060
15152367 3511140 15154305 3511740
15150087 3575940 15152025 3576540
15146781 3608100 15148719 3608700
15146781 3503460 15148719 3504060
15198081 3506820 15198651 3507420
15170607 3559140 15171177 3559740
15168783 3461220 15169353 3461820
15166503 3589380 15167073 3589980
15166503 3520260 15167073 3520860
15166503 3519300 15167073 3519900
15166503 3460740 15167073 3461340
15164679 3600900 15165249 3601500
15164679 3593220 15165249 3593820
15158979 3537540 15159549 3538140
15157839 3590340 15158409 3590940
15154305 3535620 15154875 3536220
15154191 3548580 15154761 3549180
15152367 3478020 15152937 3478620
15152139 3515460 15152709 3516060
15150771 3433860 15151341 3434460
15148491 3594180 15149061 3594780
15164907 3463620 15166617 3464220
15164907 3453060 15166617 3453660
15183717 3391140 15184059 3391740
15169011 3522180 15169353 3522780
15166503 3393540 15166845 3394140
15166503 3385860 15166845 3386460
15164907 3424260 15165249 3424860
15164907 3366660 15165249 3367260
15163083 3502020 15163425 3502620
15162855 3438660 15163197 3439260
15159891 3607140 15160233 3607740
15159663 3435780 15160005 3436380
15157155 3411780 15157497 3412380
15157155 3396420 15157497 3397020
15152595 3450180 15152937 3450780
15152367 3470340 15152709 3470940
15152139 3499620 15152481 3500220
15149859 3496740 15150201 3497340
15149859 3419940 15150201 3420540
15149175 3598020 15149517 3598620
15465297 3437220 15466323 3437820
15158523 3565860 15159549 3566460
15150771 3553860 15151797 3554460
15148491 3517380 15149517 3517980
15148491 3469380 15149517 3469980
15146781 3421860 15147807 3422460
15227493 3609060 15238551 3609660
15165135 3578820 15166617 3579420
15165135 3562500 15166617 3563100
15165135 3550020 15166617 3550620
15165135 3536580 15166617 3537180
15165135 3516420 15166617 3517020
15165135 3419460 15166617 3420060
15165135 3408900 15166617 3409500
15194889 3524100 15198651 3524700
15194775 3351300 15198537 3351900
15179499 3399780 15183261 3400380
15166503 3571140 15170265 3571740
15156813 3401700 15160575 3402300
15146781 3450180 15150543 3450780
15440445 3573060 15455151 3573660
15177561 3387780 15192267 3388380
15168099 3584100 15182805 3584700
15168099 3463620 15182805 3464220
15166503 3608580 15181209 3609180
15185199 3558660 15192609 3559260
15176079 3393060 15183489 3393660
15175965 3540900 15183375 3541500
15175509 3526500 15182919 3527100
15173457 3401700 15180867 3402300
