15152595 3552900 15153393 3553980
15148605 3547140 15150201 3548220
15146781 3593700 15149973 3594300
15146781 3542820 15150201 3543420
15160461 3405060 15163653 3405660
15162171 3445380 15164565 3445980
15161487 3562020 15162741 3562620
15150543 3594180 15151797 3594780
15148149 3501540 15149517 3502140
15148149 3351780 15149517 3352380
15155559 3566340 15157269 3566940
15167871 3468900 15169353 3469500
15163083 3588420 15164565 3589020
15153279 3442500 15154761 3443100
15150543 3349860 15152025 3350460
15149859 3563940 15151341 3564540
15164223 3407940 15166617 3408540
15167415 3394020 15182121 3394620
15167415 3385860 15169125 3386460
15162741 3566820 15164565 3567420
15152253 3441060 15154077 3441660
15169011 3586500 15183717 3587100
15174255 3476100 15188961 3476700
15171747 3370500 15186453 3371100
15169695 3448260 15184401 3448860
15169011 3581700 15183717 3582300
15168099 3543780 15182805 3544380
15166503 3592260 15181209 3592860
15166503 3437700 15181209 3438300
15163767 3360420 15178473 3361020
15152595 3565860 15153849 3566460
15182463 3491940 15184059 3492540
15185655 3572100 15193065 3572700
15185313 3519780 15192723 3520380
15185313 3376260 15192723 3376860
15173571 3530340 15180981 3530940
15168555 3456900 15175965 3457500
15165363 3571620 15172773 3572220
15165363 3356580 15172773 3357180
15164223 3357540 15171633 3358140
15162855 3351780 15170265 3352380
15157155 3413700 15164565 3414300
15171291 3382020 15175053 3382620
15160803 3606660 15164565 3607260
15158523 3524580 15162285 3525180
15158295 3438660 15162057 3439260
15155787 3384420 15159549 3385020
15151683 3606660 15155445 3607260
15149859 3551460 15153621 3552060
15149859 3486660 15153621 3487260
15149175 3445380 15152937 3445980
15174483 3362820 15177333 3363420
15173799 3440580 15176649 3441180
15171063 3476100 15173913 3476700
15168783 3514500 15171633 3515100
15166503 3405060 15169353 3405660
15166503 3368580 15169353 3369180
15154647 3377700 15157497 3378300
15150315 3587460 15153165 3588060
15149859 3526980 15152709 3527580
15149859 3509220 15152709 3509820
15149859 3505380 15152709 3505980
15170493 3531300 15171633 3531900
15153621 3424740 15154761 3425340
15153279 3370500 15154419 3371100
15162285 3465540 15164337 3466620
15183147 3409380 15184059 3409980
15183261 3452580 15184059 3453180
15166503 3487620 15167301 3488220
15161487 3570660 15162285 3571260
15158979 3350820 15159777 3351420
15158295 3601380 15159093 3601980
15157839 3440100 15158637 3440700
15156699 3570660 15157497 3571260
15150315 3607140 15151113 3607740
15159891 3432900 15160689 3433500
15150087 3418500 15150885 3419100
15161715 3452100 15164337 3453180
15152139 3545220 15154761 3546300
15169695 3558660 15170721 3559740
15168099 3556740 15169125 3557820
15169011 3510660 15170949 3511260
15168783 3541380 15170721 3541980
15165135 3418020 15167073 3418620
15160347 3382500 15162285 3383100
15158979 3371940 15160917 3372540
15157839 3543300 15159777 3543900
15157839 3483780 15159777 3484380
15156015 3574980 15157953 3575580
15155559 3441060 15157497 3441660
15154305 3418980 15156243 3419580
15148149 3522180 15150087 3522780
15182691 3562980 15183717 3563580
15182691 3510180 15183717 3510780
15182691 3408420 15183717 3409020
15167415 3492420 15168441 3493020
15167415 3388740 15168441 3389340
15166503 3463620 15167529 3464220
15164223 3454980 15165249 3455580
15151683 3527940 15152709 3528540
15149403 3549060 15150429 3549660
15148491 3525060 15149517 3525660
15148149 3509220 15149175 3509820
15167985 3362820 15169125 3363420
15167643 3548100 15168783 3548700
15163083 3447780 15164223 3448380
15158409 3430500 15159549 3431100
15152823 3496740 15153963 3497340
15175167 3408900 15175623 3409500
15171975 3384900 15172431 3385500
15168099 3376740 15168555 3377340
15167187 3375300 15167643 3375900
15166959 3527940 15167415 3528540
15158979 3448740 15159435 3449340
15171633 3510660 15173229 3511740
15169695 3490500 15171291 3491580
15160119 3508740 15161715 3509820
15159663 3474180 15161259 3475260
15155331 3361860 15156927 3362940
15155217 3497220 15156813 3498300
15153051 3427140 15154647 3428220
15167415 3399780 15167985 3400380
15170037 3398340 15171633 3399420
15162741 3358980 15164337 3360060
15169923 3557700 15171063 3558300
15162855 3563940 15163995 3564540
15171747 3540420 15173685 3541500
15162171 3364740 15164109 3365820
15159663 3478980 15161601 3480060
15155331 3462660 15157269 3463740
15152823 3604740 15154761 3605820
15152823 3361860 15154761 3362940
15167643 3477060 15169125 3477660
15154647 3574020 15156129 3574620
15149859 3380580 15151341 3381180
15169239 3362340 15170265 3362940
15168099 3507300 15169125 3507900
15164907 3476580 15165933 3477180
15164223 3514500 15165249 3515100
15164223 3497220 15165249 3497820
15163083 3354180 15164109 3354780
15161943 3511140 15162969 3511740
15161715 3471780 15162741 3472380
15159891 3364740 15160917 3365340
15158523 3425220 15159549 3425820
15158295 3578340 15159321 3578940
15158067 3404580 15159093 3405180
15155103 3510660 15156129 3511260
15154647 3521700 15155673 3522300
15153735 3559140 15154761 3559740
15152367 3365700 15153393 3366300
15152139 3542820 15153165 3543420
15151455 3427140 15152481 3427740
15151227 3378180 15152253 3378780
15149859 3437220 15150885 3437820
15148491 3418980 15149517 3419580
15174483 3539940 15174825 3540540
15170151 3387300 15170493 3387900
15164223 3524580 15164565 3525180
15158067 3429540 15158409 3430140
15157839 3566820 15158181 3567420
15157839 3550020 15158181 3550620
15157041 3595620 15157383 3596220
15155901 3366660 15156243 3367260
15155787 3430500 15156129 3431100
15153051 3407460 15153393 3408060
15152139 3514500 15152481 3515100
15171519 3500580 15172317 3501180
15169011 3525540 15169809 3526140
15163539 3589860 15164337 3590460
15150315 3390180 15151113 3390780
15174027 3522180 15176193 3523260
15174027 3514500 15176193 3515580
15174027 3384900 15176193 3385980
15169239 3382980 15171405 3384060
15166959 3528900 15169125 3529980
15166959 3504900 15169125 3505980
15162171 3601860 15164337 3602940
15162171 3504900 15164337 3505980
15162171 3484740 15164337 3485820
15162171 3481860 15164337 3482940
15162171 3385860 15164337 3386940
15159891 3497220 15162057 3498300
15157383 3544260 15159549 3545340
15157383 3519300 15159549 3520380
15157383 3494340 15159549 3495420
15157383 3472260 15159549 3473340
15157383 3467460 15159549 3468540
15157383 3457860 15159549 3458940
15155103 3583620 15157269 3584700
15155103 3576900 15157269 3577980
15155103 3475140 15157269 3476220
15155103 3432900 15157269 3433980
15154875 3459780 15157041 3460860
15154875 3355140 15157041 3356220
15152595 3470340 15154761 3471420
15152595 3459780 15154761 3460860
15152595 3409860 15154761 3410940
15150315 3518340 15152481 3519420
15150087 3600900 15152253 3601980
15150087 3541380 15152253 3542460
15150087 3538500 15152253 3539580
15150087 3499140 15152253 3500220
15150087 3492420 15152253 3493500
15150087 3480900 15152253 3481980
15150087 3475140 15152253 3476220
15150087 3462660 15152253 3463740
15150087 3419460 15152253 3420540
15150087 3371460 15152253 3372540
15150087 3364740 15152253 3365820
15172659 3539460 15173913 3540060
15163083 3491940 15164337 3492540
15162627 3483300 15163881 3483900
15160347 3528420 15161601 3529020
15153279 3494820 15154533 3495420
15153279 3490500 15154533 3491100
15162627 3585540 15164223 3586620
15162513 3394500 15164109 3395580
15152937 3382980 15154533 3384060
15170265 3403620 15170493 3404220
15169809 3390180 15170037 3390780
15160803 3366660 15161031 3367260
15161943 3503940 15162399 3504540
15151341 3604260 15151797 3604860
15166503 3457860 15167187 3458940
15157155 3562500 15157839 3563580
15154305 3598980 15154989 3600060
15150429 3442500 15151113 3443580
15172203 3388260 15173229 3388860
15168099 3491460 15169125 3492060
15167871 3496740 15168897 3497340
15167415 3538020 15168441 3538620
15163083 3595620 15164109 3596220
15161031 3457860 15162057 3458460
15160347 3601380 15161373 3601980
15160119 3495300 15161145 3495900
15159663 3379140 15160689 3379740
15158523 3365220 15159549 3365820
15158295 3461700 15159321 3462300
15156243 3483780 15157269 3484380
15155331 3472260 15156357 3472860
15154875 3423780 15155901 3424380
15153735 3597060 15154761 3597660
15153051 3591780 15154077 3592380
15153051 3590820 15154077 3591420
15151455 3519780 15152481 3520380
15151455 3375300 15152481 3375900
15151227 3540420 15152253 3541020
15151227 3430020 15152253 3430620
15150999 3471780 15152025 3472380
15150087 3456900 15151113 3457500
15148947 3465540 15149973 3466140
15173799 3477060 15174597 3477660
15170835 3528420 15171633 3529020
15169695 3473700 15170493 3474300
15165135 3525540 15165933 3526140
15161943 3564420 15162741 3565020
15161943 3350820 15162741 3351420
15161259 3395460 15162057 3396060
15160803 3557700 15161601 3558300
15158523 3592740 15159321 3593340
15158523 3581220 15159321 3581820
15158523 3466500 15159321 3467100
15158523 3456900 15159321 3457500
15157383 3539460 15158181 3540060
15157155 3546660 15157953 3547260
15154647 3504900 15155445 3505500
15152367 3584580 15153165 3585180
15152367 3434820 15153165 3435420
15151683 3495300 15152481 3495900
15151455 3370500 15152253 3371100
15150087 3428100 15150885 3428700
15149859 3395940 15150657 3396540
15174483 3538500 15176079 3539580
15174483 3526980 15176079 3528060
15171063 3506820 15172659 3507900
15169809 3492420 15171405 3493500
15167529 3494340 15169125 3495420
15167529 3379140 15169125 3380220
15167529 3371460 15169125 3372540
15167529 3355140 15169125 3356220
15167415 3480900 15169011 3481980
15167415 3472260 15169011 3473340
15162741 3540420 15164337 3541500
15162741 3523140 15164337 3524220
15162741 3489540 15164337 3490620
15162741 3476100 15164337 3477180
15162741 3474180 15164337 3475260
15162741 3469380 15164337 3470460
15162399 3507780 15163995 3508860
15160119 3487620 15161715 3488700
15160119 3351300 15161715 3352380
15160005 3463620 15161601 3464700
15159891 3592260 15161487 3593340
15159891 3589380 15161487 3590460
15159891 3564420 15161487 3565500
15159663 3579780 15161259 3580860
15158979 3516420 15160575 3517500
15158979 3394500 15160575 3395580
15158979 3368580 15160575 3369660
15157953 3487620 15159549 3488700
15157839 3572100 15159435 3573180
15156699 3465540 15158295 3466620
15155673 3405060 15157269 3406140
15155331 3578820 15156927 3579900
15155331 3538500 15156927 3539580
15155331 3484740 15156927 3485820
15155331 3426180 15156927 3427260
15155331 3401220 15156927 3402300
15155331 3379140 15156927 3380220
15155217 3502020 15156813 3503100
15155217 3492420 15156813 3493500
15155103 3555780 15156699 3556860
15155103 3531780 15156699 3532860
15154989 3572100 15156585 3573180
15154989 3526980 15156585 3528060
15154875 3516420 15156471 3517500
15154875 3514500 15156471 3515580
15153165 3561540 15154761 3562620
15153165 3555780 15154761 3556860
15153165 3511620 15154761 3512700
15153165 3467460 15154761 3468540
15153165 3354180 15154761 3355260
15153165 3350340 15154761 3351420
15153051 3472260 15154647 3473340
15153051 3429060 15154647 3430140
15152937 3378180 15154533 3379260
15152823 3374340 15154419 3375420
15152709 3454020 15154305 3455100
15151911 3389700 15153507 3390780
15172431 3397380 15173457 3397980
15161487 3543300 15162513 3543900
15151911 3483300 15152937 3483900
15174711 3525060 15175281 3525660
15174483 3541380 15175053 3541980
15173799 3486660 15174369 3487260
15171747 3489540 15172317 3490140
15171747 3391620 15172317 3392220
15169695 3549060 15170265 3549660
15169011 3552420 15169581 3553020
15169011 3478980 15169581 3479580
15164223 3593220 15164793 3593820
15162855 3437220 15163425 3437820
15161943 3568260 15162513 3568860
15161943 3552900 15162513 3553500
15161943 3491940 15162513 3492540
15161943 3429540 15162513 3430140
15161943 3359940 15162513 3360540
15161487 3571620 15162057 3572220
15160803 3586020 15161373 3586620
15159891 3454980 15160461 3455580
15159435 3376260 15160005 3376860
15158979 3502980 15159549 3503580
15158067 3583140 15158637 3583740
15157383 3420420 15157953 3421020
15156699 3515940 15157269 3516540
15154647 3506340 15155217 3506940
15154647 3390180 15155217 3390780
15154647 3373380 15155217 3373980
15153051 3583620 15153621 3584220
15152367 3599940 15152937 3600540
15152367 3461220 15152937 3461820
15151911 3577860 15152481 3578460
15151911 3391140 15152481 3391740
15151455 3414660 15152025 3415260
15151455 3413700 15152025 3414300
15151227 3359940 15151797 3360540
15150087 3529860 15150657 3530460
15149859 3436260 15150429 3436860
15149859 3424740 15150429 3425340
15149859 3388260 15150429 3388860
15149859 3385860 15150429 3386460
15149859 3359460 15150429 3360060
15149859 3354180 15150429 3354780
15147579 3390660 15148149 3391260
15170607 3526980 15171177 3527580
15170151 3478020 15170721 3478620
15169239 3374820 15169809 3375420
15168099 3476100 15168669 3476700
15167187 3488580 15167757 3489180
15166275 3383460 15166845 3384060
15163083 3433860 15163653 3434460
15162627 3579780 15163197 3580380
15160575 3518340 15161145 3518940
15160575 3489540 15161145 3490140
15160119 3370500 15160689 3371100
15158523 3470340 15159093 3470940
15158067 3604260 15158637 3604860
15156699 3504900 15157269 3505500
15156015 3604260 15156585 3604860
15155331 3470340 15155901 3470940
15154875 3557700 15155445 3558300
15154191 3524580 15154761 3525180
15153735 3538980 15154305 3539580
15153735 3528900 15154305 3529500
15153051 3536580 15153621 3537180
15153051 3513060 15153621 3513660
15152823 3402180 15153393 3402780
15151455 3459780 15152025 3460380
15161487 3352740 15162627 3353340
15157611 3490980 15158751 3491580
15153507 3598020 15154647 3598620
15198081 3376260 15198651 3377340
15171291 3477060 15171861 3478140
15170151 3381060 15170721 3382140
15163767 3382980 15164337 3384060
15162171 3557700 15162741 3558780
15161715 3521220 15162285 3522300
15161715 3495300 15162285 3496380
15157383 3512580 15157953 3513660
15156927 3454980 15157497 3456060
15153735 3549060 15154305 3550140
15152139 3457860 15152709 3458940
15176307 3513060 15184059 3513660
15176307 3508260 15184059 3508860
15183945 3357540 15192723 3359100
15298401 3532260 15334995 3562620
15298401 3501540 15334995 3531900
15298401 3470820 15334995 3501180
15298401 3440100 15334995 3470460
15298401 3378660 15334995 3409020
15146781 3575940 15148263 3576540
15146781 3370500 15148263 3371100
15164223 3401700 15166161 3403260
15158865 3491940 15161145 3492540
15153507 3499140 15155787 3499740
15148149 3537060 15150429 3537660
15146781 3378660 15149061 3379260
15159435 3477060 15161943 3477660
15155673 3508740 15158181 3509340
15170721 3520740 15174825 3521340
15168327 3535140 15172431 3535740
15159321 3512580 15163425 3513180
15146781 3606180 15150885 3606780
15146781 3561540 15150885 3562140
15146781 3400260 15150885 3400860
15198081 3571620 15198651 3573180
15198081 3524580 15198651 3526140
15198081 3423780 15198651 3425340
15174825 3397380 15198651 3397980
15173799 3531780 15197625 3532380
15149403 3431940 15151797 3432540
15160575 3360900 15162285 3361500
15176079 3488580 15198081 3489180
15176079 3391620 15198081 3392220
15175965 3536580 15197967 3537180
15175851 3473220 15197853 3473820
15175851 3412740 15197853 3413340
15160575 3460260 15182577 3460860
15165135 3606660 15173913 3607260
15165135 3512580 15173913 3513180
15165135 3420420 15173913 3421020
15165135 3366660 15173913 3367260
15183375 3568740 15185427 3569340
15183375 3398820 15185427 3399420
15183375 3385380 15185427 3385980
15159891 3391140 15161259 3391740
15164223 3556740 15165249 3557340
15161943 3506820 15162969 3507420
15161943 3392100 15162969 3392700
15159891 3470820 15160917 3471420
15159891 3392580 15160917 3393180
15159891 3390180 15160917 3390780
15171519 3529860 15172203 3530460
15170721 3500580 15171405 3501180
15169125 3500580 15169809 3501180
15168669 3487140 15169353 3487740
15164109 3572580 15164793 3573180
15164109 3457380 15164793 3457980
15163995 3353220 15164679 3353820
15161943 3458820 15162627 3459420
15161601 3478500 15162285 3479100
15161373 3428580 15162057 3429180
15160347 3570180 15161031 3570780
15156585 3564420 15157269 3565020
15154419 3581700 15155103 3582300
15153051 3367140 15153735 3367740
15152367 3426180 15153051 3426780
15150429 3546660 15151113 3547260
15166503 3597060 15181209 3600540
15148149 3599940 15150201 3600540
15148149 3506820 15150201 3507420
15148149 3502980 15150201 3503580
15146781 3549060 15148833 3549660
15175053 3387780 15175281 3388380
15174597 3420900 15174825 3421500
15174483 3393060 15174711 3393660
15171747 3526980 15171975 3527580
15162627 3494820 15162855 3495420
15156585 3376740 15156813 3377340
15152253 3601860 15152481 3602460
15151341 3465540 15151569 3466140
15148149 3358980 15148377 3359580
15172659 3441540 15198309 3442140
15172431 3372420 15198081 3373020
15171405 3479940 15197055 3480540
15170835 3556740 15196485 3557340
15170607 3547140 15196257 3547740
15170379 3349380 15196029 3349980
15170037 3427140 15195687 3427740
15164793 3570180 15166617 3570780
15164793 3502980 15166617 3503580
15164793 3473220 15166617 3473820
15172545 3509700 15173001 3510300
15167757 3374820 15168213 3375420
15164109 3558180 15164565 3558780
15162399 3517380 15162855 3517980
15161829 3388740 15162285 3389340
15161715 3375780 15162171 3376380
15159663 3574020 15160119 3574620
15159435 3602820 15159891 3603420
15159321 3528900 15159777 3529500
15157611 3463140 15158067 3463740
15154647 3469380 15155103 3469980
15151683 3399780 15152139 3400380
15160119 3397860 15164793 3398460
15189075 3517380 15198309 3517980
15192609 3393060 15198195 3393660
15158751 3486660 15164337 3487260
15152139 3353220 15157725 3353820
15149631 3507780 15155217 3508380
15148149 3477540 15153735 3478140
15146781 3479460 15152367 3480060
15146781 3382020 15152367 3382620
15334881 3437220 15373755 3437820
15169239 3446340 15198537 3446940
15169011 3546180 15198309 3546780
15169011 3516420 15198309 3517020
15169011 3497220 15198309 3497820
15169011 3378180 15198309 3378780
15169011 3373380 15198309 3373980
15168783 3502980 15198081 3503580
15168555 3575940 15197853 3576540
15168555 3465540 15197853 3466140
15168099 3350340 15197397 3350940
15167985 3484740 15197283 3485340
15167871 3566340 15197169 3566940
15167871 3564420 15197169 3565020
15167757 3603780 15197055 3604380
15167415 3545220 15196713 3545820
15166503 3602820 15195801 3603420
15166503 3595140 15195801 3595740
15166503 3590340 15195801 3590940
15166503 3455940 15195801 3456540
15166503 3426180 15195801 3426780
15166503 3422340 15195801 3422940
15166503 3411780 15195801 3412380
15165135 3574980 15166617 3576540
15165135 3573060 15166617 3574620
15165135 3566340 15166617 3567900
15165135 3564420 15166617 3565980
15165135 3547140 15166617 3548700
15165135 3544260 15166617 3545820
15165135 3529860 15166617 3531420
15165135 3510660 15166617 3512220
15165135 3500100 15166617 3501660
15165135 3482820 15166617 3484380
15165135 3445380 15166617 3446940
15165135 3440580 15166617 3442140
15165135 3431940 15166617 3433500
15165135 3399300 15166617 3400860
15165135 3390660 15166617 3392220
15190671 3493380 15198081 3494940
15156927 3348420 15164337 3349980
15195459 3379140 15197397 3379740
15167643 3403140 15169581 3403740
15167415 3540420 15169353 3541020
15166503 3398340 15168441 3398940
15160347 3587940 15162285 3588540
15160119 3493380 15162057 3493980
15159435 3560100 15161373 3560700
15159435 3511620 15161373 3512220
15158523 3358980 15160461 3359580
15157155 3396900 15159093 3397500
15156927 3424260 15158865 3424860
15155331 3491460 15157269 3492060
15155103 3495300 15157041 3495900
15154647 3473700 15156585 3474300
15154419 3464580 15156357 3465180
15153963 3518340 15155901 3518940
15153735 3368580 15155673 3369180
15153507 3480900 15155445 3481500
15153507 3363780 15155445 3364380
15152367 3455460 15154305 3456060
15152139 3595140 15154077 3595740
15152139 3574020 15154077 3574620
15152139 3421380 15154077 3421980
15151683 3452580 15153621 3453180
15151569 3436260 15153507 3436860
15149859 3603300 15151797 3603900
15149859 3421860 15151797 3422460
15174483 3382980 15175053 3383580
15171063 3521700 15171633 3522300
15170607 3513540 15171177 3514140
15170379 3540420 15170949 3541020
15169011 3401220 15169581 3401820
15166503 3546180 15167073 3546780
15166503 3489540 15167073 3490140
15166503 3358980 15167073 3359580
15164679 3373380 15165249 3373980
15164223 3393060 15164793 3393660
15163995 3454020 15164565 3454620
15163083 3567780 15163653 3568380
15162855 3462660 15163425 3463260
15161943 3383460 15162513 3384060
15161715 3534660 15162285 3535260
15161715 3467460 15162285 3468060
15160575 3575940 15161145 3576540
15159435 3576900 15160005 3577500
15158523 3403620 15159093 3404220
15157839 3454020 15158409 3454620
15157611 3380580 15158181 3381180
15157155 3507780 15157725 3508380
15156813 3397860 15157383 3398460
15156699 3380580 15157269 3381180
15154191 3501540 15154761 3502140
15152367 3446340 15152937 3446940
15150087 3466500 15150657 3467100
15149403 3408900 15149973 3409500
15164907 3579780 15166617 3580380
15164907 3552900 15166617 3553500
15164907 3491460 15166617 3492060
15164907 3478980 15166617 3479580
15164907 3471300 15166617 3471900
15164907 3447300 15166617 3447900
15164907 3427140 15166617 3427740
15164907 3406980 15166617 3407580
15164907 3363780 15166617 3364380
15164907 3353220 15166617 3353820
15183717 3443940 15184059 3444540
15173799 3492900 15174141 3493500
15168783 3445860 15169125 3446460
15167871 3514500 15168213 3515100
15166731 3467940 15167073 3468540
15166503 3521220 15166845 3521820
15166503 3388740 15166845 3389340
15164223 3542340 15164565 3542940
15163083 3527940 15163425 3528540
15161943 3396420 15162285 3397020
15161943 3366660 15162285 3367260
15160119 3605700 15160461 3606300
15157725 3540420 15158067 3541020
15157611 3585060 15157953 3585660
15157611 3556260 15157953 3556860
15155331 3387300 15155673 3387900
15151683 3525060 15152025 3525660
15150771 3454020 15151113 3454620
15149859 3533220 15150201 3533820
15149859 3514500 15150201 3515100
15149403 3428580 15149745 3429180
15169923 3407940 15170949 3408540
15167643 3377700 15168669 3378300
15166503 3470340 15167529 3470940
15166503 3379140 15167529 3379740
15161715 3479940 15162741 3480540
15158751 3508740 15159777 3509340
15158751 3499140 15159777 3499740
15156927 3498660 15157953 3499260
15156243 3513540 15157269 3514140
15156015 3494340 15157041 3494940
15153963 3541860 15154989 3542460
15152367 3501540 15153393 3502140
15151911 3555300 15152937 3555900
15148149 3589860 15149175 3590460
15148149 3586980 15149175 3587580
15148149 3527940 15149175 3528540
15148149 3494340 15149175 3494940
15148149 3467940 15149175 3468540
15148149 3466500 15149175 3467100
15146781 3421380 15147807 3421980
15153963 3554340 15165021 3554940
15146781 3608580 15157839 3609180
15146781 3580260 15157839 3580860
15146781 3449700 15157839 3450300
15146781 3394020 15157839 3394620
15166503 3593220 15195801 3594780
15166503 3435780 15195801 3437340
15183831 3450180 15198537 3451740
15181095 3607620 15195801 3609180
15175623 3382020 15190329 3383580
15166503 3560580 15181209 3562140
15165135 3605700 15166617 3606300
15165135 3600900 15166617 3601500
15165135 3596100 15166617 3596700
15165135 3582660 15166617 3583260
15165135 3576900 15166617 3577500
15165135 3568260 15166617 3568860
15165135 3538500 15166617 3539100
15165135 3532740 15166617 3533340
15165135 3524100 15166617 3524700
15165135 3522180 15166617 3522780
15165135 3503940 15166617 3504540
15165135 3490500 15166617 3491100
15165135 3486660 15166617 3487260
15165135 3479940 15166617 3480540
15165135 3464580 15166617 3465180
15165135 3430020 15166617 3430620
15165135 3404100 15166617 3404700
15165135 3397380 15166617 3397980
15165135 3385860 15166617 3386460
15165135 3375300 15166617 3375900
15165135 3361860 15166617 3362460
15165135 3350340 15166617 3350940
15460167 3410820 15463929 3411420
15170607 3386820 15174369 3387420
15169695 3486660 15173457 3487260
15169239 3488100 15173001 3488700
15169011 3402180 15172773 3402780
15168555 3508740 15172317 3509340
15166503 3526980 15170265 3527580
15166503 3453060 15170265 3453660
15165135 3542820 15168897 3543420
15164223 3515940 15167985 3516540
15164223 3506340 15167985 3506940
15164223 3449700 15167985 3450300
15161943 3387300 15165705 3387900
15161487 3603780 15165249 3604380
15161259 3369540 15165021 3370140
15160575 3538020 15164337 3538620
15160575 3446340 15164337 3446940
15160347 3547140 15164109 3547740
15160347 3530820 15164109 3531420
15159435 3502020 15163197 3502620
15159435 3500100 15163197 3500700
15159321 3527460 15163083 3528060
15159207 3400260 15162969 3400860
15159093 3426660 15162855 3427260
15158979 3435300 15162741 3435900
15158523 3356580 15162285 3357180
15158295 3594180 15162057 3594780
15158295 3505380 15162057 3505980
15158181 3526500 15161943 3527100
15157839 3406020 15161601 3406620
15157611 3532740 15161373 3533340
15157155 3357540 15160917 3358140
15156927 3363780 15160689 3364380
15156471 3588420 15160233 3589020
15156471 3469380 15160233 3469980
15155787 3409380 15159549 3409980
15155331 3569220 15159093 3569820
15155331 3360420 15159093 3361020
15154647 3522660 15158409 3523260
15154647 3489540 15158409 3490140
15154647 3478980 15158409 3479580
15154647 3372420 15158409 3373020
15154647 3359460 15158409 3360060
15154533 3560580 15158295 3561180
15154305 3478020 15158067 3478620
15154077 3448740 15157839 3449340
15153963 3500100 15157725 3500700
15152367 3404100 15156129 3404700
15152367 3397380 15156129 3397980
15152367 3380580 15156129 3381180
15152139 3568260 15155901 3568860
15152139 3520740 15155901 3521340
15152139 3412740 15155901 3413340
15150999 3562980 15154761 3563580
15150543 3588420 15154305 3589020
15150543 3523620 15154305 3524220
15150087 3586500 15153849 3587100
15149859 3582180 15153621 3582780
15149631 3488100 15153393 3488700
15148491 3497220 15152253 3497820
15148149 3596580 15151911 3597180
15148149 3592740 15151911 3593340
15148149 3573540 15151911 3574140
15148149 3532260 15151911 3532860
15148149 3511620 15151911 3512220
15148149 3503940 15151911 3504540
15148149 3376740 15151911 3377340
15148149 3373380 15151911 3373980
15148149 3369540 15151911 3370140
15146781 3577860 15150543 3578460
15146781 3564900 15150543 3565500
15146781 3558180 15150543 3558780
15146781 3521220 15150543 3521820
15146781 3483300 15150543 3483900
15146781 3459300 15150543 3459900
15146781 3454500 15150543 3455100
15146781 3450660 15150543 3451260
15146781 3440580 15150543 3441180
15146781 3417060 15150543 3417660
15146781 3415140 15150543 3415740
15146781 3397380 15150543 3397980
15146781 3362340 15150543 3362940
15183603 3457860 15198309 3458460
15181095 3478020 15195801 3478620
15180753 3604740 15195459 3605340
15180639 3447300 15195345 3447900
15179271 3542340 15193977 3542940
15178359 3505860 15193065 3506460
15177447 3388740 15192153 3389340
15176763 3515460 15191469 3516060
15176307 3532740 15191013 3533340
15176307 3526020 15191013 3526620
15176307 3449220 15191013 3449820
15176307 3386820 15191013 3387420
15169011 3467460 15183717 3468060
15168783 3474660 15183489 3475260
15168555 3459300 15183261 3459900
15168099 3464100 15182805 3464700
15167643 3414180 15182349 3414780
15166731 3482340 15181437 3482940
15166503 3439620 15181209 3440220
15164793 3555300 15179499 3555900
15163653 3443940 15178359 3444540
15163311 3550500 15178017 3551100
15162399 3578340 15177105 3578940
15159435 3410340 15174141 3410940
15157839 3417060 15172545 3417660
15156927 3418980 15171633 3419580
15156927 3415140 15171633 3415740
15177447 3428100 15184857 3428700
15176535 3559140 15183945 3559740
15176079 3500100 15183489 3500700
15176079 3492900 15183489 3493500
15175623 3534180 15183033 3534780
15175395 3539940 15182805 3540540
15175167 3366180 15182577 3366780
15173799 3501540 15181209 3502140
15173799 3454980 15181209 3455580
15171063 3478500 15178473 3479100
15170835 3498660 15178245 3499260
15169695 3587940 15177105 3588540
15169467 3579300 15176877 3579900
15165363 3395940 15172773 3396540
15160119 3581220 15167529 3581820
15160119 3498660 15167529 3499260
15159891 3409380 15167301 3409980
15159207 3562980 15166617 3563580
15159093 3421860 15166503 3422460
15158751 3422820 15166161 3423420
15157839 3584100 15165249 3584700
15156471 3431940 15163881 3432540
15153279 3451140 15160689 3451740
15152139 3535140 15159549 3535740
15152139 3447300 15159549 3447900
15150429 3394980 15157839 3395580
15150315 3356580 15157725 3357180
15150087 3439620 15157497 3440220
15146781 3411780 15154191 3412380
15146781 3406020 15154191 3406620
