15334881 3505860 15468375 3536700
15334881 3444420 15468375 3475260
15334881 3348420 15468375 3379260
15171291 3527940 15196941 3528540
15151683 3604740 15152937 3605340
15156927 3561540 15161601 3562140
15151911 3471780 15156585 3472380
15169239 3468420 15170037 3469500
15168555 3450180 15169353 3451260
15168555 3446340 15169353 3447420
15167415 3447300 15168213 3448380
15166731 3393540 15167529 3394620
15166731 3385860 15167529 3386940
15164451 3568260 15165249 3569340
15164451 3566340 15165249 3567420
15163539 3568260 15164337 3569340
15162627 3569220 15163425 3570300
15158523 3567300 15159321 3568380
15157155 3566340 15157953 3567420
15156015 3452100 15156813 3453180
15155787 3384900 15156585 3385980
15154647 3501060 15155445 3502140
15153507 3548100 15154305 3549180
15153279 3553860 15154077 3554940
15152595 3551940 15153393 3553020
15152595 3548100 15153393 3549180
15150999 3452100 15151797 3453180
15150999 3442500 15151797 3443580
15150087 3542340 15150885 3543420
15149859 3593220 15150657 3594300
15149859 3548100 15150657 3549180
15149403 3452100 15150201 3453180
15148491 3551940 15149289 3553020
15161031 3556740 15162627 3557820
15151683 3350340 15153279 3351420
15150429 3450180 15152025 3451260
15173799 3553860 15195801 3554460
15161715 3444900 15183717 3445500
15171519 3390180 15182577 3390780
15153507 3446340 15160005 3446940
15153051 3542820 15159549 3543420
15173571 3389220 15176877 3389820
15164223 3408420 15167529 3409020
15163539 3404580 15166845 3405180
15161943 3356100 15165249 3356700
15158979 3454020 15162285 3454620
15151683 3543780 15154989 3544380
15150087 3418980 15153393 3419580
15149859 3559620 15153165 3560220
15146781 3489060 15149973 3489660
15146781 3441060 15152367 3441660
15148149 3597060 15150201 3597660
15148149 3582660 15150201 3583260
15148149 3576900 15150201 3577500
15148149 3538500 15150201 3539100
15148149 3530820 15150201 3531420
15148149 3364740 15150201 3365340
15148149 3362820 15150201 3363420
15148149 3360900 15150201 3361500
15148149 3351300 15150201 3351900
15146781 3452580 15148833 3453180
15146781 3408900 15148833 3409500
15159663 3558660 15161601 3559740
15156699 3400260 15158637 3401340
15153963 3441540 15155901 3442620
15150543 3583620 15152481 3584700
15150087 3598020 15152025 3599100
15151683 3527460 15155103 3528060
15148149 3476100 15151569 3476700
15146781 3605700 15150201 3606300
15146781 3562020 15150201 3562620
15146781 3535140 15150201 3535740
15146781 3591780 15150201 3592380
15146781 3490980 15150201 3491580
15146781 3353700 15150201 3354300
15161373 3368100 15164565 3368700
15146781 3444900 15149973 3445500
15148149 3478020 15150429 3478620
15165135 3559620 15173913 3560220
15171291 3530820 15174369 3531420
15178131 3362820 15196485 3363420
15164907 3434340 15183261 3434940
15148149 3583620 15149973 3584220
15148149 3490020 15149973 3490620
15148149 3485700 15149973 3486300
15148149 3481860 15149973 3482460
15148149 3358020 15149973 3358620
15146781 3585540 15148605 3586140
15146781 3533700 15148605 3534300
15146781 3517380 15148605 3517980
15146781 3497220 15148605 3497820
15166047 3402660 15167757 3403260
15163539 3496740 15165249 3497340
15157383 3548100 15159093 3548700
15150087 3567780 15151797 3568380
15148491 3509700 15150201 3510300
15148491 3473220 15150201 3473820
15147807 3501060 15149517 3501660
15156015 3418500 15165249 3419100
15149631 3370980 15158865 3371580
15146781 3424260 15156015 3424860
15146781 3386340 15156015 3386940
15153507 3373860 15155901 3374460
15186339 3370500 15197397 3371100
15184743 3552900 15195801 3553500
15184287 3448260 15195345 3448860
15172659 3423780 15183717 3424380
15162627 3596580 15164337 3597180
15149859 3533700 15151569 3534300
15163083 3543300 15164565 3543900
15163083 3436260 15164565 3436860
15158979 3601380 15160461 3601980
15158751 3388260 15160233 3388860
15151455 3572580 15152937 3573180
15151455 3493380 15152937 3493980
15149403 3517380 15150885 3517980
15153507 3486660 15155445 3487260
15150543 3529860 15152481 3530460
15148149 3502500 15149289 3503100
15148149 3370980 15149289 3371580
15154647 3595620 15157155 3596220
15148149 3522660 15150657 3523260
15148149 3513060 15150657 3513660
15146781 3402180 15149289 3402780
15170835 3384900 15172089 3385500
15168555 3490500 15169809 3491100
15168099 3538980 15169353 3539580
15166275 3464100 15167529 3464700
15163995 3394500 15165249 3395100
15163311 3407460 15164565 3408060
15162627 3384900 15163881 3385500
15162171 3587940 15163425 3588540
15161943 3524100 15163197 3524700
15161943 3464580 15163197 3465180
15156243 3570180 15157497 3570780
15155559 3510180 15156813 3510780
15154647 3470820 15155901 3471420
15153963 3589860 15155217 3590460
15150999 3607620 15152253 3608220
15149859 3563460 15151113 3564060
15148605 3436260 15149973 3436860
15148149 3598500 15149517 3599100
15148149 3536100 15149517 3536700
15148149 3505860 15149517 3506460
15148149 3472260 15149517 3472860
15148149 3350340 15149517 3350940
15168555 3528420 15170949 3529020
15162171 3558660 15164565 3559260
15159663 3350820 15162057 3351420
15156243 3456900 15158637 3457500
15149403 3525060 15151797 3525660
15167415 3388260 15169125 3388860
15166959 3539940 15168669 3540540
15163767 3490980 15165477 3491580
15163767 3453540 15165477 3454140
15157611 3563940 15159321 3564540
15154875 3586980 15156585 3587580
15152139 3597540 15153849 3598140
15149859 3374820 15151569 3375420
15167415 3389700 15168897 3390300
15166503 3490500 15167985 3491100
15165591 3484260 15167073 3484860
15161715 3382980 15163197 3383580
15161259 3586020 15162741 3586620
15160803 3493860 15162285 3494460
15160803 3357540 15162285 3358140
15160575 3596100 15162057 3596700
15159891 3507780 15161373 3508380
15159435 3467460 15160917 3468060
15157155 3583620 15158637 3584220
15156243 3515460 15157725 3516060
15156243 3464580 15157725 3465180
15155331 3521220 15156813 3521820
15153735 3559620 15155217 3560220
15153507 3566340 15154989 3566940
15150543 3382500 15152025 3383100
15149859 3587940 15151341 3588540
15148491 3574020 15149973 3574620
15164223 3525060 15166617 3525660
15164223 3493380 15166617 3493980
15164223 3492420 15166617 3493020
15164223 3469380 15166617 3469980
15164223 3465540 15166617 3466140
15164223 3372420 15166617 3373020
15167073 3390660 15168897 3391740
15171405 3443460 15186111 3444060
15170151 3438660 15184857 3439260
15168327 3538020 15183033 3538620
15167871 3491940 15182577 3492540
15165819 3476580 15180525 3477180
15163311 3562020 15178017 3562620
15162399 3429540 15177105 3430140
15155559 3378180 15156699 3379260
15173115 3381060 15174825 3381660
15172659 3513060 15174369 3513660
15167415 3540900 15169125 3541500
15166959 3527460 15168669 3528060
15163539 3548100 15165249 3548700
15161715 3522660 15163425 3523260
15159435 3517380 15161145 3517980
15157155 3475140 15158865 3475740
15152595 3525540 15154305 3526140
15152595 3450660 15154305 3451260
15152139 3410820 15153849 3411420
15151455 3414180 15153165 3414780
15150087 3440100 15151797 3440700
15149859 3565380 15151569 3565980
15148491 3570180 15150201 3570780
15148491 3499620 15150201 3500220
15148491 3480900 15150201 3481500
15148491 3439140 15150201 3439740
15196827 3541380 15198651 3541980
15170949 3369540 15172773 3370140
15160233 3408420 15162057 3409020
15158181 3560580 15160005 3561180
15154533 3429540 15156357 3430140
15153963 3505860 15155787 3506460
15150429 3448260 15152253 3448860
15192609 3520740 15198195 3521340
15192609 3443940 15198195 3444540
15192609 3376260 15198195 3376860
15192267 3371460 15197853 3372060
15178131 3457380 15183717 3457980
15166731 3493860 15172317 3494460
15161943 3411300 15167529 3411900
15159435 3447300 15165021 3447900
15154647 3576420 15160233 3577020
15154305 3448260 15159891 3448860
15151797 3459300 15157383 3459900
15151683 3546660 15157269 3547260
15146781 3601860 15152367 3602460
15183603 3586500 15198309 3587100
15183375 3462660 15198081 3463260
15182235 3563460 15196941 3564060
15181095 3592260 15195801 3592860
15181095 3437700 15195801 3438300
15181095 3419460 15195801 3420060
15170037 3360900 15184743 3361500
15169011 3466980 15183717 3467580
15169011 3371940 15183717 3372540
15168783 3452100 15183489 3452700
15166731 3467460 15167529 3468060
15183603 3581700 15198309 3582300
15182691 3461700 15197397 3462300
15176991 3519300 15191697 3519900
15176991 3418500 15191697 3419100
15175167 3365700 15189873 3366300
15175053 3381060 15189759 3381660
15172431 3409860 15187137 3410460
15172203 3582660 15186909 3583260
15171975 3543300 15186681 3543900
15171747 3380100 15186453 3380700
15171519 3357060 15186225 3357660
15171063 3572100 15185769 3572700
15169923 3442500 15184629 3443100
15169695 3471300 15184401 3471900
15168783 3456420 15183489 3457020
15168669 3548100 15183375 3548700
15168099 3558180 15182805 3558780
15168099 3408420 15182805 3409020
15168099 3350820 15182805 3351420
15167871 3605220 15182577 3605820
15167871 3566820 15182577 3567420
15167643 3413700 15182349 3414300
15166731 3480420 15181437 3481020
15166503 3576900 15181209 3577500
15166503 3544260 15181209 3544860
15166503 3432900 15181209 3433500
15166503 3356100 15181209 3356700
15166503 3352260 15181209 3352860
15163767 3428580 15178473 3429180
15161715 3606180 15176421 3606780
15161601 3427620 15176307 3428220
15161259 3601380 15175965 3601980
15171519 3541860 15172773 3542460
15171519 3472260 15172773 3472860
15170151 3382020 15171405 3382620
15169239 3368580 15170493 3369180
15169011 3387300 15170265 3387900
15165363 3488100 15166617 3488700
15164223 3521700 15165477 3522300
15164223 3520740 15165477 3521340
15163767 3591780 15165021 3592380
15163767 3466500 15165021 3467100
15160803 3371940 15162057 3372540
15159207 3356100 15160461 3356700
15158295 3478500 15159549 3479100
15158067 3493860 15159321 3494460
15158067 3476100 15159321 3476700
15158067 3398820 15159321 3399420
15157383 3425220 15158637 3425820
15157155 3522180 15158409 3522780
15152139 3490500 15153393 3491100
15149859 3497700 15151113 3498300
15149859 3455940 15151113 3456540
15197055 3571140 15198651 3571740
15197055 3407940 15198651 3408540
15197055 3402180 15198651 3402780
15182463 3602340 15184059 3602940
15182463 3577380 15184059 3577980
15170949 3511620 15172545 3512220
15162741 3420900 15164337 3421500
15158181 3536100 15159777 3536700
15150429 3417060 15152025 3417660
15149859 3435300 15151455 3435900
15146781 3575460 15148377 3576060
15190557 3394500 15197967 3395100
15189075 3480900 15196485 3481500
15188163 3591300 15195573 3591900
15187593 3524100 15195003 3524700
15187479 3399300 15194889 3399900
15187251 3423300 15194661 3423900
15186795 3490500 15194205 3491100
15185541 3557700 15192951 3558300
15185427 3495300 15192837 3495900
15185313 3514980 15192723 3515580
15177447 3510660 15184857 3511260
15177219 3384900 15184629 3385500
15173799 3481380 15181209 3481980
15173343 3447300 15180753 3447900
15171519 3415620 15178929 3416220
15170949 3468420 15178359 3469020
15170607 3514020 15178017 3514620
15170151 3549060 15177561 3549660
15169695 3567780 15177105 3568380
15169467 3552420 15176877 3553020
15169011 3449220 15176421 3449820
15165135 3596580 15172545 3597180
15165135 3588900 15172545 3589500
15158979 3413220 15166389 3413820
15149631 3438180 15157041 3438780
15148149 3578340 15155559 3578940
15172659 3520260 15176421 3520860
15170835 3362820 15174597 3363420
15168441 3416580 15172203 3417180
15168099 3498180 15171861 3498780
15166503 3529860 15170265 3530460
15166503 3511620 15170265 3512220
15166503 3353220 15170265 3353820
15164907 3556260 15168669 3556860
15164223 3514020 15167985 3514620
15163881 3552420 15167643 3553020
15163539 3419940 15167301 3420540
15162855 3441060 15166617 3441660
15162171 3549540 15165933 3550140
15161487 3528420 15165249 3529020
15160575 3349860 15164337 3350460
15158979 3483300 15162741 3483900
15158979 3439140 15162741 3439740
15158979 3365700 15162741 3366300
15158295 3396420 15162057 3397020
15158067 3471780 15161829 3472380
15157611 3552900 15161373 3553500
15156813 3379620 15160575 3380220
15156243 3607140 15160005 3607740
15155673 3430980 15159435 3431580
15154191 3440100 15157953 3440700
15153735 3574500 15157497 3575100
15153621 3408900 15157383 3409500
15153279 3606180 15157041 3606780
15149859 3389220 15153621 3389820
15146781 3457380 15150543 3457980
15146781 3447300 15150543 3447900
15146781 3414660 15150543 3415260
15146781 3413700 15150543 3414300
15146781 3409860 15150543 3410460
15195687 3424260 15198537 3424860
15175623 3535140 15178473 3535740
15173799 3441060 15176649 3441660
15172203 3391620 15175053 3392220
15171975 3412740 15174825 3413340
15171519 3507780 15174369 3508380
15170151 3591300 15173001 3591900
15169923 3539460 15172773 3540060
15169239 3423780 15172089 3424380
15169011 3489540 15171861 3490140
15167643 3380100 15170493 3380700
15167415 3573540 15170265 3574140
15166503 3534660 15169353 3535260
15166503 3382980 15169353 3383580
15166275 3504420 15169125 3505020
15164223 3452580 15167073 3453180
15161943 3498180 15164793 3498780
15161715 3484260 15164565 3484860
15159435 3519780 15162285 3520380
15159435 3482340 15162285 3482940
15159435 3361380 15162285 3361980
15158067 3549060 15160917 3549660
15157155 3364740 15160005 3365340
15156471 3500580 15159321 3501180
15155331 3404580 15158181 3405180
15154647 3545220 15157497 3545820
15154647 3485700 15157497 3486300
15154419 3383460 15157269 3384060
15154191 3454980 15157041 3455580
15153963 3588900 15156813 3589500
15153507 3468900 15156357 3469500
15153279 3365700 15156129 3366300
15152139 3528420 15154989 3529020
15152139 3418020 15154989 3418620
15152139 3384420 15154989 3385020
15151911 3504900 15154761 3505500
15151683 3466980 15154533 3467580
15151227 3487620 15154077 3488220
15150771 3437220 15153621 3437820
15150315 3519300 15153165 3519900
15149859 3468900 15152709 3469500
15149859 3426660 15152709 3427260
15149859 3408420 15152709 3409020
15149859 3395460 15152709 3396060
15149859 3385380 15152709 3385980
15149859 3380100 15152709 3380700
15148491 3359940 15151341 3360540
15148263 3557220 15151113 3557820
15152823 3387780 15153963 3388860
15167529 3461700 15168213 3462300
15171975 3524100 15173115 3524700
15166845 3518820 15167985 3519420
15163197 3586980 15164337 3587580
15163197 3534660 15164337 3535260
15160917 3570180 15162057 3570780
15160575 3432420 15161715 3433020
15160119 3458340 15161259 3458940
15160119 3370980 15161259 3371580
15158067 3469860 15159207 3470460
15157383 3388260 15158523 3388860
15156129 3366660 15157269 3367260
15155103 3558180 15156243 3558780
15153279 3407460 15154419 3408060
15155787 3389220 15156243 3389820
15170835 3510180 15171861 3510780
15167073 3457860 15169125 3458940
15197739 3499140 15198651 3499740
15183147 3601380 15184059 3601980
15183147 3574500 15184059 3575100
15183147 3500580 15184059 3501180
15183147 3495780 15184059 3496380
15183147 3472740 15184059 3473340
15183147 3466020 15184059 3466620
15183147 3432420 15184059 3433020
15183147 3413220 15184059 3413820
15183147 3396900 15184059 3397500
15176649 3457380 15177561 3457980
15174141 3524580 15175053 3525180
15171861 3365700 15172773 3366300
15159663 3608100 15160575 3608700
15158181 3382020 15159093 3382620
15156813 3538980 15157725 3539580
15156813 3538020 15157725 3538620
15155901 3416580 15156813 3417180
15154533 3600900 15155445 3601500
15154533 3427140 15155445 3427740
15152139 3378180 15153051 3378780
15152025 3402180 15152937 3402780
15151797 3596580 15152709 3597180
15150429 3539940 15151341 3540540
15148605 3559620 15149517 3560220
15148605 3443940 15149517 3444540
15148149 3465540 15149061 3466140
15148149 3377220 15149061 3377820
15148149 3375780 15149061 3376380
15183261 3538980 15184059 3539580
15173343 3522180 15174141 3522780
15171291 3536580 15172089 3537180
15170379 3499620 15171177 3500220
15168783 3400260 15169581 3400860
15168555 3374820 15169353 3375420
15167871 3500580 15168669 3501180
15166959 3489060 15167757 3489660
15166731 3587940 15167529 3588540
15166503 3566340 15167301 3566940
15166503 3564420 15167301 3565020
15166503 3462660 15167301 3463260
15166503 3414660 15167301 3415260
15166047 3362340 15166845 3362940
15164451 3390660 15165249 3391260
15164223 3519780 15165021 3520380
15164223 3495780 15165021 3496380
15162399 3428580 15163197 3429180
15162399 3359940 15163197 3360540
15162171 3419460 15162969 3420060
15161715 3490980 15162513 3491580
15161715 3407460 15162513 3408060
15160803 3543300 15161601 3543900
15160803 3384900 15161601 3385500
15160347 3547620 15161145 3548220
15159207 3589860 15160005 3590460
15159207 3470820 15160005 3471420
15158979 3577860 15159777 3578460
15158979 3474180 15159777 3474780
15158979 3383940 15159777 3384540
15158979 3353700 15159777 3354300
15156927 3423780 15157725 3424380
15154647 3519300 15155445 3519900
15154647 3462660 15155445 3463260
15154647 3362820 15155445 3363420
15147579 3568740 15148377 3569340
15158067 3550020 15159093 3550620
15164679 3540900 15165249 3541500
15159891 3590820 15160461 3591420
15158979 3551460 15159549 3552060
15153279 3457860 15154077 3458460
15159207 3461220 15160005 3461820
15157839 3403620 15158637 3404220
15156927 3412740 15157725 3413340
15154419 3495300 15155217 3495900
15152139 3416100 15152937 3416700
15149631 3504420 15150429 3505020
15161715 3401220 15164337 3402300
15159435 3544260 15162057 3545340
15159435 3462660 15162057 3463740
15156927 3477060 15159549 3478140
15149859 3574980 15152481 3576060
15149859 3494340 15152481 3495420
15153849 3496740 15154761 3497340
15148605 3600420 15149517 3601020
15148605 3428580 15149517 3429180
15166959 3456900 15167529 3457500
15169695 3555780 15170721 3556860
15168099 3487140 15168783 3487740
15167187 3603780 15167871 3604380
15160917 3576900 15161373 3577500
15161031 3478500 15161715 3479100
15195915 3396420 15197853 3397020
15195003 3501060 15196941 3501660
15195003 3400260 15196941 3400860
15172203 3395460 15174141 3396060
15169239 3370980 15171177 3371580
15167643 3563940 15169581 3564540
15167415 3362340 15169353 3362940
15166503 3399300 15168441 3399900
15165135 3500580 15167073 3501180
15165135 3451620 15167073 3452220
15165135 3403620 15167073 3404220
15163083 3383940 15165021 3384540
15162627 3454500 15164565 3455100
15162399 3593700 15164337 3594300
15161943 3395460 15163881 3396060
15158979 3509700 15160917 3510300
15157839 3487140 15159777 3487740
15156471 3541860 15158409 3542460
15155331 3358020 15157269 3358620
15154647 3561540 15156585 3562140
15154419 3483780 15156357 3484380
15152139 3570180 15154077 3570780
15150771 3396420 15152709 3397020
15150315 3388260 15152253 3388860
15149859 3560580 15151797 3561180
15149859 3432900 15151797 3433500
15149859 3361860 15151797 3362460
15149403 3549540 15151341 3550140
15149175 3546180 15151113 3546780
15146781 3607620 15148719 3608220
15146781 3366180 15148719 3366780
15146781 3348420 15148719 3349020
15171519 3387780 15172545 3388380
15168327 3488580 15169353 3489180
15167415 3497220 15168441 3497820
15166503 3350340 15167529 3350940
15165135 3487140 15166161 3487740
15163881 3570180 15164907 3570780
15162627 3511620 15163653 3512220
15162627 3487620 15163653 3488220
15159435 3494820 15160461 3495420
15159435 3375780 15160461 3376380
15156471 3549060 15157497 3549660
15154647 3409860 15155673 3410460
15154647 3354660 15155673 3355260
15154419 3538020 15155445 3538620
15153051 3448260 15154077 3448860
15153051 3413220 15154077 3413820
15152367 3535620 15153393 3536220
15152139 3532740 15153165 3533340
15152139 3353700 15153165 3354300
15151911 3563940 15152937 3564540
15151683 3387300 15152709 3387900
15150315 3471300 15151341 3471900
15150315 3428580 15151341 3429180
15149859 3527460 15150885 3528060
15148491 3581700 15149517 3582300
15148491 3418500 15149517 3419100
15148491 3368580 15149517 3369180
15171747 3509220 15172773 3509820
15170607 3389220 15171633 3389820
15157839 3428580 15158865 3429180
15151455 3398340 15152481 3398940
15172431 3533220 15173571 3533820
15172203 3515460 15173343 3516060
15172203 3487620 15173343 3488220
15169239 3403620 15170379 3404220
15160917 3583140 15162057 3583740
15160803 3433860 15161943 3434460
15159663 3546660 15160803 3547260
15158295 3429540 15159435 3430140
15157383 3408420 15158523 3409020
15154875 3436260 15156015 3436860
15152823 3415140 15153963 3415740
15152595 3529860 15153735 3530460
15150543 3436260 15151683 3436860
15171519 3540420 15171861 3541020
15174255 3420900 15174711 3421500
15173457 3492900 15173913 3493500
15170379 3376260 15170835 3376860
15169695 3375780 15170151 3376380
15168669 3507780 15169125 3508380
15168099 3377220 15168555 3377820
15167643 3376260 15168099 3376860
15167415 3374820 15167871 3375420
15167301 3351300 15167757 3351900
15166959 3387780 15167415 3388380
15166389 3375780 15166845 3376380
15162171 3548580 15162627 3549180
15154761 3590820 15155217 3591420
15150543 3472260 15150999 3472860
15174483 3540420 15176079 3541500
15170037 3397380 15171633 3398460
15169695 3390660 15171291 3391740
15169125 3535620 15170721 3536700
15162741 3539460 15164337 3540540
15162627 3564420 15164223 3565500
15162513 3458820 15164109 3459900
15155559 3398340 15157155 3399420
15155331 3496260 15156927 3497340
15155217 3540420 15156813 3541500
15155217 3433860 15156813 3434940
15155103 3564420 15156699 3565500
15153051 3433860 15154647 3434940
15152823 3461700 15154419 3462780
15173913 3534180 15174597 3534780
15172773 3396900 15173457 3397500
15164793 3580260 15165477 3580860
15164337 3432420 15165021 3433020
15156129 3593700 15156813 3594300
15153393 3436260 15154077 3436860
15162741 3494340 15164337 3495420
15162057 3477060 15163653 3478140
15162057 3375300 15163653 3376380
15160461 3578820 15162057 3579900
15157839 3427140 15159435 3428220
15174255 3525540 15175395 3526140
15163767 3555300 15164907 3555900
15160917 3366660 15162057 3367260
15160119 3473220 15161259 3473820
15162627 3590340 15164223 3591420
15162285 3503940 15163881 3505020
15157383 3581700 15158979 3582780
15157269 3595140 15158865 3596220
15162171 3353220 15164109 3354300
15159891 3593220 15161829 3594300
15157611 3510660 15159549 3511740
15157611 3502020 15159549 3503100
15155331 3562500 15157269 3563580
15155331 3493380 15157269 3494460
15155331 3487620 15157269 3488700
15155103 3419460 15157041 3420540
15150087 3390660 15152025 3391740
15167187 3513060 15168669 3513660
15166503 3523140 15167985 3523740
15163995 3595620 15165477 3596220
15159663 3476580 15161145 3477180
15156927 3505380 15158409 3505980
15154419 3353700 15155901 3354300
15153051 3488580 15154533 3489180
15152823 3537540 15154305 3538140
15152595 3579780 15154077 3580380
15152367 3512580 15153849 3513180
15152139 3499140 15153621 3499740
15152139 3355620 15153621 3356220
15150771 3514500 15152253 3515100
15149859 3430020 15151341 3430620
15175395 3533700 15176421 3534300
15175395 3504900 15176421 3505500
15175167 3493380 15176193 3493980
15174027 3535620 15175053 3536220
15171291 3409380 15172317 3409980
15169011 3586980 15170037 3587580
15169011 3392580 15170037 3393180
15168099 3525060 15169125 3525660
15166503 3481860 15167529 3482460
15165591 3538980 15166617 3539580
15164451 3400740 15165477 3401340
15164223 3594660 15165249 3595260
15164223 3584580 15165249 3585180
15164223 3557220 15165249 3557820
15164223 3536100 15165249 3536700
15164223 3490020 15165249 3490620
15164223 3482340 15165249 3482940
15164223 3385860 15165249 3386460
15164223 3369060 15165249 3369660
15162855 3475140 15163881 3475740
15160347 3354180 15161373 3354780
15160119 3527940 15161145 3528540
15159435 3570180 15160461 3570780
15158295 3385860 15159321 3386460
15158295 3374340 15159321 3374940
15157611 3592740 15158637 3593340
15157383 3559140 15158409 3559740
15156015 3590340 15157041 3590940
15155787 3435300 15156813 3435900
15155331 3532740 15156357 3533340
15155331 3363780 15156357 3364380
15154419 3452580 15155445 3453180
15154419 3349860 15155445 3350460
15153735 3420420 15154761 3421020
15153507 3583620 15154533 3584220
15153507 3428580 15154533 3429180
15153279 3524100 15154305 3524700
15152367 3425220 15153393 3425820
15152139 3591780 15153165 3592380
15152139 3428100 15153165 3428700
15151455 3569220 15152481 3569820
15149859 3602820 15150885 3603420
15149859 3460260 15150885 3460860
15149631 3373860 15150657 3374460
15148035 3390660 15149061 3391260
15172887 3387300 15173229 3387900
15171291 3500580 15171633 3501180
15170607 3387780 15170949 3388380
15169239 3509220 15169581 3509820
15164223 3583620 15164565 3584220
15162969 3379140 15163311 3379740
15159891 3434820 15160233 3435420
15159891 3433380 15160233 3433980
15154989 3581700 15155331 3582300
15153279 3590340 15153621 3590940
15153279 3381060 15153621 3381660
15152139 3480900 15152481 3481500
15151683 3603300 15152025 3603900
15170835 3494820 15171633 3495420
15164451 3524100 15165249 3524700
15174027 3487620 15176193 3488700
15174027 3385860 15176193 3386940
15171747 3485700 15173913 3486780
15169239 3574980 15171405 3576060
15169239 3542340 15171405 3543420
15162171 3602820 15164337 3603900
15162171 3576900 15164337 3577980
15162171 3529860 15164337 3530940
15162171 3509700 15164337 3510780
15162171 3467460 15164337 3468540
15162171 3437700 15164337 3438780
15159891 3567300 15162057 3568380
15159891 3435780 15162057 3436860
15159663 3584580 15161829 3585660
15159663 3534660 15161829 3535740
15159663 3521220 15161829 3522300
15159663 3514500 15161829 3515580
15159663 3455940 15161829 3457020
15157383 3587460 15159549 3588540
15157383 3530820 15159549 3531900
15157383 3506820 15159549 3507900
15157383 3458820 15159549 3459900
15157383 3433860 15159549 3434940
15157383 3409860 15159549 3410940
15157383 3386820 15159549 3387900
15155103 3428100 15157269 3429180
15154875 3598020 15157041 3599100
15154875 3592260 15157041 3593340
15154875 3567300 15157041 3568380
15154875 3523140 15157041 3524220
15154875 3348420 15157041 3349500
15152595 3522180 15154761 3523260
15150315 3536580 15152481 3537660
15150315 3510660 15152481 3511740
15150087 3520260 15152253 3521340
15150087 3506820 15152253 3507900
15150087 3496260 15152253 3497340
15150087 3485700 15152253 3486780
15150087 3474180 15152253 3475260
15150087 3463620 15152253 3464700
15150087 3358020 15152253 3359100
15170379 3473700 15171633 3474300
15170151 3394500 15171405 3395100
15169239 3540420 15170493 3541020
15160803 3513060 15162057 3513660
15160347 3454980 15161601 3455580
15160119 3475620 15161373 3476220
15159891 3563460 15161145 3564060
15157839 3602820 15159093 3603420
15153507 3367620 15154761 3368220
15153507 3358020 15154761 3358620
15151227 3457380 15152481 3457980
15151227 3456420 15152481 3457020
15167529 3373380 15169125 3374460
15162627 3456900 15164223 3457980
15160119 3572100 15161715 3573180
15159891 3538500 15161487 3539580
15159777 3398340 15161373 3399420
15158979 3465540 15160575 3466620
15157839 3528900 15159435 3529980
15157383 3491460 15158979 3492540
15154875 3517380 15156471 3518460
15152937 3426180 15154533 3427260
15169581 3520740 15169809 3521340
15168441 3401220 15168669 3401820
15161145 3523620 15161373 3524220
15156015 3556740 15156243 3557340
15154989 3406020 15155217 3406620
15153051 3351780 15153279 3352380
15152937 3403620 15153165 3404220
15170151 3571140 15170607 3571740
15160575 3501540 15161031 3502140
15157041 3406500 15157497 3407100
15150429 3459300 15150885 3459900
15168897 3472260 15169581 3473340
15162171 3488580 15162855 3489660
15161829 3551940 15162513 3553020
15160461 3401220 15161145 3402300
15159321 3572100 15160005 3573180
15158181 3465540 15158865 3466620
15157725 3449220 15158409 3450300
15157041 3480900 15157725 3481980
15156813 3578820 15157497 3579900
15152595 3555780 15153279 3556860
15172659 3392580 15173685 3393180
15170607 3518820 15171633 3519420
15170151 3478500 15171177 3479100
15169695 3510180 15170721 3510780
15169695 3503460 15170721 3504060
15167415 3401700 15168441 3402300
15167415 3397860 15168441 3398460
15165819 3473700 15166845 3474300
15165819 3363300 15166845 3363900
15164679 3509220 15165705 3509820
15164679 3502500 15165705 3503100
15164679 3358500 15165705 3359100
15164451 3600420 15165477 3601020
15164451 3574500 15165477 3575100
15164451 3456420 15165477 3457020
15163311 3399780 15164337 3400380
15163083 3589380 15164109 3589980
15162171 3370980 15163197 3371580
15161031 3566340 15162057 3566940
15161031 3518340 15162057 3518940
15161031 3489540 15162057 3490140
15161031 3487140 15162057 3487740
15161031 3469860 15162057 3470460
15160803 3591300 15161829 3591900
15160803 3468420 15161829 3469020
15159891 3582660 15160917 3583260
15159663 3575460 15160689 3576060
15159663 3460260 15160689 3460860
15158295 3497700 15159321 3498300
15158067 3603780 15159093 3604380
15158067 3381060 15159093 3381660
15157611 3588900 15158637 3589500
15157611 3378660 15158637 3379260
15156243 3573540 15157269 3574140
15156015 3524580 15157041 3525180
15155103 3388260 15156129 3388860
15154875 3587940 15155901 3588540
15154875 3557220 15155901 3557820
15153735 3539460 15154761 3540060
15153735 3533700 15154761 3534300
15153507 3582660 15154533 3583260
15153507 3581700 15154533 3582300
15153507 3536580 15154533 3537180
15153051 3573540 15154077 3574140
15153051 3564900 15154077 3565500
15153051 3489540 15154077 3490140
15152823 3483300 15153849 3483900
15151455 3605700 15152481 3606300
15151455 3465060 15152481 3465660
15151455 3397380 15152481 3397980
15150771 3399780 15151797 3400380
15148947 3378660 15149973 3379260
15178587 3502500 15179385 3503100
15176307 3512580 15177105 3513180
15176307 3507780 15177105 3508380
15176307 3392100 15177105 3392700
15173799 3475140 15174597 3475740
15173799 3382980 15174597 3383580
15172203 3496260 15173001 3496860
15171519 3535620 15172317 3536220
15169467 3384420 15170265 3385020
15169239 3405060 15170037 3405660
15169011 3494820 15169809 3495420
15169011 3485220 15169809 3485820
15168327 3516420 15169125 3517020
15165135 3582180 15165933 3582780
15164223 3366660 15165021 3367260
15163083 3508740 15163881 3509340
15163083 3450660 15163881 3451260
15161259 3403620 15162057 3404220
15161031 3496260 15161829 3496860
15160803 3565380 15161601 3565980
15160803 3515940 15161601 3516540
15160575 3484740 15161373 3485340
15160575 3465060 15161373 3465660
15160119 3571140 15160917 3571740
15159663 3382500 15160461 3383100
15158751 3596580 15159549 3597180
15158295 3538500 15159093 3539100
15157839 3420420 15158637 3421020
15157611 3395460 15158409 3396060
15157155 3462660 15157953 3463260
15157155 3393060 15157953 3393660
15157155 3365700 15157953 3366300
15156015 3376260 15156813 3376860
15155787 3461700 15156585 3462300
15155559 3413220 15156357 3413820
15154647 3387300 15155445 3387900
15154647 3358980 15155445 3359580
15153963 3481380 15154761 3481980
15151683 3516420 15152481 3517020
15151683 3454980 15152481 3455580
15151683 3381540 15152481 3382140
15151455 3508260 15152253 3508860
15151455 3498180 15152253 3498780
15151455 3477060 15152253 3477660
15151455 3421380 15152253 3421980
15150087 3454020 15150885 3454620
15149859 3349860 15150657 3350460
15149175 3422340 15149973 3422940
15149175 3406980 15149973 3407580
15148263 3461220 15149061 3461820
15174597 3392580 15176193 3393660
15174483 3536580 15176079 3537660
15172317 3534660 15173913 3535740
15172089 3405060 15173685 3406140
15171975 3528900 15173571 3529980
15171063 3526020 15172659 3527100
15171063 3503940 15172659 3505020
15170037 3399300 15171633 3400380
15169809 3496260 15171405 3497340
15169467 3401220 15171063 3402300
15169125 3517380 15170721 3518460
15168555 3365700 15170151 3366780
15167529 3549060 15169125 3550140
15167529 3499140 15169125 3500220
15167529 3478020 15169125 3479100
15167415 3509700 15169011 3510780
15167415 3470340 15169011 3471420
15167301 3454020 15168897 3455100
15167187 3517380 15168783 3518460
15166845 3581700 15168441 3582780
15162741 3581700 15164337 3582780
15162741 3531780 15164337 3532860
15162741 3517380 15164337 3518460
15162741 3406020 15164337 3407100
15162741 3392580 15164337 3393660
15162627 3501060 15164223 3502140
15162627 3479940 15164223 3481020
15162513 3526020 15164109 3527100
15162513 3432900 15164109 3433980
15162513 3430980 15164109 3432060
15162399 3381060 15163995 3382140
15162285 3573060 15163881 3574140
15160461 3393540 15162057 3394620
15160347 3540420 15161943 3541500
15160347 3531780 15161943 3532860
15160347 3430020 15161943 3431100
15160347 3388740 15161943 3389820
15160233 3536580 15161829 3537660
15160119 3604740 15161715 3605820
15160005 3574020 15161601 3575100
15159891 3597060 15161487 3598140
15159891 3428100 15161487 3429180
15159777 3602820 15161373 3603900
15159777 3369540 15161373 3370620
15159549 3381060 15161145 3382140
15158979 3358020 15160575 3359100
15157839 3604740 15159435 3605820
15157839 3518340 15159435 3519420
15157839 3514500 15159435 3515580
15157725 3591300 15159321 3592380
15157383 3390660 15158979 3391740
15157269 3499140 15158865 3500220
15156699 3526020 15158295 3527100
15155673 3351300 15157269 3352380
15155559 3580740 15157155 3581820
15155445 3367620 15157041 3368700
15155331 3604740 15156927 3605820
15155331 3601860 15156927 3602940
15155331 3571140 15156927 3572220
15155331 3533700 15156927 3534780
15155331 3490500 15156927 3491580
15155331 3467460 15156927 3468540
15155331 3381060 15156927 3382140
15155217 3457860 15156813 3458940
15155217 3422340 15156813 3423420
15155103 3530820 15156699 3531900
15155103 3481860 15156699 3482940
15154989 3528900 15156585 3529980
15154989 3512580 15156585 3513660
15154761 3535620 15156357 3536700
15153165 3390660 15154761 3391740
15153165 3359940 15154761 3361020
15153051 3571140 15154647 3572220
15153051 3560580 15154647 3561660
15153051 3465540 15154647 3466620
15153051 3463620 15154647 3464700
15152937 3399300 15154533 3400380
15152823 3598980 15154419 3600060
15152823 3478020 15154419 3479100
15152709 3476100 15154305 3477180
15150885 3404100 15152481 3405180
15173115 3526020 15174141 3526620
15167643 3526020 15168669 3526620
15161031 3506820 15162057 3507420
15161031 3491940 15162057 3492540
15159663 3581700 15160689 3582300
15157383 3492900 15158409 3493500
15156471 3363300 15157497 3363900
15155331 3372900 15156357 3373500
15155103 3400740 15156129 3401340
15153735 3602340 15154761 3602940
15152823 3595620 15153849 3596220
15152823 3484260 15153849 3484860
15152595 3369060 15153621 3369660
15150543 3458340 15151569 3458940
15149175 3558660 15150201 3559260
15149175 3528900 15150201 3529500
15176307 3532260 15176877 3532860
15176307 3521700 15176877 3522300
15176307 3515460 15176877 3516060
15176307 3384420 15176877 3385020
15175623 3500100 15176193 3500700
15174483 3529860 15175053 3530460
15173799 3489060 15174369 3489660
15173799 3404580 15174369 3405180
15173343 3536100 15173913 3536700
15173343 3478020 15173913 3478620
15173115 3404100 15173685 3404700
15172431 3505380 15173001 3505980
15171747 3574500 15172317 3575100
15171747 3400260 15172317 3400860
15171519 3521700 15172089 3522300
15171063 3506340 15171633 3506940
15169695 3367140 15170265 3367740
15168555 3590820 15169125 3591420
15166731 3520740 15167301 3521340
15165135 3529380 15165705 3529980
15164907 3395940 15165477 3396540
15164223 3373380 15164793 3373980
15162855 3462180 15163425 3462780
15162399 3351780 15162969 3352380
15162171 3579780 15162741 3580380
15161943 3565380 15162513 3565980
15161943 3555300 15162513 3555900
15161943 3532740 15162513 3533340
15161943 3500580 15162513 3501180
15161943 3358500 15162513 3359100
15161487 3426180 15162057 3426780
15160575 3385860 15161145 3386460
15159435 3595620 15160005 3596220
15159435 3399780 15160005 3400380
15159435 3393060 15160005 3393660
15159435 3378180 15160005 3378780
15157611 3598500 15158181 3599100
15157611 3545700 15158181 3546300
15157611 3470820 15158181 3471420
15157383 3537060 15157953 3537660
15157383 3350820 15157953 3351420
15157155 3605700 15157725 3606300
15157155 3586500 15157725 3587100
15157155 3556260 15157725 3556860
15157155 3528420 15157725 3529020
15156699 3600900 15157269 3601500
15156699 3514020 15157269 3514620
15156471 3498660 15157041 3499260
15154647 3562980 15155217 3563580
15154647 3548580 15155217 3549180
15154647 3541380 15155217 3541980
15154647 3425700 15155217 3426300
15154647 3364260 15155217 3364860
15154647 3361380 15155217 3361980
15154191 3511140 15154761 3511740
15153735 3432420 15154305 3433020
15152595 3391620 15153165 3392220
15152367 3601860 15152937 3602460
15152367 3373380 15152937 3373980
15151911 3558180 15152481 3558780
15151911 3406500 15152481 3407100
15150999 3478500 15151569 3479100
15150771 3425220 15151341 3425820
15150087 3420900 15150657 3421500
15150087 3403620 15150657 3404220
15150087 3397860 15150657 3398460
15149859 3596100 15150429 3596700
15149859 3531780 15150429 3532380
15149859 3465540 15150429 3466140
15149403 3400740 15149973 3401340
15148263 3438180 15148833 3438780
15147807 3381540 15148377 3382140
15173343 3394500 15173913 3395100
15171063 3529860 15171633 3530460
15170379 3520260 15170949 3520860
15169695 3500100 15170265 3500700
15168555 3363300 15169125 3363900
15166959 3358980 15167529 3359580
15164451 3572100 15165021 3572700
15163311 3544740 15163881 3545340
15162171 3474180 15162741 3474780
15162171 3470340 15162741 3470940
15160575 3480900 15161145 3481500
15158979 3526020 15159549 3526620
15158523 3574980 15159093 3575580
15158295 3590340 15158865 3590940
15157839 3569700 15158409 3570300
15156699 3507780 15157269 3508380
15156243 3527940 15156813 3528540
15155103 3395460 15155673 3396060
15154191 3423300 15154761 3423900
15153735 3529860 15154305 3530460
15153507 3493380 15154077 3493980
15153279 3534660 15153849 3535260
15153279 3501060 15153849 3501660
15153051 3480900 15153621 3481500
15152595 3430500 15153165 3431100
15151683 3431940 15152253 3432540
15150999 3562500 15151569 3563100
15150543 3466500 15151113 3467100
15150315 3572100 15150885 3572700
15169125 3505380 15170265 3505980
15160575 3551460 15161715 3552060
15157839 3513540 15158979 3514140
15157839 3496260 15158979 3496860
15156015 3463620 15157155 3464220
15154191 3585060 15155331 3585660
15157839 3453060 15158409 3454140
15154875 3607620 15155445 3608700
15154647 3555780 15155217 3556860
15152823 3445380 15153393 3446460
15151455 3555780 15152025 3556860
15148947 3498180 15149517 3499260
15190899 3537540 15198651 3538140
15190899 3533700 15198651 3534300
15190899 3526020 15198651 3526620
15190899 3513540 15198651 3514140
15183945 3559140 15192723 3560700
15183945 3544740 15192723 3546300
15183945 3515940 15192723 3517500
15183945 3467940 15192723 3469500
15183945 3424740 15192723 3426300
15183945 3386340 15192723 3387900
15298401 3562980 15334995 3593340
15298401 3409380 15334995 3439740
15196257 3477540 15198651 3479100
15196257 3414180 15198651 3415740
15146781 3584580 15148263 3585180
15146781 3572100 15148263 3572700
15146781 3527940 15148263 3528540
15146781 3520260 15148263 3520860
15146781 3500100 15148263 3500700
15146781 3495300 15148263 3495900
15146781 3471300 15148263 3471900
15146781 3463620 15148263 3464220
15298401 3593700 15334995 3608700
15146781 3396900 15148719 3398460
15195687 3594180 15197625 3595740
15195687 3435780 15197625 3437340
15146781 3431940 15149061 3432540
15164793 3450660 15167301 3451260
15155673 3509220 15158181 3509820
15152823 3502500 15155331 3503100
15152595 3422340 15155103 3422940
15146781 3420420 15149289 3421020
15157953 3352260 15162057 3352860
15148149 3367140 15152253 3367740
15146781 3556260 15150885 3556860
15146781 3446340 15150885 3446940
15146781 3393540 15150885 3394140
15146781 3392580 15150885 3393180
15198081 3591780 15198651 3593340
15198081 3589860 15198651 3591420
15198081 3561060 15198651 3562620
15198081 3556260 15198651 3557820
15198081 3553380 15198651 3554940
15198081 3551460 15198651 3553020
15198081 3507300 15198651 3508860
15198081 3460260 15198651 3461820
15198081 3445860 15198651 3447420
15198081 3421860 15198651 3423420
15198081 3393060 15198651 3394620
15198081 3388260 15198651 3389820
15198081 3378660 15198651 3380220
15198081 3370980 15198651 3372540
15198081 3369060 15198651 3370620
15198081 3349860 15198651 3351420
15174483 3518340 15198309 3518940
15174483 3482820 15198309 3483420
15174369 3569220 15198195 3569820
15173457 3403140 15197283 3403740
15173343 3511620 15197169 3512220
15173343 3369540 15197169 3370140
15173115 3398340 15196941 3398940
15173115 3388260 15175509 3388860
15162855 3571140 15165249 3571740
15161943 3386820 15164337 3387420
15158523 3489060 15160917 3489660
15157839 3490020 15160233 3490620
15174939 3559140 15176649 3559740
15162399 3471300 15164109 3471900
15157611 3432420 15159321 3433020
15175965 3526980 15197967 3527580
15175851 3361860 15197853 3362460
15175737 3489540 15197739 3490140
15175395 3483780 15197397 3484380
15173457 3401220 15195459 3401820
15170835 3353220 15192837 3353820
15161487 3348900 15183489 3349500
15160803 3608100 15182805 3608700
15183945 3556260 15192723 3556860
15165135 3583620 15173913 3584220
15183375 3596580 15185427 3597180
15183375 3514020 15185427 3514620
15183375 3404580 15185427 3405180
15164565 3421380 15166617 3421980
15159891 3391620 15161259 3392220
15166047 3396900 15167415 3397500
15176763 3550020 15177789 3550620
15169011 3533700 15170037 3534300
15169011 3398340 15170037 3398940
15164223 3516420 15165249 3517020
15162855 3358020 15163881 3358620
15162399 3550500 15163425 3551100
15161943 3391620 15162969 3392220
15159891 3390660 15160917 3391260
15197967 3494340 15198651 3494940
15183375 3588900 15184059 3589500
15183375 3550500 15184059 3551100
15183375 3430500 15184059 3431100
15183375 3421860 15184059 3422460
15171405 3487620 15172089 3488220
15171405 3403620 15172089 3404220
15171063 3582660 15171747 3583260
15168555 3467940 15169239 3468540
15156813 3374340 15157497 3374940
15152253 3446820 15152937 3447420
15151797 3360420 15152481 3361020
15151341 3405540 15152025 3406140
15148149 3518340 15148833 3518940
15459255 3573060 15460053 3573660
15153963 3515460 15154761 3516060
15153963 3484740 15154761 3485340
15153963 3474180 15154761 3474780
15151455 3461700 15152253 3462300
15241971 3562980 15256677 3593340
15241971 3532260 15256677 3562620
15241971 3501540 15256677 3531900
15241971 3470820 15256677 3501180
15241971 3440100 15256677 3470460
15241971 3409380 15256677 3439740
15241971 3378660 15256677 3409020
15241971 3593700 15256677 3608700
15148149 3595140 15150201 3595740
15148149 3579300 15150201 3579900
15148149 3526020 15150201 3526620
15148149 3524100 15150201 3524700
15148149 3514020 15150201 3514620
15148149 3492900 15150201 3493500
15148149 3467460 15150201 3468060
15148149 3355140 15150201 3355740
15146781 3549540 15148833 3550140
15467463 3437220 15468261 3437820
15466209 3437220 15467007 3437820
15459369 3410820 15459597 3411420
15183831 3561060 15184059 3561660
15183831 3547620 15184059 3548220
15183831 3533220 15184059 3533820
15183831 3478500 15184059 3479100
15183831 3451620 15184059 3452220
15183831 3367140 15184059 3367740
15183831 3351780 15184059 3352380
15167415 3371940 15167643 3372540
15167073 3605220 15167301 3605820
15160461 3395460 15160689 3396060
15159435 3533700 15159663 3534300
15157839 3540900 15158067 3541500
15156357 3514500 15156585 3515100
15154077 3430980 15154305 3431580
15153621 3352740 15153849 3353340
15153051 3540420 15153279 3541020
15153051 3396420 15153279 3397020
15151797 3478980 15152025 3479580
15151341 3455460 15151569 3456060
15149745 3588900 15149973 3589500
15149061 3589860 15149289 3590460
15149061 3494340 15149289 3494940
15148149 3498180 15148377 3498780
15148149 3359460 15148377 3360060
15147693 3421380 15147921 3421980
15146781 3568260 15147009 3568860
15172659 3523140 15198309 3523740
15170835 3374340 15196485 3374940
15170037 3363780 15195687 3364380
15169923 3379140 15195573 3379740
15169923 3359940 15195573 3360540
15169695 3470340 15195345 3470940
15169581 3459780 15195231 3460380
15164793 3546180 15166617 3546780
15164793 3381060 15166617 3381660
15198195 3456900 15198651 3457500
15198195 3353220 15198651 3353820
15183603 3541860 15184059 3542460
15183603 3395940 15184059 3396540
15183603 3377700 15184059 3378300
15169695 3488580 15170151 3489180
15164109 3579300 15164565 3579900
15161829 3461700 15162285 3462300
15160689 3524100 15161145 3524700
15156129 3406020 15156585 3406620
15155673 3525540 15156129 3526140
15155331 3503940 15155787 3504540
15154647 3456420 15155103 3457020
15154533 3594180 15154989 3594780
15154533 3382500 15154989 3383100
15154533 3356100 15154989 3356700
15149061 3466500 15149517 3467100
15160119 3397380 15164793 3397980
15148149 3540900 15152823 3541500
15188391 3539460 15197625 3540060
15188391 3534660 15197625 3535260
15336021 3573060 15440559 3573660
15336021 3410820 15440559 3411420
15192609 3441060 15198195 3441660
15166503 3532260 15172089 3532860
15166503 3406980 15172089 3407580
15166503 3406020 15172089 3406620
15155331 3479940 15160917 3480540
15146781 3434340 15152367 3434940
15168327 3358980 15197625 3359580
15167871 3460740 15197169 3461340
15167871 3364740 15197169 3365340
15167643 3417540 15196941 3418140
15167643 3354180 15196941 3354780
15167301 3580740 15196599 3581340
15166503 3579780 15195801 3580380
15166503 3570180 15195801 3570780
15166503 3565380 15195801 3565980
15166503 3554820 15195801 3555420
15146781 3609060 15176079 3609660
15165135 3590340 15166617 3591900
15165135 3542340 15166617 3543900
15165135 3526020 15166617 3527580
15165135 3505860 15166617 3507420
15165135 3498180 15166617 3499740
15165135 3467460 15166617 3469020
15165135 3438660 15166617 3440220
15165135 3435780 15166617 3437340
15165135 3425220 15166617 3426780
15165135 3422340 15166617 3423900
15165135 3373380 15166617 3374940
15165135 3370500 15166617 3372060
15165135 3364740 15166617 3366300
15190215 3382020 15197625 3383580
15188163 3404100 15195573 3405660
15463815 3410820 15466209 3411420
15164223 3379140 15166617 3379740
15463473 3437220 15465411 3437820
15196029 3377220 15197967 3377820
15167415 3473700 15169353 3474300
15167187 3522180 15169125 3522780
15166503 3502980 15168441 3503580
15166503 3395460 15168441 3396060
15165363 3479460 15167301 3480060
15165135 3376740 15167073 3377340
15163083 3478980 15165021 3479580
15162627 3537060 15164565 3537660
15161943 3560580 15163881 3561180
15160803 3542340 15162741 3542940
15159435 3588900 15161373 3589500
15159435 3359940 15161373 3360540
15156471 3455940 15158409 3456540
15155787 3585060 15157725 3585660
15154647 3507300 15156585 3507900
15154191 3551940 15156129 3552540
15153735 3498180 15155673 3498780
15152367 3592740 15154305 3593340
15152367 3479940 15154305 3480540
15152139 3541860 15154077 3542460
15152139 3531300 15154077 3531900
15151911 3453540 15153849 3454140
15151455 3473220 15153393 3473820
15150087 3369060 15152025 3369660
15149859 3599460 15151797 3600060
15149859 3590820 15151797 3591420
15149859 3482820 15151797 3483420
15149859 3470340 15151797 3470940
15198081 3562980 15198651 3563580
15198081 3506340 15198651 3506940
15198081 3476580 15198651 3477180
15198081 3400740 15198651 3401340
15198081 3390180 15198651 3390780
15169011 3495780 15169581 3496380
15169011 3440580 15169581 3441180
15167871 3459780 15168441 3460380
15167871 3449700 15168441 3450300
15166503 3471300 15167073 3471900
15166503 3392580 15167073 3393180
15166275 3388260 15166845 3388860
15164679 3470340 15165249 3470940
15164223 3526980 15164793 3527580
15163995 3541860 15164565 3542460
15163995 3487140 15164565 3487740
15163767 3359940 15164337 3360540
15163083 3502980 15163653 3503580
15162855 3541860 15163425 3542460
15161943 3387780 15162513 3388380
15159663 3508740 15160233 3509340
15159435 3496260 15160005 3496860
15159435 3468900 15160005 3469500
15159207 3586500 15159777 3587100
15159207 3492900 15159777 3493500
15159207 3490980 15159777 3491580
15157155 3416580 15157725 3417180
15156927 3360900 15157497 3361500
15156699 3552900 15157269 3553500
15155787 3417540 15156357 3418140
15155559 3511140 15156129 3511740
15155103 3390180 15155673 3390780
15154647 3603780 15155217 3604380
15152367 3581700 15152937 3582300
15152367 3374340 15152937 3374940
15150771 3407460 15151341 3408060
15150543 3387300 15151113 3387900
15150315 3478980 15150885 3479580
15149859 3586020 15150429 3586620
15149859 3368100 15150429 3368700
15149859 3365700 15150429 3366300
15464499 3573060 15466209 3573660
15164907 3604740 15166617 3605340
15164907 3537540 15166617 3538140
15164907 3533700 15166617 3534300
15164907 3507780 15166617 3508380
15164907 3480900 15166617 3481500
15164907 3458820 15166617 3459420
15164907 3430980 15166617 3431580
15164907 3354180 15166617 3354780
15164907 3351300 15166617 3351900
15183717 3573540 15184059 3574140
15183717 3376740 15184059 3377340
15176193 3418500 15176535 3419100
15174711 3382500 15175053 3383100
15173571 3483780 15173913 3484380
15170835 3527460 15171177 3528060
15168327 3375780 15168669 3376380
15167871 3452580 15168213 3453180
15167871 3349860 15168213 3350460
15167415 3508740 15167757 3509340
15166503 3540420 15166845 3541020
15166503 3466500 15166845 3467100
15166503 3389700 15166845 3390300
15164907 3577860 15165249 3578460
15164223 3502980 15164565 3503580
15164223 3446340 15164565 3446940
15163995 3533700 15164337 3534300
15163083 3500100 15163425 3500700
15163083 3463620 15163425 3464220
15163083 3460740 15163425 3461340
15161943 3594180 15162285 3594780
15161943 3536100 15162285 3536700
15161943 3472260 15162285 3472860
15161715 3512100 15162057 3512700
15161259 3502980 15161601 3503580
15161031 3425700 15161373 3426300
15160803 3440100 15161145 3440700
15160803 3382980 15161145 3383580
15158751 3405540 15159093 3406140
15157611 3399300 15157953 3399900
15157155 3438660 15157497 3439260
15156927 3486660 15157269 3487260
15156015 3349860 15156357 3350460
15155331 3480900 15155673 3481500
15153507 3452580 15153849 3453180
15152253 3433380 15152595 3433980
15150543 3605700 15150885 3606300
15150315 3402660 15150657 3403260
15149859 3581220 15150201 3581820
15149859 3568740 15150201 3569340
15149859 3515460 15150201 3516060
15149859 3484260 15150201 3484860
15149859 3377220 15150201 3377820
15149859 3371940 15150201 3372540
15182919 3389220 15183945 3389820
15182463 3506340 15183489 3506940
15175623 3387780 15176649 3388380
15173799 3387300 15174825 3387900
15164223 3599460 15165249 3600060
15158067 3516420 15159093 3517020
15152139 3503460 15153165 3504060
15151455 3502500 15152481 3503100
15150429 3554340 15151455 3554940
15149859 3502020 15150885 3502620
15149859 3479940 15150885 3480540
15148605 3514980 15149631 3515580
15148149 3588900 15149175 3589500
15148149 3587460 15149175 3588060
15148149 3586500 15149175 3587100
15148149 3516420 15149175 3517020
15148149 3507780 15149175 3508380
15148149 3470340 15149175 3470940
15146781 3587940 15147807 3588540
15187479 3496260 15198537 3496860
15187251 3472260 15198309 3472860
15187023 3430020 15198081 3430620
15166503 3584580 15195801 3586140
15181095 3598020 15195801 3599580
15183945 3487140 15185427 3487740
15165135 3603780 15166617 3604380
15165135 3587460 15166617 3588060
15165135 3558660 15166617 3559260
15165135 3518340 15166617 3518940
15165135 3494340 15166617 3494940
15165135 3478020 15166617 3478620
15165135 3475140 15166617 3475740
15165135 3472260 15166617 3472860
15165135 3461700 15166617 3462300
15165135 3457860 15166617 3458460
15165135 3393540 15166617 3394140
15165135 3382020 15166617 3382620
15165135 3359940 15166617 3360540
15455037 3573060 15458799 3573660
15455037 3410820 15458799 3411420
15194319 3409860 15198081 3410460
15167871 3515460 15171633 3516060
15166503 3547140 15170265 3547740
15166503 3409860 15170265 3410460
15165591 3501540 15169353 3502140
15165363 3531300 15169125 3531900
15165363 3519780 15169125 3520380
15165135 3483300 15168897 3483900
15164223 3485220 15167985 3485820
15161943 3598500 15165705 3599100
15161487 3575940 15165249 3576540
15161487 3380100 15165249 3380700
15161259 3378180 15165021 3378780
15161145 3434820 15164907 3435420
15159435 3599940 15163197 3600540
15158409 3406500 15162171 3407100
15157155 3557700 15160917 3558300
15157155 3504420 15160917 3505020
15157155 3372900 15160917 3373500
15156927 3355140 15160689 3355740
15154647 3597060 15158409 3597660
15154647 3520260 15158409 3520860
15154533 3369060 15158295 3369660
15154419 3411300 15158181 3411900
15152139 3377220 15155901 3377820
15150999 3348420 15154761 3349020
15150771 3375780 15154533 3376380
15149859 3423300 15153621 3423900
15148491 3363780 15152253 3364380
15148491 3352260 15152253 3352860
15148149 3571140 15151911 3571740
15148149 3512100 15151911 3512700
15148149 3357060 15151911 3357660
15146781 3566340 15150543 3566940
15146781 3555300 15150543 3555900
15146781 3550500 15150543 3551100
15146781 3544260 15150543 3544860
15146781 3487140 15150543 3487740
15146781 3462180 15150543 3462780
15146781 3442980 15150543 3443580
15146781 3430980 15150543 3431580
15146781 3425700 15150543 3426300
15146781 3412260 15150543 3412860
15146781 3405060 15150543 3405660
15146781 3384420 15150543 3385020
15183831 3454980 15198537 3455580
15182121 3375300 15196827 3375900
15181095 3599940 15195801 3600540
15181095 3464580 15195801 3465180
15179727 3502020 15194433 3502620
15178245 3453060 15192951 3453660
15177675 3499140 15192381 3499740
15176991 3587460 15191697 3588060
15176763 3520260 15191469 3520860
15176307 3508740 15191013 3509340
15176307 3503940 15191013 3504540
15176307 3393540 15191013 3394140
15173343 3402180 15188049 3402780
15169011 3589860 15183717 3590460
15168099 3479460 15182805 3480060
15167871 3463140 15182577 3463740
15167871 3414660 15182577 3415260
15167415 3455460 15182121 3456060
15165819 3599460 15180525 3600060
15327585 3609060 15334995 3609660
15189759 3525060 15197169 3525660
15188847 3486660 15196257 3487260
15188847 3476100 15196257 3476700
15188391 3606660 15195801 3607260
15188391 3601860 15195801 3602460
15188391 3583620 15195801 3584220
15188391 3485700 15195801 3486300
15188391 3481860 15195801 3482460
15188391 3429060 15195801 3429660
15188391 3366660 15195801 3367260
15173115 3400260 15180525 3400860
15171177 3490980 15178587 3491580
15170949 3573540 15178359 3574140
15170949 3376740 15178359 3377340
15170607 3546660 15178017 3547260
15169695 3454500 15177105 3455100
15169695 3445860 15177105 3446460
15161715 3347940 15169125 3348540
15158523 3442980 15165933 3443580
15157839 3415620 15165249 3416220
15157725 3553860 15165135 3554460
15157269 3376740 15164679 3377340
15156927 3417540 15164337 3418140
15156813 3362340 15164223 3362940
15154533 3437220 15161943 3437820
15153849 3402660 15161259 3403260
15153735 3414180 15161145 3414780
15151455 3444420 15158865 3445020
15149631 3491940 15157041 3492540
