15180867 3591780 15183717 3592380
15158067 3439620 15159093 3440220
15153279 3418980 15154419 3419580
15170607 3541380 15171633 3541980
15166959 3586500 15169125 3587580
15155103 3474180 15157269 3475260
15150087 3545220 15152253 3546300
15157839 3566340 15159093 3566940
15152367 3494340 15153621 3494940
15167415 3389220 15168441 3389820
15166959 3491940 15167985 3492540
15170607 3490020 15171405 3490620
15169125 3513540 15170721 3514620
15168555 3360900 15170151 3361980
15162741 3488580 15164337 3489660
15155331 3537540 15156927 3538620
15153165 3362820 15154761 3363900
15150885 3584580 15152481 3585660
15162627 3596100 15163653 3596700
15171063 3493380 15171633 3493980
15154647 3605700 15155217 3606300
15171063 3507780 15171633 3508380
15161031 3600900 15161601 3601500
15160803 3382020 15161373 3382620
15153507 3496260 15154077 3496860
15153279 3406980 15153849 3407580
15151911 3480420 15152481 3481020
15157155 3516900 15159093 3518460
15154533 3465540 15156813 3466140
15160461 3403140 15164565 3403740
15156813 3586020 15160917 3586620
15157611 3564420 15160005 3565020
15151911 3508740 15154305 3509340
15176079 3522180 15198081 3522780
15159891 3470340 15160917 3470940
15159891 3392100 15160917 3392700
15156585 3556260 15157269 3556860
15150885 3472260 15151569 3472860
15157839 3574980 15158637 3575580
15148149 3499140 15150201 3499740
15148149 3492420 15150201 3493020
15162855 3391620 15163083 3392220
15157839 3487620 15158067 3488220
15164109 3557700 15164565 3558300
15152253 3458820 15152709 3459420
15152253 3410340 15152709 3410940
15169011 3388740 15173685 3389340
15157155 3539940 15162741 3540540
15153507 3550500 15159093 3551100
15148149 3364260 15153735 3364860
15169011 3383940 15198309 3384540
15168327 3551940 15197625 3552540
15168099 3469380 15197397 3469980
15165135 3513540 15166617 3515100
15165135 3411780 15166617 3413340
15167187 3486660 15169125 3487260
15161943 3457860 15163881 3458460
15161259 3475620 15163197 3476220
15160803 3568740 15162741 3569340
15159207 3456900 15161145 3457500
15157155 3353700 15159093 3354300
15156699 3497220 15158637 3497820
15156699 3492420 15158637 3493020
15153963 3584580 15155901 3585180
15153507 3532740 15155445 3533340
15152139 3481860 15154077 3482460
15152139 3474660 15154077 3475260
15151683 3566340 15153621 3566940
15151227 3513060 15153165 3513660
15148491 3504900 15150429 3505500
15167871 3490980 15168441 3491580
15163995 3588900 15164565 3589500
15156927 3406020 15157497 3406620
15155787 3470340 15156357 3470940
15154419 3514980 15154989 3515580
15149403 3424740 15149973 3425340
15164907 3599940 15166617 3600540
15164907 3595140 15166617 3595740
15164907 3383940 15166617 3384540
15164907 3382980 15166617 3383580
15166503 3467460 15166845 3468060
15166047 3469860 15167073 3470460
15154191 3455460 15155217 3456060
15153963 3595140 15154989 3595740
15153963 3556740 15154989 3557340
15153621 3477540 15154647 3478140
15152367 3501060 15153393 3501660
15152253 3479460 15153279 3480060
15151683 3455940 15152709 3456540
15151455 3502020 15152481 3502620
15148149 3589380 15149175 3589980
15153279 3451620 15164337 3452220
15150999 3443460 15162057 3444060
15166503 3430980 15195801 3432540
15176079 3493380 15190785 3494940
15165135 3388740 15166617 3389340
15167415 3521700 15171177 3522300
15166503 3382020 15170265 3382620
15165591 3523620 15169353 3524220
15165363 3453540 15169125 3454140
15165363 3400740 15169125 3401340
15164223 3466020 15167985 3466620
15163881 3508260 15167643 3508860
15161943 3576420 15165705 3577020
15161145 3580260 15164907 3580860
15161145 3473220 15164907 3473820
15160347 3354660 15164109 3355260
15159435 3559620 15163197 3560220
15158295 3464580 15162057 3465180
15158067 3452580 15161829 3453180
15157155 3565380 15160917 3565980
15156927 3459780 15160689 3460380
15156927 3368100 15160689 3368700
15156813 3485220 15160575 3485820
15156585 3531780 15160347 3532380
15156015 3608100 15159777 3608700
15154191 3454020 15157953 3454620
15153279 3407940 15157041 3408540
15152367 3575460 15156129 3576060
15152367 3509700 15156129 3510300
15150087 3420420 15153849 3421020
15149859 3517860 15153621 3518460
15149859 3468420 15153621 3469020
15149859 3366660 15153621 3367260
15148491 3537540 15152253 3538140
15148149 3495780 15151911 3496380
15148149 3354660 15151911 3355260
15148149 3349380 15151911 3349980
15146781 3387780 15150543 3388380
15181095 3561540 15195801 3562140
15176307 3513540 15191013 3514140
15169239 3450660 15183945 3451260
15169011 3560100 15183717 3560700
15169011 3458340 15183717 3458940
15169011 3449700 15183717 3450300
15168783 3419940 15183489 3420540
15167643 3354660 15182349 3355260
15166503 3573060 15181209 3573660
15161715 3440100 15176421 3440700
15158523 3424740 15173229 3425340
15156471 3442020 15171177 3442620
15176079 3488100 15183489 3488700
15174255 3489060 15181665 3489660
15173799 3465060 15181209 3465660
15167643 3502020 15175053 3502620
15165135 3568740 15172545 3569340
15164907 3420900 15172317 3421500
15164223 3392100 15171633 3392700
15164223 3370020 15171633 3370620
15161487 3533220 15168897 3533820
15161259 3364260 15168669 3364860
15159435 3545700 15166845 3546300
15159321 3448740 15166731 3449340
15159093 3481380 15166503 3481980
15157611 3389700 15165021 3390300
15156927 3520740 15164337 3521340
15156699 3422340 15164109 3422940
15154305 3374820 15161715 3375420
15153279 3573060 15160689 3573660
15152367 3603300 15159777 3603900
15152367 3435780 15159777 3436380
15151455 3444900 15158865 3445500
15146781 3460740 15154191 3461340
