655671 806820 656355 807900
616683 809700 617481 810300
616683 804420 617481 805020
594795 812580 596049 813180
429153 811620 430065 812220
575757 809700 576897 810300
575757 808740 576897 809340
561393 816420 562533 817020
417753 814020 418893 814620
594111 802020 595593 802620
438843 814500 440325 815100
564243 819780 565269 820380
671859 807300 672885 807900
620559 812100 621585 812700
576099 802980 577125 803580
575415 807780 576441 808380
455715 801540 456741 802140
623979 811140 626145 811740
587955 808740 590121 809340
566523 813540 568689 814140
557175 812100 559341 812700
554895 804900 557061 805500
587499 819300 588981 819900
587499 812580 588981 813180
580431 813060 581913 813660
580431 810660 581913 811260
575643 816420 577125 817020
568575 809220 570057 809820
566067 814980 567549 815580
443859 814020 445341 814620
439071 815460 440553 816060
418095 816420 419577 817020
604371 812580 605397 813180
604143 814020 605169 814620
453435 805860 454461 806460
448419 802500 449445 803100
668667 808260 671289 808860
613491 812580 616113 813180
610983 813540 613605 814140
589551 815460 592173 816060
589551 805380 592173 805980
577467 811140 580089 811740
558543 802020 561165 802620
553755 814980 556377 815580
457995 802500 460617 803100
438843 804900 441465 805500
430179 808260 430749 808860
587499 817860 588867 818460
423225 805380 423909 805980
670605 810180 671289 810780
674823 802980 675393 803580
567663 821220 568233 821820
451611 805860 452181 806460
451611 804420 452181 805020
425163 805380 425733 805980
675963 803940 677217 804540
671175 811620 672429 812220
671175 806340 672429 806940
634695 811140 635949 811740
580203 805380 581457 805980
580203 802020 581457 802620
453207 804900 454461 805500
429267 805860 430521 806460
419691 813060 420945 813660
652935 811620 654417 812700
607335 812580 608817 813660
600267 814500 601749 815580
595479 808740 596961 809820
592971 816420 594453 817500
592971 807780 594453 808860
590691 809700 592173 810780
578835 817380 580317 818460
578835 814500 580317 815580
573819 806820 575301 807900
573819 803940 575301 805020
571995 809700 573477 810780
571539 812580 573021 813660
564471 811620 565953 812700
543495 815460 544977 816540
466203 803940 467685 805020
456627 807780 458109 808860
454347 808740 455829 809820
449559 804900 451041 805980
444771 807780 446253 808860
442263 812580 443745 813660
439755 808740 441237 809820
427899 807780 429381 808860
677673 807780 678357 808380
675849 811140 676533 811740
589893 804420 590577 805020
568233 818340 568917 818940
555693 821220 556377 821820
431889 806820 432573 807420
412737 802500 413421 803100
617823 814020 618507 814620
616683 814020 617367 814620
601635 811140 602319 811740
532323 813060 533007 813660
438843 808740 439527 809340
601407 812580 602433 813180
580659 803460 581685 804060
578151 809220 579177 809820
566295 816900 567321 817500
563787 813540 564813 814140
442035 809220 443061 809820
441123 803940 442149 804540
589665 802020 590577 802620
571197 802980 572109 803580
514881 802500 515793 803100
505761 805380 506673 805980
453777 802980 454689 803580
446709 803940 447621 804540
676875 805860 678129 806460
674367 811140 675621 811740
601179 813540 602433 814140
596391 810180 597645 810780
594111 806340 595365 806940
569031 812580 570285 813180
562875 817860 564129 818460
458907 807300 460161 807900
449331 809220 450585 809820
447051 811140 448305 811740
425847 808260 427101 808860
675963 804900 677673 805500
611211 812100 612921 812700
591147 813540 592857 814140
582483 815460 584193 816060
571995 818340 573705 818940
556263 815940 557973 816540
461871 802500 463581 803100
441351 816420 443061 817020
426987 815460 428697 816060
426987 803940 428697 804540
426987 802980 428697 803580
417411 802980 419121 803580
410115 808260 411825 808860
403047 812100 404757 812700
589323 809700 590349 810300
588639 814020 589665 814620
575187 817380 576213 817980
571539 806820 572565 807420
619191 811620 620445 812220
658293 812100 667071 812700
582255 811620 583053 812700
441579 801540 442149 802140
430179 811140 430749 811740
421059 802020 422085 802620
596847 803460 597873 804060
594567 802980 595593 803580
584991 803460 586017 804060
580203 818820 581229 819420
563331 812580 564357 813180
553071 815940 554097 816540
548967 812580 549993 813180
459135 803940 460161 804540
448419 808260 449445 808860
441351 811140 442377 811740
614403 811620 615885 812220
612579 814980 614061 815580
590463 818820 591945 819420
583167 824100 584649 824700
576099 814500 577581 815100
573591 814500 575073 815100
568803 820740 570285 821340
561735 802980 563217 803580
559911 812580 561393 813180
557859 803940 559341 804540
557403 810180 558885 810780
461187 803940 462669 804540
456399 806340 457881 806940
456399 805380 457881 805980
442035 814500 443517 815100
442035 806820 443517 807420
427671 813060 429153 813660
421515 805380 422997 805980
415587 806820 417069 807420
411939 804420 413421 805020
410799 813540 412281 814140
410799 809700 412281 810300
676647 802980 678357 803580
595251 804420 596961 805020
592743 811140 594453 811740
585675 817380 587385 817980
585675 809700 587385 810300
576099 805380 577809 805980
549651 802500 551361 803100
542583 808260 544293 808860
463467 803460 465177 804060
452295 808260 454005 808860
420375 811140 422085 811740
418095 812100 419805 812700
408519 805380 410229 805980
676647 806820 677445 807900
614403 813540 615201 814620
585675 805860 586473 806940
564015 815460 564813 816540
561051 813540 561849 814620
437247 802020 438045 803100
422883 803940 423681 805020
606423 811620 608817 812220
594567 814980 596961 815580
584991 821220 587385 821820
584991 813060 587385 813660
582483 816420 584877 817020
575415 820740 577809 821340
575415 815460 577809 816060
558543 816420 560937 817020
420603 814020 422997 814620
419691 806820 422085 807420
662511 802980 664221 803580
586359 820260 588069 820860
576099 813060 577809 813660
571311 804900 573021 805500
566523 803460 568233 804060
564015 805380 565725 805980
559911 802980 561621 803580
556947 805860 558657 806460
552159 807780 553869 808380
552159 802500 553869 803100
442035 808260 443745 808860
439527 813540 441237 814140
428127 816420 429837 817020
426075 811140 427785 811740
423567 810180 425277 810780
580887 821220 582825 821820
578151 812580 580089 813180
568575 802500 570513 803100
453891 806820 455829 807420
446595 805860 448533 806460
618279 802500 624777 803100
610299 808260 616797 808860
463353 826980 469851 827580
463353 826020 469851 826620
463353 822180 469851 822780
463353 821220 469851 821820
463353 820260 469851 820860
463353 819300 469851 819900
463353 818340 469851 818940
403617 808740 410115 809340
403617 806820 410115 807420
402477 813060 408975 813660
396321 811620 402819 812220
427899 814500 428469 815100
419919 804900 420489 805500
617595 811620 618621 812220
596619 806340 597645 806940
596391 805380 597417 805980
671175 809220 672087 809820
591147 819780 592059 820380
588183 806820 589095 807420
588183 805860 589095 806460
587271 816420 588183 817020
584991 815940 585903 816540
577695 803940 578607 804540
572907 816420 573819 817020
554895 815940 555807 816540
449559 806820 450471 807420
444771 816420 445683 817020
441351 810180 442263 810780
431775 804420 432687 805020
566067 804900 567435 805500
553983 807300 555351 807900
419121 802980 420033 803580
416271 804420 417183 805020
416727 811140 417639 811740
588069 802980 589665 804060
569031 803940 570627 805020
430977 815460 432573 816540
430977 807780 432573 808860
420831 815460 422427 816540
413763 801060 415359 802140
668439 806340 669465 806940
659775 802980 660801 803580
590463 817860 591489 818460
573591 802500 574617 803100
571311 807780 572337 808380
564471 818820 565497 819420
564015 814500 565041 815100
561735 811140 562761 811740
551247 815940 552273 816540
451611 809220 452637 809820
451611 806820 452637 807420
446823 810180 447849 810780
446823 807300 447849 807900
426759 809220 427785 809820
425847 813540 426873 814140
569943 807300 570969 807900
563103 807300 564129 807900
669579 810180 670149 810780
598671 811140 599241 811740
569487 815940 570057 816540
559911 804900 560481 805500
445683 804420 446253 805020
442491 801540 443061 802140
441123 805860 441693 806460
426075 810180 426645 810780
418779 803940 419349 804540
412851 810180 413421 810780
407607 805380 408177 805980
640623 811140 641421 811740
623979 812100 624777 812700
595251 807780 596049 808380
578379 821700 579177 822300
566523 805860 567321 806460
561735 805860 562533 806460
561735 804900 562533 805500
544863 816900 545661 817500
544863 813060 545661 813660
511347 802500 512145 803100
432459 805860 433257 806460
423567 816420 424365 817020
422883 812100 423681 812700
415587 809700 416385 810300
673569 809220 674481 809820
570741 820260 571653 820860
568233 806820 569145 807420
563787 809220 564699 809820
558885 809220 559797 809820
557745 813540 558657 814140
557517 809220 558429 809820
427101 806820 428013 807420
420375 803940 421287 804540
417525 809220 418437 809820
415245 815940 416157 816540
414903 811620 415815 812220
411825 810660 412737 811260
675735 808740 676761 809340
675735 802020 676761 802620
589779 812100 590805 812700
572907 821220 573933 821820
570399 809700 571425 810300
558543 814980 559569 815580
465291 805380 466317 805980
462783 807300 463809 807900
455715 802500 456741 803100
419463 801540 420489 802140
414675 807780 415701 808380
436563 808740 437247 809340
420831 805380 421515 805980
422313 802980 422997 803580
674139 807300 675393 807900
654987 812580 656241 813180
618963 813540 620217 814140
606879 814020 608133 814620
597303 812580 598557 813180
595023 816900 596277 817500
585447 822180 586701 822780
578151 810180 579405 810780
575871 822660 577125 823260
575871 806820 577125 807420
571311 819300 572565 819900
568803 814500 570057 815100
568575 816900 569829 817500
568575 805860 569829 806460
463467 801540 464721 802140
460959 806820 462213 807420
460959 804900 462213 805500
456171 803460 457425 804060
451383 802500 452637 803100
444315 809700 445569 810300
444315 804900 445569 805500
444087 814980 445341 815580
444087 810660 445341 811260
444087 805860 445341 806460
443175 811620 444429 812220
429951 810180 431205 810780
427671 805380 428925 805980
425163 802020 426417 802620
680067 802020 681093 802620
629679 814020 630705 814620
624207 814020 625233 814620
621699 814020 622725 814620
615543 814500 616569 815100
598671 814500 599697 815100
595479 813540 596505 814140
591831 802980 592857 803580
565155 808260 566181 808860
560823 814980 561849 815580
559455 810660 560481 811260
558315 808260 559341 808860
557859 806820 558885 807420
528903 802500 529929 803100
416271 807780 417297 808380
588639 809700 589323 810780
581229 814500 581913 815580
576783 810660 577467 811740
571767 816420 572451 817500
570285 812580 570969 813660
569373 819300 570057 820380
506901 803940 507585 805020
675735 805860 676419 806940
639825 811620 640509 812700
616113 811620 616797 812700
591147 811620 591831 812700
587271 802020 587955 803100
582483 818340 583167 819420
581343 816420 582027 817500
578721 802020 579405 803100
577809 814500 578493 815580
577125 819300 577809 820380
575529 801060 576213 802140
575415 802980 576099 804060
573933 810660 574617 811740
573819 808740 574503 809820
568233 811620 568917 812700
552957 801060 553641 802140
450471 801060 451155 802140
444429 802980 445113 804060
443517 806820 444201 807900
671859 810660 672885 811260
609615 814500 610641 815100
609615 813540 610641 814140
597531 811140 598557 811740
592743 814500 593769 815100
592743 804420 593769 805020
587955 821220 588981 821820
587955 814980 588981 815580
584763 819300 585789 819900
583167 817380 584193 817980
583167 809700 584193 810300
580887 811620 581913 812220
578379 807780 579405 808380
578379 804900 579405 805500
576099 819780 577125 820380
574503 819780 575529 820380
570399 817380 571425 817980
566523 815940 567549 816540
564015 802500 565041 803100
561735 807780 562761 808380
559227 806820 560253 807420
461187 801540 462213 802140
439527 812100 440553 812700
434739 807300 435765 807900
429951 814980 430977 815580
429951 804900 430977 805500
418095 802020 419121 802620
415587 808740 416613 809340
413307 803460 414333 804060
678243 801540 679725 802140
675279 809700 676761 810300
637659 812100 639141 812700
621699 811140 623181 811740
606423 814980 607905 815580
587271 807780 588753 808380
584991 808260 586473 808860
582483 803940 583965 804540
577695 806820 579177 807420
572907 801540 574389 802140
569031 810660 570513 811260
568119 808260 569601 808860
567435 804900 568917 805500
550791 812580 552273 813180
441351 815460 442833 816060
438159 811140 439641 811740
436563 803460 438045 804060
429267 806820 430749 807420
417411 815460 418893 816060
677559 808740 679041 809820
617367 812580 618849 813660
590919 816420 592401 817500
585219 810660 586701 811740
585219 802020 586701 803100
581343 822180 582825 823260
579291 822180 580773 823260
578835 820260 580317 821340
574275 818340 575757 819420
574275 812580 575757 813660
567207 819300 568689 820380
564927 806820 566409 807900
543039 813540 544521 814620
523887 811620 525369 812700
466659 805860 468141 806940
445227 802020 446709 803100
442719 803940 444201 805020
440211 806820 441693 807900
411483 815460 412965 816540
680523 804900 680979 805500
679611 809700 680067 810300
679611 807300 680067 807900
679383 808740 679839 809340
676761 810180 677217 810780
673227 811140 673683 811740
590577 802020 591033 802620
575757 810660 576213 811260
566067 818340 566523 818940
562419 817380 562875 817980
561279 817380 561735 817980
557403 802980 557859 803580
548511 812580 548967 813180
465519 802020 465975 802620
437361 816900 437817 817500
556035 806820 556605 807420
433827 802020 434397 802620
424479 811620 425049 812220
430065 803940 430977 804540
419007 810660 419919 811260
416613 808740 417525 809340
415815 811140 416727 811740
415815 802980 416727 803580
413991 805380 414903 805980
411141 806340 412053 806940
577467 822660 578151 823260
553755 821220 554439 821820
552729 821220 553413 821820
552501 813060 553185 813660
424137 808260 424821 808860
433599 804900 434397 805500
433371 802980 434169 803580
430635 802980 431433 803580
428355 801540 429153 802140
426075 816420 426873 817020
425847 814980 426645 815580
423567 811140 424365 811740
417411 803940 418209 804540
412167 807780 412965 808380
560595 808740 561621 809340
425163 803460 426189 804060
453207 802020 453891 802620
451839 801540 452523 802140
444429 802020 445113 802620
422997 802980 423681 803580
410115 806340 410799 806940
516591 802500 517161 803100
513399 802500 513969 803100
428583 817380 429153 817980
602547 814500 603231 815100
600837 815940 601521 816540
600153 813540 600837 814140
592173 806340 592857 806940
590691 808260 591375 808860
585789 814020 586473 814620
584421 817860 585105 818460
583851 807780 584535 808380
582597 804900 583281 805500
582369 810180 583053 810780
579063 803940 579747 804540
578493 815940 579177 816540
576327 821700 577011 822300
576213 802020 576897 802620
566751 802500 567435 803100
565155 815940 565839 816540
564129 816900 564813 817500
467457 802500 468141 803100
454347 801540 455031 802140
443403 815940 444087 816540
425277 815940 425961 816540
410799 812580 411027 813180
679041 804420 679497 805020
675279 805860 675735 806460
674823 809700 675279 810300
672543 808740 672999 809340
623295 814020 623751 814620
570855 815460 571311 816060
569715 817860 570171 818460
568347 814980 568803 815580
564927 817860 565383 818460
545775 815940 546231 816540
537453 813060 537909 813660
436107 808740 436563 809340
611211 802020 616797 802620
537225 815460 542811 816060
516477 813060 522063 813660
516477 812100 522063 812700
515337 810660 520923 811260
464721 807780 470307 808380
404871 811620 410457 812220
507813 817860 538479 818460
470193 815460 500859 816060
470193 805860 500859 806460
470193 804900 500859 805500
610983 814500 611667 815100
597759 813540 598443 814140
571539 821700 572223 822300
568233 801540 568917 802140
555807 813060 556491 813660
521379 810660 522063 811260
462555 804900 463239 805500
424479 803460 425163 804060
599355 813540 600153 814140
580887 804420 581685 805020
571539 814980 572337 815580
561051 821220 561849 821820
557403 807780 558201 808380
670263 805860 670833 806460
644727 811620 645297 812220
595935 811620 596505 812220
588639 815940 589209 816540
585903 807300 586473 807900
580431 819780 581001 820380
580431 815460 581001 816060
578607 819300 579177 819900
558771 811140 559341 811740
447051 808740 447621 809340
427215 810180 427785 810780
424251 804420 424821 805020
412851 812100 413421 812700
561507 810180 561963 810780
586929 810660 587157 811260
560367 815460 560595 816060
556947 807780 557175 808380
610299 802980 611097 804060
609843 809700 610641 810780
609615 806820 610413 807900
609387 804900 610185 805980
615315 809220 616113 809820
615087 804900 615885 805500
614175 805380 614973 805980
613947 806820 614745 807420
598899 812580 599697 813180
596277 801060 597645 802140
590919 803940 592287 805020
569145 801060 570513 802140
566865 811620 568233 812700
564471 801060 565839 802140
562533 805860 563901 806940
437931 806820 439299 807900
434853 801060 436221 802140
425733 805860 427101 806940
423339 806820 424707 807900
419007 814500 420375 815580
419007 807780 420375 808860
415701 812580 417069 813660
414333 802980 415701 804060
413649 808740 415017 809820
589665 816420 589893 817020
586929 808740 587157 809340
583053 802980 583281 803580
536541 808260 536769 808860
455373 805860 455601 806460
440325 801540 440553 802140
427671 817380 427899 817980
643815 811620 644385 812220
642447 811140 643017 811740
612123 811140 612693 811740
608931 814020 609501 814620
608247 814980 608817 815580
602547 815940 603117 816540
599583 815460 600153 816060
595935 802500 596505 803100
595479 805380 596049 805980
594795 814020 595365 814620
594795 810660 595365 811260
584535 809700 585105 810300
584535 805380 585105 805980
568347 815940 568917 816540
562875 811620 563445 812220
562647 813540 563217 814140
559911 807780 560481 808380
558315 804900 558885 805500
555351 808260 555921 808860
554667 802500 555237 803100
553983 812580 554553 813180
550335 808260 550905 808860
540759 808260 541329 808860
530727 802500 531297 803100
527763 813060 528333 813660
462099 807780 462669 808380
460731 808260 461301 808860
429039 804900 429609 805500
421287 807780 421857 808380
419007 804900 419577 805500
412167 803460 412737 804060
411027 805380 411597 805980
406239 804900 406809 805500
655215 811140 657381 811740
583395 820260 585561 820860
583395 814500 585561 815100
564471 821220 566637 821820
550107 801540 552273 802140
545319 802500 547485 803100
540531 813060 542697 813660
677673 803940 678585 804540
673341 808260 674253 808860
590577 820740 591489 821340
586245 823140 587157 823740
584421 804420 585333 805020
582369 825060 583281 825660
580089 806340 581001 806940
556149 803940 557061 804540
460389 805860 461301 806460
457881 804420 458793 805020
442833 810660 443745 811260
409545 812580 410457 813180
658179 802980 659433 803580
564927 813060 566181 813660
553299 804420 554553 805020
548055 802500 549309 803100
524115 802500 525369 803100
451839 803460 453093 804060
435423 806340 436677 806940
673455 810180 674709 810780
673455 804420 674709 805020
603915 811620 605169 812220
596619 807780 597873 808380
565839 801540 567093 802140
564699 803460 565953 804060
546687 808260 547941 808860
508155 804900 509409 805500
462555 806340 463809 806940
448191 803460 449445 804060
441351 802980 442605 803580
429039 802980 430293 803580
424479 817380 425733 817980
417411 804900 418665 805500
414903 805380 416157 805980
412623 806340 413877 806940
669579 807300 671061 807900
658179 803940 659661 804540
651339 811620 652821 812220
638799 814020 640281 814620
636975 811140 638457 811740
636063 814020 637545 814620
631275 814020 632757 814620
631275 811140 632757 811740
626487 814020 627969 814620
610299 811140 611781 811740
608247 815940 609729 816540
591147 801540 592629 802140
581571 801540 583053 802140
581115 806820 582597 807420
579519 807300 581001 807900
576327 818340 577809 818940
573819 815940 575301 816540
562647 821220 564129 821820
535971 813060 537453 813660
533463 813060 534945 813660
531639 802500 533121 803100
449787 803460 451269 804060
447735 801540 449217 802140
442947 802980 444429 803580
425391 804420 426873 805020
423111 815460 424593 816060
421059 812100 422541 812700
411939 805380 413421 805980
670605 811140 670833 811740
560481 820260 560709 820860
555921 809700 556149 810300
555009 821220 555237 821820
543609 812580 543837 813180
543153 802500 543381 803100
537681 808260 537909 808860
519213 802500 519441 803100
454917 805860 455145 806460
451041 808260 451269 808860
449103 806820 449331 807420
446253 803460 446481 804060
433827 803940 434055 804540
427101 812580 427329 813180
641763 808740 652821 809340
618279 808260 629337 808860
598557 806820 609615 807420
456399 811620 467457 812220
447507 816420 458565 817020
664563 810660 664905 811260
587955 810660 588297 811260
578379 816900 578721 817500
578265 818340 578607 818940
573477 807780 573819 808380
570171 808260 570513 808860
556947 802500 557289 803100
551361 821220 551703 821820
548967 801540 549309 802140
547827 813060 548169 813660
523431 802500 523773 803100
427671 802020 428013 802620
425163 812580 425505 813180
425163 808260 425505 808860
424479 809220 424821 809820
418095 811140 418437 811740
415587 802020 415929 802620
414903 814980 415245 815580
412623 801540 412965 802140
572337 823140 572793 823740
556149 808260 556605 808860
535629 808260 536085 808860
523203 811140 523659 811740
597531 814500 597873 815100
564015 808260 564357 808860
562875 820260 563217 820860
672315 802020 673683 803100
660459 801060 661827 802140
656241 808740 657609 809820
656241 804900 657609 805980
653049 805860 654417 806940
650313 805860 651681 806940
648945 806820 650313 807900
590691 806820 592059 807900
586701 803940 588069 805020
581571 807780 582939 808860
579291 808740 580659 809820
572223 802980 573591 804060
566637 809700 568005 810780
564699 809700 566067 810780
562191 809700 563559 810780
562077 801060 563445 802140
445569 813540 446937 814620
445569 811620 446937 812700
676875 808260 677445 808860
673683 811140 674253 811740
673683 805860 674253 806460
673683 802980 674253 803580
645639 811620 646209 812220
621015 814020 621585 814620
610299 815940 610869 816540
599583 811620 600153 812220
598671 815460 599241 816060
598443 813540 599013 814140
597075 802500 597645 803100
594795 811620 595365 812220
589323 818340 589893 818940
589095 811140 589665 811740
582255 809220 582825 809820
570855 801540 571425 802140
566067 811140 566637 811740
564243 804420 564813 805020
557859 802980 558429 803580
539163 802500 539733 803100
538935 813060 539505 813660
533463 802500 534033 803100
474183 803940 474753 804540
464379 806820 464949 807420
455943 809700 456513 810300
455487 804420 456057 805020
446367 817380 446937 817980
442947 805860 443517 806460
435879 807780 436449 808380
432687 804900 433257 805500
430407 815940 430977 816540
424707 816420 425277 817020
422427 816420 422997 817020
414903 806820 415473 807420
413763 811140 414333 811740
609615 812580 609957 813180
603231 813540 603573 814140
566523 812580 566865 813180
446595 815940 446937 816540
681435 802020 682233 802620
679611 802980 680409 803580
671175 805380 671973 805980
662283 802020 663081 802620
634239 814020 635037 814620
633555 811140 634353 811740
630363 811620 631161 812220
622155 812100 622953 812700
596847 813540 597645 814140
593427 812580 594225 813180
593427 809700 594225 810300
589323 820740 590121 821340
586815 805380 587613 805980
586587 814500 587385 815100
585675 812100 586473 812700
583167 823140 583965 823740
577695 802980 578493 803580
575187 811620 575985 812220
571539 811620 572337 812220
571539 808740 572337 809340
570627 821700 571425 822300
561735 812580 562533 813180
561735 808740 562533 809340
560595 811140 561393 811740
559911 821220 560709 821820
555579 802020 556377 802620
539391 808260 540189 808860
520239 802500 521037 803100
517959 802500 518757 803100
505875 804420 506673 805020
466659 802500 467457 803100
463695 804900 464493 805500
453207 809700 454005 810300
446823 804900 447621 805500
445683 810660 446481 811260
444543 812100 445341 812700
442035 805380 442833 805980
441351 813540 442149 814140
441351 812100 442149 812700
436107 802500 436905 803100
418095 807300 418893 807900
636747 802980 641877 804060
632643 804900 637773 805980
632415 807780 637545 808860
629907 802980 635037 804060
629907 801060 635037 802140
617481 809700 618393 810300
617481 806820 618393 807420
617481 805860 618393 806460
617481 804900 618393 805500
617481 801540 618393 802140
597759 810180 598671 810780
597759 809220 598671 809820
597759 805860 598671 806460
597759 804900 598671 805500
597759 802500 598671 803100
597759 801540 598671 802140
658293 809220 667071 809820
658293 808260 667071 808860
620673 804900 629451 805500
583053 827460 591831 828060
507813 803460 516591 804060
394953 807780 403731 808380
394953 805860 403731 806460
394953 804900 403731 805500
535059 812580 535857 813180
510435 813540 511233 814140
673113 813540 687819 814140
622041 826980 636747 827580
622041 823140 636747 823740
622041 822180 636747 822780
619305 817860 634011 818460
597075 816900 611781 817500
516477 827460 531183 828060
493449 813540 508155 814140
491739 808260 506445 808860
489915 809220 504621 809820
486153 802980 500859 803580
471561 817380 486267 817980
468711 814020 483417 814620
468711 813060 483417 813660
396321 802020 411027 802620
658179 816900 659775 817500
658179 814980 659775 815580
545319 804900 546915 805500
507699 807300 509295 807900
664791 806820 667641 807420
664221 802500 667071 803100
629337 807780 632187 808380
614175 803460 617025 804060
610755 805380 613605 805980
605853 808740 608703 809340
552957 806340 555807 806940
508611 812580 511461 813180
467001 825060 469851 825660
467001 824100 469851 824700
467001 823140 469851 823740
434397 805380 437247 805980
433941 814980 436791 815580
433941 814020 436791 814620
407265 809700 410115 810300
507243 808260 509295 808860
507243 802500 509295 803100
469623 810660 471675 811260
673797 801540 674709 802140
671517 803460 672429 804060
657495 814020 658407 814620
657495 810180 658407 810780
657495 807300 658407 807900
657495 806340 658407 806940
619875 810660 620787 811260
602205 802500 603117 803100
598557 803460 599469 804060
591147 825060 592059 825660
591147 823140 592059 823740
571197 822660 572109 823260
566637 821700 567549 822300
561393 818340 562305 818940
544635 803940 545547 804540
454119 812100 455031 812700
438957 801540 439869 802140
436905 815940 437817 816540
409089 815460 410001 816060
409089 813540 410001 814140
407949 804420 408861 805020
651225 825060 695115 825660
651225 824100 695115 824700
651225 820260 695115 820860
651225 819300 695115 819900
533919 827460 577809 828060
509181 809220 553071 809820
500745 824100 544635 824700
500745 820260 544635 820860
471561 819300 515451 819900
659661 815940 696255 816540
509181 801540 545775 802140
470649 825540 507243 826140
470649 821700 507243 822300
651225 826020 695115 826620
651225 821220 695115 821820
546801 826020 590691 826620
471561 816420 515451 817020
471561 811620 515451 812220
415473 814500 415929 815100
433599 812580 434169 813180
421515 816900 422085 817500
409431 804420 410001 805020
404871 804900 405441 805500
407379 803460 407949 804060
591375 808260 592401 808860
589551 807780 590577 808380
583395 810660 584421 811260
573819 805380 574845 805980
444543 813060 445569 813660
444543 806820 445569 807420
677331 802020 677901 802620
616911 808740 617481 809340
616911 802500 617481 803100
616911 801540 617481 802140
605511 815940 606081 816540
594795 815940 595365 816540
594339 804900 594909 805500
593655 802980 594225 803580
590007 816900 590577 817500
588639 816900 589209 817500
575187 821700 575757 822300
537339 802500 537909 803100
535743 802500 536313 803100
529359 813060 529929 813660
453435 803940 454005 804540
428127 812100 428697 812700
427215 816420 427785 817020
427215 807780 427785 808380
419919 815940 420489 816540
417183 812100 417753 812700
526623 802500 527193 803100
522063 802500 522633 803100
435651 803460 436221 804060
434967 802980 435537 803580
430863 801540 431433 802140
422199 807780 422769 808380
416727 805380 417297 805980
416499 810180 417069 810780
416271 802020 416841 802620
413763 807780 414333 808380
410343 804420 410913 805020
657609 817860 658407 818460
628539 811140 629337 811740
613491 809220 614289 809820
559227 817380 560025 817980
555807 802980 556605 803580
503139 805380 503937 805980
469509 802020 470307 802620
465519 802980 466317 803580
422541 809220 423339 809820
423111 801540 423795 802140
694317 808740 695913 809340
656811 801540 658407 802140
641763 807300 643359 807900
504507 806340 506103 806940
459135 808260 460731 808860
432687 817380 434283 817980
695457 809700 696027 810300
667299 802020 667869 802620
648489 805860 649059 806460
616455 805860 617025 806460
609159 803460 609729 804060
592515 812580 593085 813180
591489 826020 592059 826620
591489 822180 592059 822780
590235 819780 590805 820380
590121 814500 590691 815100
587955 822180 588525 822780
587727 811620 588297 812220
574503 822180 575073 822780
573477 812100 574047 812700
571311 814020 571881 814620
568803 821700 569373 822300
561507 820260 562077 820860
558885 802980 559455 803580
549537 807780 550107 808380
540075 802500 540645 803100
505419 803460 505989 804060
459363 816420 459933 817020
458679 806340 459249 806940
458679 805380 459249 805980
437703 812580 438273 813180
434739 803940 435309 804540
434511 806340 435081 806940
420831 808740 421401 809340
420147 810180 420717 810780
418551 809700 419121 810300
417867 810180 418437 810780
413193 807300 413763 807900
412395 816900 412965 817500
403731 805380 404301 805980
600951 809220 602661 809820
674481 805860 674937 806460
649743 817380 650199 817980
646893 811140 647349 811740
643359 811140 643815 811740
641763 812580 642219 813180
641763 811620 642219 812220
587613 813540 588069 814140
585903 804900 586359 805500
584421 813060 584877 813660
584079 811620 584535 812220
584079 808740 584535 809340
584079 806820 584535 807420
584079 805860 584535 806460
582711 819780 583167 820380
582711 813060 583167 813660
582711 806340 583167 806940
581913 824100 582369 824700
581001 824100 581457 824700
571995 805860 572451 806460
562305 815460 562761 816060
550107 813060 550563 813660
522747 812100 523203 812700
522291 813060 522747 813660
440667 810660 441123 811260
432003 801540 432459 802140
429495 801540 429951 802140
425391 814020 425847 814620
423909 812100 424365 812700
421515 810180 421971 810780
418209 808260 418665 808860
411711 807300 412167 807900
404187 816900 404643 817500
595479 815940 596049 816540
511575 812580 512145 813180
440667 802020 441237 802620
439755 805860 440325 806460
655785 827460 657723 828060
655785 822660 657723 823260
618279 803940 620217 804540
618051 816420 619989 817020
578493 823620 580431 824220
565269 820260 567207 820860
442833 817380 444771 817980
432003 810660 433941 811260
429951 813060 431889 813660
429837 814020 431775 814620
429837 809220 431775 809820
646323 807300 646779 807900
599469 810180 599925 810780
591603 821220 592059 821820
590235 813540 590691 814140
590235 806340 590691 806940
580659 816900 581115 817500
576099 812100 576555 812700
573363 822660 573819 823260
571995 802020 572451 802620
571311 803940 571767 804540
571083 818340 571539 818940
571083 810660 571539 811260
556833 813060 557289 813660
553185 814500 553641 815100
543837 816900 544293 817500
542925 816900 543381 817500
507471 806340 507927 806940
469851 809700 470307 810300
469851 808740 470307 809340
448875 804420 449331 805020
434511 802500 434967 803100
432231 816900 432687 817500
432231 803460 432687 804060
425505 807300 425961 807900
425049 814980 425505 815580
422769 811140 423225 811740
420375 802980 420831 803580
399057 816420 399513 817020
604371 814980 605169 815580
590007 811140 590805 811740
578151 805860 578949 806460
573135 813540 573933 814140
573021 819780 573819 820380
557631 811140 558429 811740
507129 827460 507927 828060
507129 826500 507927 827100
507129 822660 507927 823260
415131 816900 415929 817500
695799 802020 696027 802620
674937 808260 675165 808860
670377 810660 670605 811260
669921 802500 670149 803100
669693 809220 669921 809820
658179 811140 658407 811740
636633 806820 636861 807420
600039 812580 600267 813180
599469 808260 599697 808860
592743 807300 592971 807900
592743 802020 592971 802620
591831 817860 592059 818460
590463 803460 590691 804060
584421 801540 584649 802140
583167 802020 583395 802620
582939 823620 583167 824220
582597 802500 582825 803100
582369 820260 582597 820860
580203 813540 580431 814140
573591 805860 573819 806460
569829 811620 570057 812220
565497 814500 565725 815100
564015 803940 564243 804540
563331 804900 563559 805500
545319 811620 545547 812220
545319 810660 545547 811260
504393 812580 504621 813180
459363 809220 459591 809820
433941 815940 434169 816540
433941 806340 434169 806940
426645 814500 426873 815100
425163 809220 425391 809820
424593 813060 424821 813660
422085 813060 422313 813660
418095 813060 418323 813660
414219 806340 414447 806940
410001 816900 410229 817500
408861 814980 409089 815580
695343 812580 696027 813180
695343 805860 696027 806460
671517 804420 672201 805020
624777 802020 625461 802620
604371 815940 605055 816540
602205 805860 602889 806460
597075 815940 597759 816540
578037 801540 578721 802140
562989 818820 563673 819420
561393 806820 562077 807420
557745 817380 558429 817980
549537 815460 550221 816060
544863 805860 545547 806460
532893 827460 533577 828060
528219 802500 528903 803100
510093 802500 510777 803100
506217 803460 506901 804060
473385 803940 474069 804540
439413 810180 440097 810780
436905 806820 437589 807420
436677 816900 437361 817500
433143 802020 433827 802620
416157 816420 416841 817020
409089 807780 409773 808380
694887 811620 695913 812220
694887 802980 695913 803580
647919 807300 648945 807900
608019 805860 609045 806460
606423 815940 607449 816540
544521 826020 545547 826620
544521 822180 545547 822780
544521 821220 545547 821820
544521 814500 545547 815100
542013 814020 543039 814620
465405 806340 466431 806940
439755 803460 440781 804060
437589 804420 438615 805020
410343 815460 411369 816060
406125 803460 407151 804060
693291 807780 695229 808380
693291 806820 695229 807420
666957 810180 668895 810780
662169 810660 664107 811260
611667 803460 613605 804060
552957 805380 554895 805980
504507 802500 506445 803100
468255 803940 470193 804540
468027 804900 469965 805500
467571 816420 469509 817020
434511 815940 436449 816540
412623 813540 414561 814140
622041 815460 651339 816060
619305 824580 648603 825180
619305 819780 648603 820380
619305 818820 648603 819420
509751 804900 539049 805500
678015 812580 692721 813180
659661 817860 674367 818460
561393 824100 576099 824700
552957 822660 567663 823260
486153 826980 500859 827580
486153 823140 500859 823740
674253 827460 696255 828060
674253 822660 696255 823260
673683 814500 695685 815100
538365 818820 560367 819420
522633 823140 544635 823740
509181 826500 538479 827100
509181 825540 538479 826140
473043 807300 502341 807900
471903 801540 501201 802140
676647 811620 691353 812220
639711 802020 654417 802620
516591 816420 531297 817020
509181 821700 523887 822300
470649 826500 485355 827100
680751 803940 695457 804540
622041 809700 636747 810300
471561 818340 486267 818940
448647 810660 463353 811260
396321 810660 411027 811260
664791 804900 668553 805500
633327 813060 637089 813660
631959 812100 635721 812700
611211 810180 614973 810780
610527 804420 614289 805020
605853 809700 609615 810300
605853 807780 609615 808380
575985 825060 579747 825660
554097 820260 557859 820860
551931 810180 555693 810780
531069 808260 534831 808860
403617 815460 407379 816060
671289 802500 672315 803100
670491 803940 671517 804540
619647 815460 620673 816060
619305 826980 620331 827580
619305 826020 620331 826620
619305 823140 620331 823740
619305 822180 620331 822780
619305 821220 620331 821820
566067 819300 567093 819900
544521 825060 545547 825660
544521 806820 545547 807420
544179 802980 545205 803580
506559 801540 507585 802140
506331 809220 507357 809820
460731 802980 461757 803580
431547 802500 432573 803100
419919 816900 420945 817500
419805 809220 420831 809820
414675 813060 415701 813660
410913 802980 411939 803580
402477 816900 403503 817500
695685 817380 696027 817980
675051 812100 675393 812700
638799 813060 639141 813660
584307 821220 584649 821820
581571 820260 581913 820860
580887 809700 581229 810300
576099 804420 576441 805020
566523 808260 566865 808860
559113 804900 559455 805500
556947 821220 557289 821820
546003 808260 546345 808860
464607 805860 464949 806460
462669 801540 463011 802140
410685 807300 411027 807900
692037 810660 695799 811260
654531 815940 658293 816540
652251 804900 656013 805500
643929 805860 647691 806460
625575 803460 629337 804060
546801 821220 550563 821820
538365 816900 542127 817500
503595 814980 507357 815580
433941 811140 437703 811740
433941 810180 437703 810780
658293 827460 659775 828060
658293 822660 659775 823260
620673 816420 622155 817020
545433 824100 546915 824700
545433 823140 546915 823740
470193 806820 471675 807420
470193 802980 471675 803580
432573 809220 434055 809820
394953 816420 396435 817020
394953 802980 396435 803580
687933 801540 695343 802140
665817 826980 673227 827580
665817 823140 673227 823740
665817 822180 673227 822780
636633 817380 644043 817980
545661 803460 553071 804060
515337 807780 522747 808380
460731 814500 468141 815100
460731 809220 468141 809820
688161 804900 695571 805500
687249 809700 694659 810300
647463 810180 654873 810780
600951 803460 608361 804060
536655 805860 544065 806460
499833 817860 507243 818460
496527 803940 503937 804540
395181 814980 402591 815580
395181 809220 402591 809820
