676305 805860 676989 806940
655671 807780 656355 808860
587841 802020 588525 803100
587613 815460 588297 816540
585447 816420 586131 817500
578151 802020 578835 803100
573363 810660 574047 811740
573249 817380 573933 818460
572337 816420 573021 817500
568575 809700 569259 810780
566523 810660 567207 811740
442035 813540 442719 814620
442035 811620 442719 812700
429609 810660 430293 811740
425163 805860 425847 806940
422541 814500 423225 815580
418095 805860 418779 806940
674139 802980 674937 803580
671859 807780 672657 808380
616683 810180 617481 810780
616683 808260 617481 808860
616683 804900 617481 805500
616683 802020 617481 802620
611895 814020 612693 814620
604827 814500 605625 815100
600039 815940 600837 816540
580887 813540 581685 814140
566523 813060 567321 813660
458679 802980 459477 803580
456399 808740 457197 809340
425163 802500 425961 803100
422883 805860 423681 806460
419463 816420 420261 817020
416271 810660 417069 811260
619419 812100 620673 812700
615543 811140 616797 811740
605283 812580 606537 813180
598671 813060 599925 813660
596391 802980 597645 803580
594795 813060 596049 813660
594795 803460 596049 804060
594111 802500 595365 803100
568347 818820 569601 819420
568347 814020 569601 814620
558771 805380 560025 805980
556491 804420 557745 805020
451155 808260 452409 808860
447963 809220 449217 809820
443175 803460 444429 804060
436791 802980 438045 803580
412167 802980 413421 803580
433941 803940 434853 804540
411939 810180 412851 810780
670605 812100 672429 812700
666957 808260 668781 808860
656583 812100 658407 812700
642105 811620 643929 812220
615999 809220 617823 809820
613149 801540 614973 802140
581343 827460 583167 828060
566409 820740 568233 821340
554097 803940 555921 804540
542013 814980 543837 815580
533349 812580 535173 813180
504393 805860 506217 806460
468483 815460 470307 816060
468483 806820 470307 807420
409773 815940 411597 816540
407265 805860 409089 806460
653961 812580 655101 813180
587613 814020 588753 814620
587613 806340 588753 806940
582825 807780 583965 808380
575757 810180 576897 810780
575757 809220 576897 809820
575757 802500 576897 803100
570969 805860 572109 806460
561393 816900 562533 817500
417753 814500 418893 815100
409773 814020 410913 814620
402705 812580 403845 813180
402705 811620 403845 812220
680865 804900 688275 805500
679725 808740 687135 809340
679953 809700 687363 810300
620217 826980 622155 827580
620217 826020 622155 826620
620217 825060 622155 825660
620217 824100 622155 824700
620217 823140 622155 823740
620217 822180 622155 822780
620217 821220 622155 821820
620217 820260 622155 820860
620217 819300 622155 819900
620217 818340 622155 818940
469737 826980 471675 827580
469737 826020 471675 826620
469737 825060 471675 825660
469737 824100 471675 824700
469737 823140 471675 823740
469737 822180 471675 822780
469737 821220 471675 821820
469737 820260 471675 820860
469737 819300 471675 819900
469737 818340 471675 818940
432117 814980 434055 815580
432117 812100 434055 812700
432117 805380 434055 805980
680637 801540 688047 802140
465861 802020 469623 802620
679953 807300 687363 807900
675507 810660 676989 811260
608703 813060 610185 813660
594111 801540 595593 802140
589323 820260 590805 820860
589323 810180 590805 810780
589323 808260 590805 808860
572451 807300 573933 807900
570399 813540 571881 814140
561051 813060 562533 813660
561051 802500 562533 803100
558543 812580 560025 813180
558543 804420 560025 805020
543951 817380 545433 817980
443175 813540 444657 814140
438843 814980 440325 815580
426531 814980 428013 815580
422199 804900 423681 805500
419463 812580 420945 813180
412623 804900 414105 805500
607335 815940 608361 816540
581571 803940 582597 804540
577239 812580 578265 813180
565155 819300 566181 819900
564243 820740 565269 821340
563103 820260 564129 820860
561963 820260 562989 820860
560595 820260 561621 820860
632643 814020 633669 814620
632643 811140 633669 811740
623067 811140 624093 811740
613491 812100 614517 812700
587271 813060 588297 813660
576099 803460 577125 804060
575415 817860 576441 818460
575415 808260 576441 808860
456399 805860 457425 806460
455715 802020 456741 802620
450927 805380 451953 805980
438843 809220 439869 809820
429267 808260 430293 808860
405327 804900 406353 805500
607107 812100 609273 812700
592743 811620 594909 812220
592743 810660 594909 811260
583167 802980 585333 803580
578379 810660 580545 811260
576099 820260 578265 820860
573591 819300 575757 819900
573591 814980 575757 815580
571311 814500 573477 815100
564015 818340 566181 818940
564015 814980 566181 815580
463467 802980 465633 803580
461187 804420 463353 805020
446823 802980 448989 803580
427671 809700 429837 810300
413307 810180 415473 810780
671859 806820 673341 807420
671859 805380 673341 805980
613947 814980 615429 815580
595251 806340 596733 806940
590463 804900 591945 805500
587499 819780 588981 820380
582711 805860 584193 806460
580887 812100 582369 812700
575643 816900 577125 817500
568803 813060 570285 813660
568347 811140 569829 811740
446367 810660 447849 811260
443859 802500 445341 803100
419919 805860 421401 806460
625575 814020 626601 814620
613491 814020 614517 814620
601635 814500 602661 815100
592059 815940 593085 816540
580431 819300 581457 819900
563559 813060 564585 813660
549195 801540 550221 802140
515679 802500 516705 803100
455943 802980 456969 803580
453435 809220 454461 809820
453435 806340 454461 806940
451155 803940 452181 804540
441579 802020 442605 802620
429495 805380 430521 805980
418323 803460 419349 804060
412851 811140 413877 811740
412851 801540 413877 802140
608703 814980 611325 815580
603915 811140 606537 811740
601635 813060 604257 813660
601407 812100 604029 812700
599127 811140 601749 811740
594339 808260 596961 808860
589551 814020 592173 814620
584991 817860 587613 818460
553755 815460 556377 816060
529815 813060 532437 813660
438843 805380 441465 805980
438843 804420 441465 805020
437703 816900 445113 817500
623637 814020 624321 814620
571197 815460 571881 816060
568689 814980 569373 815580
563901 807780 564585 808380
458337 807780 459021 808380
556149 806340 557061 806940
514083 802500 514995 803100
426987 803460 427785 804060
425619 815460 426303 816060
590577 819300 591261 819900
670947 809700 671631 810300
585105 821700 585789 822300
581001 821700 581685 822300
575529 804900 576213 805500
570627 819780 571311 820380
567549 802980 568233 803580
555123 821220 555807 821820
550335 802020 551019 802620
523545 811140 524229 811740
417411 808740 418209 809340
565839 803460 566637 804060
678243 807780 678813 808380
674139 806340 674709 806940
673683 807780 674253 808380
597531 814020 598101 814620
597531 810660 598101 811260
592743 814980 593313 815580
591375 817860 591945 818460
590463 816900 591033 817500
590463 803940 591033 804540
590463 802500 591033 803100
580887 804900 581457 805500
578379 814980 578949 815580
575643 813060 576213 813660
559227 815940 559797 816540
558315 811140 558885 811740
545547 808260 546117 808860
458679 803940 459249 804540
451611 806340 452181 806940
441579 809220 442149 809820
440895 815940 441465 816540
440667 803460 441237 804060
433371 803940 433941 804540
427671 816420 428241 817020
427215 814020 427785 814620
421059 807300 421629 807900
675963 804420 677217 805020
644499 811140 645753 811740
635835 811140 637089 811740
634923 814020 636177 814620
601407 815940 602661 816540
580203 802500 581457 803100
577695 805380 578949 805980
572907 804900 574161 805500
565839 814020 567093 814620
563331 812100 564585 812700
558543 813540 559797 814140
553755 808260 555009 808860
539391 813060 540645 813660
457995 801540 459249 802140
453207 805380 454461 805980
452979 803460 454233 804060
443631 807780 444885 808380
422199 813060 423453 813660
674367 808740 675849 809820
609843 811620 611325 812700
581115 815460 582597 816540
578835 818340 580317 819420
576327 813540 577809 814620
573819 813540 575301 814620
569259 821220 570741 822300
567207 816420 568689 817500
466203 804900 467685 805980
447051 807780 448533 808860
438159 812580 439641 813660
416043 815460 417525 816540
663993 809700 664677 810300
622041 814500 622725 815100
617253 814020 617937 814620
592173 805860 592857 806460
592173 804420 592857 805020
579177 821220 579861 821820
563445 809700 564129 810300
562761 804900 563445 805500
557745 803460 558429 804060
507129 802980 507813 803580
451725 809700 452409 810300
441009 810660 441693 811260
436677 809220 437361 809820
431889 807300 432573 807900
425733 814020 426417 814620
422313 815940 422997 816540
419805 810660 420489 811260
417525 811140 418209 811740
672771 810660 673455 811260
672771 808260 673455 808860
671175 804900 671859 805500
585675 820740 586359 821340
580887 806340 581571 806940
564015 817380 564699 817980
561735 803940 562419 804540
464151 807780 464835 808380
450471 809220 451155 809820
436335 815940 437019 816540
426987 808260 427671 808860
420375 804420 421059 805020
410799 804420 411483 805020
407835 804900 408519 805500
404415 812580 405099 813180
671859 809700 672885 810300
592515 813060 593541 813660
590235 811620 591261 812220
585447 810180 586473 810780
578151 809700 579177 810300
576783 821220 577809 821820
568575 806340 569601 806940
563787 814020 564813 814620
561735 805380 562761 805980
505647 803940 506673 804540
463239 802020 464265 802620
460959 805380 461985 805980
446595 806340 447621 806940
444087 806340 445113 806940
583053 818340 583965 818940
582369 809700 583281 810300
580773 801540 581685 802140
571197 812100 572109 812700
571197 809220 572109 809820
571197 803460 572109 804060
563901 810660 564813 811260
446709 804420 447621 805020
420261 802020 421173 802620
415473 804420 416385 805020
410001 808740 410913 809340
677787 804420 679041 805020
670719 811140 671973 811740
622839 812100 624093 812700
615543 813060 616797 813660
598215 814020 599469 814620
593655 814500 594909 815100
588183 811620 589437 812220
558087 802500 559341 803100
548055 813060 549309 813660
543723 812580 544977 813180
527079 802500 528333 803100
444543 814500 445797 815100
442263 815940 443517 816540
430863 803940 432117 804540
426531 810660 427785 811260
426531 804900 427785 805500
416955 802500 418209 803100
409659 813060 410913 813660
581571 817380 583281 817980
577695 808260 579405 808860
456627 804900 458337 805500
443631 812580 445341 813180
442719 810180 444429 810780
434055 806820 435765 807420
424479 804900 426189 805500
418779 815460 420489 816060
414903 807300 416613 807900
603459 815940 604485 816540
640623 811620 641877 812220
637659 814020 638913 814620
658293 811140 667071 811740
658293 806340 667071 806940
658293 803460 667071 804060
620673 807780 629451 808380
620673 802980 629451 803580
583053 826500 591831 827100
583053 825540 591831 826140
583053 824580 591831 825180
583053 823620 591831 824220
545433 816420 554211 817020
545433 811620 554211 812220
545433 806820 554211 807420
507813 812100 516591 812700
507813 811140 516591 811740
470193 812580 478971 813180
394953 806820 403731 807420
562419 803460 563217 804060
565155 804900 566067 805500
552615 802020 553527 802620
543267 807780 544179 808380
424251 809700 425277 810300
582255 813540 583053 814620
427215 812580 427785 813180
570399 802500 571425 803100
596847 809700 597873 810300
596847 805860 597873 806460
596847 804420 597873 805020
596847 802020 597873 802620
587271 809220 588297 809820
584991 805380 586017 805980
582483 810660 583509 811260
572907 820260 573933 820860
565839 807780 566865 808380
563331 802020 564357 802620
449787 805860 450813 806460
444999 803460 446025 804060
414903 802500 415929 803100
676647 803460 678129 804060
651339 811140 652821 811740
576099 814980 577581 815580
573591 802980 575073 803580
568803 802020 570285 802620
560367 810660 561849 811260
559455 814980 560937 815580
557859 809700 559341 810300
512031 802500 513513 803100
449103 801540 450585 802140
446823 805380 448305 805980
444315 804420 445797 805020
442947 809220 444429 809820
442035 807300 443517 807900
434739 805860 436221 806460
593655 804420 595365 805020
590463 809220 592173 809820
585675 807780 587385 808380
573591 821700 575301 822300
415587 812100 417297 812700
676647 802020 677445 803100
594339 816420 595137 817500
590463 812580 591261 813660
587271 821220 588069 822300
586587 802020 587385 803100
580887 807780 581685 808860
580203 814500 581001 815580
578607 822180 579405 823260
576099 805860 576897 806940
575187 806820 575985 807900
566523 808740 567321 809820
561735 811620 562533 812700
455715 806820 456513 807900
446823 816420 447621 817500
414903 808740 415701 809820
596847 814980 599241 815580
568119 807780 570513 808380
564243 806340 566637 806940
505875 804900 508269 805500
460503 807300 462897 807900
419691 813540 422085 814140
429153 812580 430065 813180
657951 802020 659661 802620
616683 812100 618393 812700
583167 819300 584877 819900
583167 804900 584877 805500
568803 817380 570513 817980
562419 815940 564129 816540
554439 801540 556149 802140
678699 802500 680637 803100
667527 806820 669465 807420
571083 818820 573021 819420
554439 812580 556377 813180
552159 812580 554097 813180
422655 807780 424593 808380
413307 812100 415245 812700
651795 814980 658293 815580
649059 809220 655557 809820
625575 805380 632073 805980
610299 807300 616797 807900
602547 809220 609045 809820
560253 821700 566751 822300
546801 814500 553299 815100
546801 804900 553299 805500
496755 805380 503253 805980
447963 811620 454461 812220
433941 808260 440439 808860
620559 811140 621585 811740
537795 808260 538821 808860
422883 802500 423909 803100
646095 811140 647007 811740
639027 812100 639939 812700
587271 816900 588183 817500
583623 813540 584535 814140
577695 815940 578607 816540
577695 804420 578607 805020
574731 801540 575643 802140
566751 804420 567663 805020
546687 813060 547599 813660
449559 807300 450471 807900
448419 805860 449331 806460
429267 803460 430179 804060
558771 806340 560139 806940
430065 809700 430977 810300
570513 804420 570969 805020
604941 815940 605625 816540
411255 805860 411939 806460
417183 804420 418095 805020
583281 802020 583965 802620
439755 801540 440439 802140
427785 817380 428469 817980
429039 802500 429951 803100
423111 811620 424023 812220
412395 807300 413307 807900
454917 811620 456513 812700
425277 808740 426873 809820
413763 815460 415359 816540
672087 804420 673113 805020
669351 805860 670377 806460
584307 810660 585333 811260
575187 812100 576213 812700
573591 802020 574617 802620
571311 808260 572337 808860
558315 817380 559341 817980
525711 802500 526737 803100
453891 807300 454917 807900
451611 807300 452637 807900
445683 815460 446709 816060
427671 807300 428697 807900
415587 805860 416613 806460
556035 809700 557061 810300
517047 802500 518073 803100
467115 803460 468141 804060
675279 806340 675849 806940
669807 809700 670377 810300
607791 814980 608361 815580
584535 821220 585105 821820
569943 815940 570513 816540
569715 820260 570285 820860
564699 815940 565269 816540
559683 801540 560253 802140
557859 808260 558429 808860
553299 821220 553869 821820
538251 802500 538821 803100
535515 813060 536085 813660
442491 802980 443061 803580
442263 803940 442833 804540
439755 812580 440325 813180
437475 806820 438045 807420
429039 801540 429609 802140
426759 816420 427329 817020
424251 815940 424821 816540
424251 812100 424821 812700
423111 810660 423681 811260
421743 807780 422313 808380
421515 810660 422085 811260
419007 810180 419577 810780
416727 808260 417297 808860
411939 811140 412509 811740
671859 808740 672657 809340
619191 814020 619989 814620
597531 812100 598329 812700
580887 820260 581685 820860
568803 815940 569601 816540
564015 802980 564813 803580
547371 802500 548169 803100
542583 813060 543381 813660
540075 808260 540873 808860
444315 801540 445113 802140
590121 814980 591033 815580
563787 808740 564699 809340
556377 801540 557289 802140
507015 810180 507927 810780
451041 801540 451953 802140
425049 812100 425961 812700
423681 817380 424593 817980
422313 803460 423225 804060
410685 802500 411597 803100
410001 809700 410913 810300
652023 812100 653049 812700
594339 815460 595365 816060
582483 820260 583509 820860
572907 803940 573933 804540
570399 810180 571425 810780
553755 802500 554781 803100
529815 802500 530841 803100
436563 814500 437589 815100
410115 805380 411141 805980
577695 822180 578379 822780
564129 803940 564813 804540
555465 805860 556149 806460
422313 801540 422997 802140
628539 814020 629793 814620
609387 814020 610641 814620
607107 813540 608361 814140
585447 814500 586701 815100
583167 821220 584421 821820
582939 811620 584193 812220
582939 808740 584193 809340
576099 822180 577353 822780
573363 809700 574617 810300
571311 821220 572565 821820
568575 805380 569829 805980
559227 811620 560481 812220
537795 813060 539049 813660
528219 813060 529473 813660
520923 802500 522177 803100
463239 806820 464493 807420
451383 802980 452637 803580
444315 811620 445569 812220
439527 810660 440781 811260
429723 816420 430977 817020
429723 814500 430977 815100
425163 801540 426417 802140
424935 803940 426189 804540
409659 812100 410913 812700
615771 814020 616797 814620
600267 814020 601293 814620
595479 814020 596505 814620
591831 803460 592857 804060
590691 815940 591717 816540
588183 810660 589209 811260
560823 807780 561849 808380
551247 815460 552273 816060
543267 802500 544293 803100
519327 802500 520353 803100
429039 807300 430065 807900
428583 816900 429609 817500
423111 815940 424137 816540
419007 811620 420033 812220
416955 806820 417981 807420
566751 802020 567435 802620
589095 816420 589779 817500
586359 808740 587043 809820
586245 804900 586929 805980
577695 818340 578379 819420
677673 801060 678357 802140
595365 811620 596049 812700
577467 801060 578151 802140
577125 806820 577809 807900
563445 804900 564129 805980
559341 802980 560025 804060
543267 816420 543951 817500
464835 805860 465519 806940
462099 801060 462783 802140
459135 804900 459819 805980
455715 804900 456399 805980
449217 803940 449901 805020
676647 809220 677673 809820
674139 810660 675165 811260
674139 804900 675165 805500
618051 813540 619077 814140
611895 812580 612921 813180
585675 812580 586701 813180
583167 806820 584193 807420
579291 804900 580317 805500
578379 803460 579405 804060
576099 819300 577125 819900
571311 817380 572337 817980
561735 814980 562761 815580
561735 814020 562761 814620
461187 808260 462213 808860
443403 814500 444429 815100
440439 812100 441465 812700
427671 808740 428697 809340
425163 816420 426189 817020
413307 805860 414333 806460
413307 803940 414333 804540
654303 811620 655785 812220
589779 818340 591261 818940
589779 801540 591261 802140
572907 812580 574389 813180
561051 809220 562533 809820
560367 806340 561849 806940
460503 802500 461985 803100
431775 816420 433257 817020
679383 803940 680865 805020
675279 811620 676761 812700
673683 811620 675165 812700
579291 816420 580773 817500
464151 803940 465633 805020
441579 805860 443061 806940
586587 810660 587043 811260
585903 811620 586359 812220
578607 816900 579063 817500
578493 814020 578949 814620
562875 814020 563331 814620
561849 810180 562305 810780
557061 807780 557517 808380
555807 808260 556263 808860
455031 805860 455487 806460
440439 806340 440895 806940
523659 802500 524229 803100
434055 801540 434625 802140
432573 802980 433485 803580
430749 802500 431661 803100
427785 802500 428697 803100
410913 807300 411825 807900
427899 812580 428697 813180
669807 810660 670491 811260
521835 812580 522519 813180
430179 801540 430977 802140
418323 804420 419121 805020
417411 803460 418209 804060
416499 809220 417297 809820
411939 806340 412737 806940
410115 806820 410913 807420
454005 802020 454689 802620
453207 802500 453891 803100
452523 802020 453207 802620
615999 802500 616683 803100
622725 814020 623409 814620
609729 815940 610413 816540
592173 802020 592857 802620
591831 812100 592515 812700
587043 811140 587727 811740
581799 820260 582483 820860
573705 816420 574389 817020
573705 805860 574389 806460
571425 810660 572109 811260
447051 801540 447735 802140
410229 801540 410913 802140
402591 805380 403275 805980
415587 814980 415929 815580
415587 814020 415929 814620
677331 807780 677787 808380
676191 803460 676647 804060
617709 811140 618165 811740
616797 814500 617253 815100
592971 817380 593427 817980
586359 820740 586815 821340
562077 806340 562533 806940
446367 803460 446823 804060
443061 806340 443517 806940
441123 801540 441579 802140
424821 808740 425277 809340
690327 802020 695913 802620
650199 806820 655785 807420
643929 817380 649515 817980
539847 811620 545433 812220
537225 817380 542811 817980
516477 810180 522063 810780
501087 801540 506673 802140
500745 802980 506331 803580
464379 809700 469965 810300
404529 816900 410115 817500
403617 813540 409203 814140
403617 807780 409203 808380
658293 824580 688959 825180
658293 823620 688959 824220
658293 819780 688959 820380
658293 818820 688959 819420
545433 826980 576099 827580
545433 825060 576099 825660
507813 823620 538479 824220
507813 819780 538479 820380
507813 818820 538479 819420
507813 814020 538479 814620
470193 814500 500859 815100
470193 809700 500859 810300
470193 808740 500859 809340
585789 802980 586473 803580
551589 821220 552273 821820
549993 807780 550677 808380
535971 808260 536655 808860
425619 807780 426303 808380
594111 807300 594909 807900
587955 807300 588753 807900
570627 811140 571425 811740
567207 805380 568005 805980
606423 814020 606993 814620
603915 814500 604485 815100
596619 816900 597189 817500
593427 815940 593997 816540
591147 807780 591717 808380
585903 815460 586473 816060
585219 819780 585789 820380
578607 819780 579177 820380
566979 817860 567549 818460
565383 817380 565953 817980
564699 812580 565269 813180
556491 802500 557061 803100
551247 807780 551817 808380
539619 802500 540189 803100
531183 802500 531753 803100
509295 804900 509865 805500
418779 807300 419349 807900
418323 811140 418893 811740
412167 808260 412737 808860
588639 808260 588867 808860
562761 817380 562989 817980
560253 804420 560481 805020
610983 802980 611781 804060
610527 809700 611325 810780
610071 804900 610869 805980
609615 802980 610413 804060
609159 808740 609957 809820
589551 813060 590007 813660
555237 807300 555693 807900
615315 804420 616113 805020
614859 805860 615657 806460
614631 802980 615429 803580
614175 809220 614973 809820
613491 803460 614289 804060
592857 805860 594225 806940
588069 818340 589437 819420
584421 808740 585789 809820
565269 802020 566637 803100
445227 801060 446595 802140
437703 801060 439071 802140
434853 802020 436221 803100
428013 805860 429381 806940
426417 802020 427785 803100
421287 808740 422655 809820
418209 801060 419577 802140
416385 801060 417753 802140
584763 816420 584991 817020
577353 811140 577581 811740
411939 804900 412167 805500
612579 811140 613149 811740
595935 805380 596505 805980
595479 810660 596049 811260
591147 821220 591717 821820
587499 805380 588069 805980
581571 802980 582141 803580
576327 801540 576897 802140
570399 801540 570969 802140
562875 808260 563445 808860
560139 808260 560709 808860
551247 813060 551817 813660
546231 808260 546801 808860
522519 802500 523089 803100
456627 809700 457197 810300
447051 809220 447621 809820
445227 810660 445797 811260
431091 810180 431661 810780
430179 802980 430749 803580
427899 801540 428469 802140
422199 811620 422769 812220
417639 812580 418209 813180
417183 805380 417753 805980
403275 805380 403845 805980
662511 801540 664677 802140
626487 811140 628653 811740
557175 821220 559341 821820
540531 802500 542697 803100
425619 817380 427785 817980
675849 807300 676761 807900
669921 806820 670833 807420
620217 814020 621129 814620
597645 815940 598557 816540
591945 807300 592857 807900
584421 814980 585333 815580
584421 807780 585333 808380
581685 824580 582597 825180
565725 815940 566637 816540
562305 807300 563217 807900
551361 802980 552273 803580
464721 802020 465633 802620
460389 806340 461301 806940
445569 817380 446481 817980
431661 806340 432573 806940
427785 811620 428697 812220
423909 802980 424821 803580
423681 801540 424593 802140
419577 803460 420489 804060
672315 803460 673569 804060
595935 815940 597189 816540
536199 802500 537453 803100
443175 805380 444429 805980
431091 811140 432345 811740
618279 811140 619533 811740
613491 813060 614745 813660
596619 807300 597873 807900
594339 805380 595593 805980
589551 821220 590805 821820
584535 801540 585789 802140
582483 812580 583737 813180
575187 815940 576441 816540
570399 806820 571653 807420
553755 804900 555009 805500
462555 805860 463809 806460
669807 808740 671289 809340
629223 811140 630705 811740
593427 809220 594909 809820
586587 818820 588069 819420
583851 803940 585333 804540
581571 823620 583053 824220
579063 813060 580545 813660
579063 806820 580545 807420
571995 822660 573477 823260
567435 821700 568917 822300
559911 817380 561393 817980
557859 807300 559341 807900
548283 808260 549765 808860
541215 808260 542697 808860
533919 802500 535401 803100
522063 810660 523545 811260
521379 811620 522861 812220
454575 809700 456057 810300
557289 803460 557517 804060
552729 808260 552957 808860
542697 807780 542925 808380
537339 813060 537567 813660
528789 802500 529017 803100
449103 807300 449331 807900
437247 816900 437475 817500
433713 802020 433941 802620
416613 802980 416841 803580
618279 801540 629337 802140
598557 807300 609615 807900
598557 802980 609615 803580
567549 823620 578607 824220
531183 816420 542241 817020
493449 812580 504507 813180
679383 809700 679725 810300
607107 814500 607449 815100
587955 803940 588297 804540
568803 802980 569145 803580
555807 806820 556149 807420
473955 803940 474297 804540
421287 816420 421629 817020
416271 802500 416613 803100
429837 815460 430293 816060
425049 814500 425505 815100
621471 814020 621813 814620
614403 811140 614745 811740
559227 810660 559569 811260
674595 801060 675963 802140
672543 801060 673911 802140
670035 802020 671403 803100
667755 802020 669123 803100
660459 802020 661827 803100
656241 805860 657609 806940
646665 806820 648033 807900
643245 806820 644613 807900
588981 806820 590349 807900
588639 803940 590007 805020
572337 805860 573705 806940
571653 801060 573021 802140
564813 810660 566181 811740
459477 808740 460845 809820
457197 808740 458565 809820
445569 812580 446937 813660
445569 808740 446937 809820
670719 805860 671289 806460
653619 811140 654189 811740
634239 811140 634809 811740
608475 814020 609045 814620
599583 814500 600153 815100
599583 812100 600153 812700
580431 821700 581001 822300
575643 821220 576213 821820
569487 803460 570057 804060
564243 804900 564813 805500
563559 803940 564129 804540
560367 805380 560937 805980
560367 803460 560937 804060
560139 802500 560709 803100
557859 815940 558429 816540
557175 802500 557745 803100
549195 802500 549765 803100
459135 806820 459705 807420
453435 804420 454005 805020
448191 810660 448761 811260
428583 804900 429153 805500
420831 814980 421401 815580
420603 811620 421173 812220
412167 813540 412737 814140
587727 808260 588069 808860
583167 814500 583509 815100
441123 813540 441465 814140
679611 801540 680409 802140
664791 802020 665589 802620
637659 811620 638457 812220
621471 812100 622269 812700
615087 812100 615885 812700
598899 815940 599697 816540
596391 811620 597189 812220
588867 814980 589665 815580
587271 810180 588069 810780
586815 803460 587613 804060
585903 822660 586701 823260
585675 813540 586473 814140
585675 806820 586473 807420
582027 821700 582825 822300
579063 812100 579861 812700
571767 819780 572565 820380
559455 807300 560253 807900
544863 814980 545661 815580
536655 808260 537453 808860
510663 802500 511461 803100
507471 803940 508269 804540
465975 803460 466773 804060
453891 808260 454689 808860
449559 809700 450357 810300
444771 805380 445569 805980
436563 806340 437361 806940
426987 806340 427785 806940
408975 804900 409773 805500
406695 804900 407493 805500
404187 805380 404985 805980
636747 808740 641877 809820
636747 806820 641877 807900
636747 803940 641877 805020
634695 802020 639825 803100
617481 810180 618393 810780
617481 808260 618393 808860
617481 807300 618393 807900
617481 806340 618393 806940
617481 805380 618393 805980
617481 804420 618393 805020
617481 802980 618393 803580
597759 808740 598671 809340
658293 807300 667071 807900
658293 805380 667071 805980
658293 804420 667071 805020
545433 822180 554211 822780
545433 820260 554211 820860
545433 817380 554211 817980
545433 810660 554211 811260
545433 809700 554211 810300
545433 805860 554211 806460
507813 827460 516591 828060
507813 813060 516591 813660
394953 815460 403731 816060
394953 809700 403731 810300
394953 808740 403731 809340
394953 803940 403731 804540
553527 814500 554325 815100
674253 813060 688959 813660
650085 817380 664791 817980
637659 805380 652365 805980
622041 808740 636747 809340
531069 803460 545775 804060
500745 807780 515451 808380
492537 827460 507243 828060
492537 822660 507243 823260
476691 816900 491397 817500
471561 802980 486267 803580
395181 802500 409887 803100
658179 815940 659775 816540
620559 815460 622155 816060
507699 816900 509295 817500
507699 815940 509295 816540
470079 811620 471675 812220
470079 803940 471675 804540
432459 810180 434055 810780
693519 809220 696369 809820
692607 812580 695457 813180
692607 805860 695457 806460
666957 809220 669807 809820
657495 808740 660345 809340
654759 814020 657609 814620
654759 810180 657609 810780
605853 806340 608703 806940
605853 804900 608703 805500
588753 822180 591603 822780
560253 818820 563103 819420
557745 820260 560595 820860
546801 815460 549651 816060
466887 810660 469737 811260
433941 816900 436791 817500
406125 814980 408975 815580
406125 809220 408975 809820
396321 816420 399171 817020
657723 813060 659775 813660
620103 809700 622155 810300
620103 806820 622155 807420
620103 805860 622155 806460
620103 803940 622155 804540
507243 814980 509295 815580
507243 809220 509295 809820
695115 807780 696027 808380
695115 806820 696027 807420
668781 810180 669693 810780
619875 817380 620787 817980
619875 816420 620787 817020
568575 819780 569487 820380
544635 802020 545547 802620
523089 812100 524001 812700
469395 816420 470307 817020
431775 813060 432687 813660
419691 807300 420603 807900
403389 816900 404301 817500
500745 825060 544635 825660
659661 826500 696255 827100
659661 825540 696255 826140
659661 821700 696255 822300
659661 820740 696255 821340
500745 826020 544635 826620
500745 821220 544635 821820
500745 806820 544635 807420
459819 816420 460389 817020
434055 815940 434625 816540
434055 810660 434625 811260
415815 816900 416385 817500
412851 816900 413421 817500
409659 807780 410229 808380
408975 814980 409545 815580
410115 816900 410685 817500
409887 814980 410457 815580
407835 803940 408405 804540
581115 811140 582141 811740
577467 817380 578493 817980
569031 808740 570057 809340
567435 814980 568461 815580
549879 812580 550905 813180
457767 806340 458793 806940
616911 805860 617481 806460
616911 802980 617481 803580
605967 815940 606537 816540
597759 813060 598329 813660
596619 810660 597189 811260
589551 811140 590121 811740
582711 802020 583281 802620
565155 813540 565725 814140
557859 804900 558429 805500
455487 803940 456057 804540
452523 809220 453093 809820
449331 808260 449901 808860
439755 806820 440325 807420
436107 803460 436677 804060
421971 802500 422541 803100
419463 804900 420033 805500
414219 807780 414789 808380
435195 803940 435765 804540
434055 802980 434625 803580
431775 802020 432345 802620
425391 810180 425961 810780
424707 813060 425277 813660
424707 811140 425277 811740
422199 810180 422769 810780
421971 806820 422541 807420
420603 809700 421173 810300
418323 810180 418893 810780
418323 809220 418893 809820
415815 803460 416385 804060
409431 805860 410001 806460
557403 806340 558201 806940
657609 827460 658407 828060
657609 826500 658407 827100
657609 825540 658407 826140
657609 822660 658407 823260
657609 821700 658407 822300
657609 820740 658407 821340
630591 814020 631389 814620
614403 804900 615201 805500
613491 805380 614289 805980
580659 822660 581457 823260
437019 815460 437817 816060
429723 806340 430521 806940
649743 811620 651339 812220
547485 801540 549081 802140
526281 813060 527877 813660
468711 817380 470307 817980
468711 813540 470307 814140
695457 804900 696027 805500
678927 808740 679497 809340
676419 808260 676989 808860
641307 812580 641877 813180
611667 811140 612237 811740
608931 805860 609501 806460
580545 824100 581115 824700
580545 809220 581115 809820
575757 811140 576327 811740
568803 812100 569373 812700
567207 818820 567777 819420
559227 808260 559797 808860
533007 802500 533577 803100
454689 802500 455259 803100
439527 814020 440097 814620
418551 808260 419121 808860
417867 807780 418437 808380
413535 808260 414105 808860
413193 809220 413763 809820
411939 803940 412509 804540
409887 804420 410457 805020
602775 805860 604485 806460
602319 802020 604029 802620
599811 810180 601521 810780
599583 808260 601293 808860
598671 805380 600381 805980
660687 808740 661143 809340
590577 806340 591033 806940
581001 816900 581457 817500
578493 806340 578949 806940
573705 822660 574161 823260
566637 806820 567093 807420
563559 818820 564015 819420
556605 821220 557061 821820
556491 813060 556947 813660
556491 808260 556947 808860
552729 815460 553185 816060
516249 816420 516705 817020
468483 804420 468939 805020
460731 803460 461187 804060
460047 803940 460503 804540
434283 804900 434739 805500
420717 802980 421173 803580
419463 809220 419919 809820
399399 816420 399855 817020
533463 827460 534033 828060
509523 802020 510093 802620
504507 812580 505077 813180
503823 805380 504393 805980
693861 817380 695799 817980
656355 804420 658293 805020
656355 803460 658293 804060
655785 824580 657723 825180
655785 823620 657723 824220
617139 817380 619077 817980
579633 825060 581571 825660
555351 814020 557289 814620
542583 804900 544521 805500
505191 814020 507129 814620
437589 810180 439527 810780
695571 814500 696027 815100
662625 802500 663081 803100
655899 804900 656355 805500
632073 807780 632529 808380
609501 804420 609957 805020
602205 811140 602661 811740
591603 822660 592059 823260
582711 822660 583167 823260
571311 804420 571767 805020
566523 812100 566979 812700
561735 815940 562191 816540
557745 811620 558201 812220
507471 801540 507927 802140
469851 805860 470307 806460
469851 804900 470307 805500
469851 802980 470307 803580
466317 806340 466773 806940
445227 807300 445683 807900
444885 815940 445341 816540
441921 810660 442377 811260
439413 811620 439869 812220
437133 813540 437589 814140
437133 805380 437589 805980
430635 815460 431091 816060
430635 808260 431091 808860
420261 814500 420717 815100
413307 806820 413763 807420
407037 803460 407493 804060
592287 808260 593085 808860
571083 816420 571881 817020
557859 814500 558657 815100
554325 821220 555123 821820
507129 817860 507927 818460
441579 814980 442377 815580
695799 811620 696027 812220
695799 802980 696027 803580
675621 802500 675849 803100
674937 807780 675165 808380
672201 802500 672429 803100
648831 807300 649059 807900
600039 813540 600267 814140
595251 807300 595479 807900
593085 803940 593313 804540
591831 824100 592059 824700
591831 820260 592059 820860
591831 818820 592059 819420
589437 805380 589665 805980
586587 803940 586815 804540
586359 801540 586587 802140
584421 816900 584649 817500
574389 808740 574617 809340
572223 802500 572451 803100
571425 822180 571653 822780
569829 812100 570057 812700
568119 812100 568347 812700
567207 806340 567435 806940
557745 810660 557973 811260
545319 813540 545547 814140
542925 814020 543153 814620
447735 806820 447963 807420
442833 811140 443061 811740
438273 804900 438501 805500
423795 806340 424023 806940
421401 805380 421629 805980
416727 806340 416955 806940
415587 813060 415815 813660
414789 805380 415017 805980
414219 811140 414447 811740
414219 802980 414447 803580
695343 803940 696027 804540
632073 804900 632757 805500
620103 804900 620787 805500
600381 809220 601065 809820
580545 810180 581229 810780
578265 820740 578949 821340
573477 808260 574161 808860
562077 817860 562761 818460
561507 801540 562191 802140
518643 802500 519327 803100
437589 811140 438273 811740
429837 804420 430521 805020
422883 809700 423567 810300
417753 813540 418437 814140
695001 815460 696027 816060
695001 813540 696027 814140
657267 811140 658293 811740
615543 801540 616569 802140
608703 810180 609729 810780
598557 810180 599583 810780
550449 821220 551475 821820
544521 824100 545547 824700
544521 823140 545547 823740
534717 808260 535743 808860
520125 811140 521151 811740
506559 811140 507585 811740
458451 816420 459477 817020
431661 809220 432687 809820
419919 808740 420945 809340
408633 812580 409659 813180
668439 804900 670377 805500
655785 819780 657723 820380
655785 818820 657723 819420
654303 805860 656241 806460
636975 813060 638913 813660
635607 812100 637545 812700
531069 827460 533007 828060
519327 812580 521265 813180
505191 813060 507129 813660
504507 809220 506445 809820
468027 814500 469965 815100
468027 808740 469965 809340
412851 813060 414789 813660
409773 811140 411711 811740
659661 814980 688959 815580
507471 805860 536769 806460
659661 827460 674367 828060
659661 822660 674367 823260
509181 822660 523887 823260
486153 818340 500859 818940
471561 813540 493563 814140
622041 816420 651339 817020
471561 802020 500859 802620
677217 806340 691923 806940
636633 826980 651339 827580
636633 823140 651339 823740
636633 822180 651339 822780
622041 817380 636747 817980
481935 803940 496641 804540
471561 807780 486267 808380
395181 801540 409887 802140
677445 810660 692151 811260
659661 814020 674367 814620
546801 824100 561507 824700
446139 814500 460845 815100
658521 809700 662283 810300
632871 804420 636633 805020
463353 825060 467115 825660
463353 824100 467115 824700
463353 823140 467115 823740
418209 817380 421971 817980
410913 814500 414675 815100
695001 824100 696027 824700
695001 823140 696027 823740
695001 819300 696027 819900
695001 818340 696027 818940
695001 816420 696027 817020
670605 803460 671631 804060
577695 811620 578721 812220
544521 819300 545547 819900
544521 818340 545547 818940
544521 808740 545547 809340
543951 805860 544977 806460
508041 802020 509067 802620
431661 814020 432687 814620
424593 807300 425619 807900
415245 801540 416271 802140
695685 810660 696027 811260
618051 809220 618393 809820
598443 811140 598785 811740
591717 827460 592059 828060
584763 813060 585105 813660
575187 820740 575529 821340
574731 805380 575073 805980
568803 804420 569145 805020
566979 819780 567321 820380
564699 816900 565041 817500
564699 807300 565041 807900
446823 811620 447165 812220
432345 801540 432687 802140
415587 811140 415929 811740
691239 811620 695001 812220
632871 807300 636633 807900
630363 802500 634125 803100
615999 815460 619761 816060
598557 802020 602319 802620
567549 822660 571311 823260
434055 812580 437817 813180
583053 815940 584535 816540
545433 826020 546915 826620
545433 821220 546915 821820
432573 811140 434055 811740
394953 817380 396435 817980
394953 814500 396435 815100
394953 812580 396435 813180
394953 811620 396435 812220
394953 810660 396435 811260
649515 801540 656925 802140
636633 818340 644043 818940
624663 812100 632073 812700
610755 816420 618165 817020
515337 817380 522747 817980
598557 803940 605967 804540
529929 815460 537339 816060
498009 804420 505419 805020
485241 826500 492651 827100
395181 805380 402591 805980
