615999 804420 616797 805020
604143 813060 606765 813660
556263 805380 558885 805980
594111 812580 594909 813180
674595 803940 676077 805020
672315 805860 673797 806940
605055 811620 606537 812700
595935 812580 597417 813660
576327 807780 577809 808860
557175 812580 558657 813660
456627 802020 458109 803100
454347 804900 455829 805980
451839 804900 453321 805980
437475 814500 438957 815580
412737 802020 413421 802620
580887 805860 581571 806460
580659 802980 581685 803580
566295 816420 567321 817020
442035 808740 443061 809340
677331 808260 678585 808860
670719 806820 671973 807420
622839 811620 624093 812220
616911 813540 618165 814140
567663 813060 568917 813660
562875 817380 564129 817980
565839 817380 567549 817980
429267 807780 430977 808380
615999 812580 617253 813180
426189 803940 427101 804540
596847 809220 597873 809820
596847 808260 597873 808860
592059 814020 593085 814620
592059 805380 593085 805980
580203 818340 581229 818940
467571 804420 468597 805020
448419 807780 449445 808380
443631 813060 444657 813660
608247 813540 609729 814140
576099 817380 577581 817980
420375 801540 421857 802140
590463 810660 592173 811260
584079 817380 585789 817980
451611 808740 453321 809340
437247 809220 438957 809820
571311 809700 572109 810780
567891 809700 568689 810780
565839 811620 566637 812700
671175 810180 673569 810780
668667 807780 671061 808380
654303 812100 656697 812700
594567 805860 596961 806460
592059 815460 594453 816060
592059 808740 594453 809340
587271 814500 589665 815100
561051 802020 563445 802620
556263 814980 558657 815580
441351 809700 443745 810300
585675 821700 587385 822300
580887 812580 582597 813180
442035 807780 443745 808380
427671 803460 429381 804060
439527 811140 441465 811740
420375 804900 422313 805500
417867 806820 419805 807420
396321 812580 402819 813180
542811 807780 543381 808380
584991 809700 585789 810300
596619 804900 597645 805500
596163 803940 597189 804540
595479 802980 596505 803580
595479 801540 596391 802140
594567 806820 595479 807420
591147 819300 592059 819900
591147 818340 592059 818940
571539 806340 572451 806940
457995 808260 458907 808860
426873 815940 427785 816540
412053 804900 412737 805500
569829 804900 571425 805980
430635 811620 432231 812700
413421 802020 415017 803100
616683 811620 617709 812220
589551 803460 590577 804060
571311 802500 572337 803100
568803 817860 569829 818460
566523 814500 567549 815100
446823 806820 447849 807420
441123 803460 442149 804060
432459 815460 433485 816060
427671 814020 428697 814620
570399 808260 571425 808860
569031 807300 570057 807900
562419 812580 563445 813180
557631 802020 558657 802620
555579 804420 556605 805020
553527 802020 554553 802620
612123 814500 612693 815100
458907 807780 459477 808380
422427 804420 422997 805020
416955 803940 417525 804540
416271 804900 416841 805500
415815 803940 416385 804540
409659 809220 410229 809820
566523 802980 567321 803580
559227 813060 560025 813660
453891 809700 454689 810300
432459 806820 433257 807420
427671 810660 428469 811260
422883 816420 423681 817020
420375 810660 421173 811260
403731 812580 404529 813180
673569 808740 674481 809340
544635 816420 545547 817020
422313 815460 423225 816060
415245 815460 416157 816060
675735 802500 676761 803100
613491 813540 614517 814140
591831 811620 592857 812220
587043 808740 588069 809340
582255 824100 583281 824700
579291 802500 580317 803100
577467 810660 578493 811260
575187 820260 576213 820860
572907 804420 573933 805020
565611 813540 566637 814140
565611 805380 566637 805980
563103 803460 564129 804060
465291 804900 466317 805500
465063 803460 466089 804060
446139 808260 447165 808860
441351 804900 442377 805500
417411 815940 418437 816540
409887 813540 410913 814140
555693 815940 556377 816540
552501 815940 553185 816540
550905 802020 551589 802620
427101 807300 427785 807900
669351 806340 670605 806940
602091 811620 603345 812220
595023 816420 596277 817020
593655 803460 594909 804060
587955 817380 589209 817980
578151 808740 579405 809340
574959 814500 576213 815100
573363 810180 574617 810780
568803 815460 570057 816060
568575 816420 569829 817020
559227 816900 560481 817500
559227 812100 560481 812700
559227 803940 560481 804540
506559 805380 507813 805980
454575 802020 455829 802620
444315 809220 445569 809820
444087 807300 445341 807900
415587 806340 416841 806940
412167 809700 413421 810300
410799 809220 412053 809820
403731 811620 404985 812220
614631 813060 615657 813660
614631 811140 615657 811740
610527 814020 611553 814620
608703 812580 609729 813180
597759 814500 598785 815100
597759 811620 598785 812220
564243 808260 565269 808860
560823 804900 561849 805500
552843 808260 553869 808860
458907 804420 459933 805020
429039 813060 430065 813660
413991 808260 415017 808860
589893 812580 590577 813660
580317 813540 581001 814620
572451 819300 573135 820380
570171 820260 570855 821340
677103 803940 677787 805020
675279 806820 675963 807900
581913 816420 582597 817500
578493 803940 579177 805020
576213 810660 576897 811740
574959 804900 575643 805980
572679 817380 573363 818460
569259 811620 569943 812700
564129 809700 564813 810780
563217 813540 563901 814620
560823 816420 561507 817500
558315 808740 558999 809820
558315 802980 558999 804060
464151 802020 464835 803100
457311 803940 457995 805020
449217 805860 449901 806940
446139 803940 446823 805020
443517 805860 444201 806940
442605 813540 443289 814620
442605 811620 443289 812700
438957 813540 439641 814620
678015 803460 679041 804060
676647 805380 677673 805980
675735 809220 676761 809820
652707 811140 653733 811740
602319 813540 603345 814140
600039 815460 601065 816060
575187 803940 576213 804540
568803 820260 569829 820860
568803 804900 569829 805500
564015 806820 565041 807420
561735 814500 562761 815100
561735 813540 562761 814140
561735 810660 562761 811260
560823 815460 561849 816060
559227 809700 560253 810300
559227 802500 560253 803100
556947 806820 557973 807420
556947 803940 557973 804540
456399 807300 457425 807900
444315 810180 445341 810780
427671 816900 428697 817500
427671 809220 428697 809820
427671 804900 428697 805500
421971 813540 422997 814140
418095 802500 419121 803100
415587 809220 416613 809820
413307 810660 414333 811260
413307 804420 414333 805020
611211 811620 612693 812220
592059 809700 593541 810300
587271 809700 588753 810300
580203 820740 581685 821340
580203 817380 581685 817980
577695 815460 579177 816060
577695 813060 579177 813660
577695 812100 579177 812700
572907 813060 574389 813660
569943 819300 571425 819900
568119 803460 569601 804060
548967 802020 550449 802620
544179 808260 545661 808860
453207 807780 454689 808380
448419 808740 449901 809340
448419 802020 449901 802620
419691 812100 421173 812700
677331 806820 678813 807900
677103 809700 678585 810780
672315 811620 673797 812700
639027 812580 640509 813660
591147 812580 592629 813660
588867 819300 590349 820380
586359 811620 587841 812700
586131 819300 587613 820380
585219 803940 586701 805020
581343 819300 582825 820380
579063 819300 580545 820380
576783 805860 578265 806940
576783 802020 578265 803100
576327 803940 577809 805020
574275 816420 575757 817500
574047 807780 575529 808860
572223 808740 573705 809820
571767 815460 573249 816540
566751 807780 568233 808860
461643 802980 463125 804060
459363 802980 460845 804060
449787 803940 451269 805020
447507 803940 448989 805020
442491 802020 443973 803100
440211 814500 441693 815580
440211 812580 441693 813660
543381 813060 543837 813660
566637 803940 567549 804540
432573 803940 433485 804540
430065 803460 430977 804060
421971 811140 422883 811740
418209 811620 419121 812220
415701 811620 416613 812220
670035 810180 670719 810780
577695 820740 578379 821340
553185 815460 553869 816060
433143 805860 433941 806460
426531 814020 427329 814620
423567 810660 424365 811260
423567 804420 424365 805020
419463 810180 420261 810780
418323 810660 419121 811260
417183 810660 417981 811260
417183 807780 417981 808380
451839 802020 452523 802620
411369 804420 412053 805020
555351 805380 555921 805980
441123 802020 441693 802620
429267 812100 429837 812700
426531 810180 427101 810780
415815 802500 416385 803100
559341 804900 560025 805500
595479 814500 596163 815100
585789 815940 586473 816540
585789 808740 586473 809340
571425 818340 572109 818940
462897 801540 463581 802140
453207 802980 453891 803580
410799 812100 411027 812700
680295 801540 680751 802140
675507 811140 675963 811740
619875 814020 620331 814620
617595 814500 618051 815100
614631 814500 615087 815100
582597 805380 583053 805980
578835 821220 579291 821820
578493 818340 578949 818940
578493 814500 578949 815100
577239 822180 577695 822780
563559 807780 564015 808380
562419 804900 562875 805500
424137 816900 424593 817500
631047 811620 636633 812220
573135 823140 578721 823740
537225 807780 542811 808380
515337 811620 520923 812220
620673 810660 651339 811260
588753 808260 589437 808860
573021 820740 573705 821340
564927 814500 565611 815100
411825 805860 412509 806460
581799 810660 582597 811260
416727 802980 417525 803580
607791 814500 608361 815100
602547 814980 603117 815580
599355 814020 599925 814620
594795 817380 595365 817980
594795 804900 595365 805500
582483 817860 583053 818460
578607 816420 579177 817020
572451 821220 573021 821820
570855 817860 571425 818460
566067 815460 566637 816060
564699 813540 565269 814140
465519 802500 466089 803100
447735 810660 448305 811260
441579 811620 442149 812220
426531 802980 427101 803580
411711 807780 412281 808380
561621 817380 562077 817980
440781 806340 441237 806940
676647 810180 676875 810780
598329 813540 598557 814140
590463 802020 590691 802620
557745 802980 557973 803580
426189 807780 426417 808380
609843 803940 610641 805020
609615 807780 610413 808860
609387 805860 610185 806940
580887 814980 581343 815580
560025 806340 560481 806940
506559 804420 507015 805020
614859 801540 615657 802140
614175 807780 614973 808380
600153 812580 601521 813660
592857 802020 594225 803100
590919 802020 592287 803100
584421 813540 585789 814620
584421 811620 585789 812700
584421 806820 585789 807900
567321 805860 568689 806940
562533 808740 563901 809820
437931 802020 439299 803100
435651 806820 437019 807900
430863 804900 432231 805980
426303 801060 427671 802140
425847 812580 427215 813660
423339 812580 424707 813660
423225 808740 424593 809820
421629 805860 422997 806940
421059 802980 422427 804060
418209 812580 419577 813660
414333 810660 415701 811740
413649 806820 415017 807900
589209 810180 589437 810780
572109 821700 572337 822300
570171 813060 570399 813660
567321 804900 567549 805500
548853 812580 549081 813180
521949 810660 522177 811260
425049 803460 425277 804060
674823 805860 675393 806460
672315 808260 672885 808860
625119 814020 625689 814620
615087 814500 615657 815100
603687 814020 604257 814620
594339 813540 594909 814140
584763 819780 585333 820380
581571 821700 582141 822300
577239 818820 577809 819420
574959 802980 575529 803580
574275 801540 574845 802140
573819 821220 574389 821820
570855 815940 571425 816540
563559 802500 564129 803100
559683 808260 560253 808860
554895 808260 555465 808860
466203 805860 466773 806460
447507 809220 448077 809820
436791 802500 437361 803100
425847 805380 426417 805980
425391 814980 425961 815580
421971 816420 422541 817020
419007 804420 419577 805020
414447 809700 415017 810300
412395 811140 412965 811740
408063 805380 408633 805980
407379 804900 407949 805500
609843 812580 612009 813180
595479 811140 597645 811740
590691 817380 592857 817980
463695 807300 465861 807900
459135 801540 461301 802140
449331 802980 451497 803580
427899 814980 430065 815580
423111 802020 425277 802620
675849 801540 676761 802140
638913 811620 639825 812220
619761 811140 620673 811740
593313 817380 594225 817980
591945 806820 592857 807420
586701 820740 587613 821340
584421 820740 585333 821340
584421 818820 585333 819420
584421 802500 585333 803100
582369 823140 583281 823740
579177 823140 580089 823740
575301 822180 576213 822780
573705 819780 574617 820380
570513 803940 571425 804540
564585 817380 565497 817980
560937 812100 561849 812700
555009 813060 555921 813660
550449 813060 551361 813660
521949 812100 522861 812700
461301 807780 462213 808380
452637 806340 453549 806940
433941 807300 434853 807900
420489 806340 421401 806940
419577 803940 420489 804540
410001 804900 410913 805500
605511 814500 606765 815100
596391 814020 597645 814620
590691 820260 591945 820860
589095 815940 590349 816540
581799 814980 583053 815580
562875 815460 564129 816060
559455 811140 560709 811740
558087 807780 559341 808380
550107 815460 551361 816060
545547 813060 546801 813660
543723 814980 544977 815580
455031 803460 456285 804060
442719 815460 443973 816060
436107 801540 437361 802140
418779 815940 420033 816540
416955 813060 418209 813660
414447 804900 415701 805500
618279 812100 619533 812700
608703 811620 609957 812220
596619 806820 597873 807420
575187 813540 576441 814140
571539 805380 572793 805980
568119 821220 569373 821820
563331 811620 564585 812220
558543 814020 559797 814620
544179 802500 545433 803100
424479 807780 425733 808380
677331 802500 678813 803100
675051 808260 676533 808860
672771 807300 674253 807900
672087 804900 673569 805500
672087 803940 673569 804540
669807 809220 671289 809820
613035 811620 614517 812220
589095 809220 590577 809820
588411 812100 589893 812700
588411 801540 589893 802140
588183 813060 589665 813660
586587 818340 588069 818940
581571 804420 583053 805020
579519 811620 581001 812220
578835 805380 580317 805980
574047 815460 575529 816060
573819 817860 575301 818460
569943 814020 571425 814620
564699 802980 566181 803580
557859 810660 559341 811260
555123 802500 556605 803100
553071 813060 554553 813660
550791 808260 552273 808860
466203 802980 467685 803580
461871 805380 463353 805980
461415 802020 462897 802620
459591 806820 461073 807420
457311 805860 458793 806460
455031 806340 456513 806940
452523 801540 454005 802140
445227 815940 446709 816540
444999 802980 446481 803580
438159 812100 439641 812700
437475 805380 438957 805980
430635 810660 432117 811260
427899 806820 429381 807420
423795 805380 425277 805980
423111 803460 424593 804060
418779 814020 420261 814620
680409 804900 680637 805500
678927 804420 679155 805020
676533 803460 676761 804060
675621 805860 675849 806460
675165 809700 675393 810300
675051 810660 675279 811260
586245 820740 586473 821340
584991 821700 585219 822300
580887 821700 581115 822300
570057 817860 570285 818460
565041 819300 565269 819900
442947 806340 443175 806940
436449 808740 436677 809340
433941 801540 434169 802140
426189 815460 426417 816060
416613 811140 416841 811740
659547 803940 670605 804540
657039 811620 668097 812220
642105 812580 653163 813180
552957 820740 564015 821340
545547 816900 556605 817500
395181 806340 406239 806940
595251 813540 595593 814140
578379 819780 578721 820380
571311 814980 571653 815580
566523 802020 566865 802620
564015 804900 564357 805500
556947 802020 557289 802620
548283 812580 548625 813180
545547 815940 545889 816540
513855 802500 514197 803100
427671 812580 428013 813180
418095 803460 418437 804060
409431 813060 409773 813660
618393 814020 618849 814620
616455 814500 616911 815100
587613 807300 588069 807900
563901 819780 564357 820380
561735 806340 562191 806940
521037 811140 521493 811740
429837 808740 430293 809340
429837 802500 430293 803100
411825 802980 412281 803580
411597 810180 412053 810780
674139 811140 674481 811740
571311 821700 571653 822300
554439 804420 554781 805020
446823 811140 447165 811740
444315 814500 444657 815100
442035 815940 442377 816540
674367 802020 675735 803100
662967 802020 664335 803100
656241 807780 657609 808860
648945 805860 650313 806940
592857 806820 594225 807900
588981 805860 590349 806940
586473 801060 587841 802140
586359 805860 587727 806940
581001 808740 582369 809820
579633 807780 581001 808860
579633 803940 581001 805020
579291 809700 580659 810780
573933 811620 575301 812700
572337 802020 573705 803100
572223 811620 573591 812700
569943 811620 571311 812700
569145 809700 570513 810780
567321 802020 568689 803100
564813 803940 566181 805020
450357 806820 451725 807900
445569 809700 446937 810780
445341 805860 446709 806940
430863 814500 432231 815580
664791 810660 665361 811260
604371 814500 604941 815100
601179 814020 601749 814620
599583 812580 600153 813180
598443 812580 599013 813180
594795 807780 595365 808380
588183 815940 588753 816540
588183 803940 588753 804540
587043 823140 587613 823740
586359 810180 586929 810780
584079 809700 584649 810300
582711 821220 583281 821820
581799 811620 582369 812220
575643 819300 576213 819900
567435 815940 568005 816540
566067 808260 566637 808860
564471 816420 565041 817020
562647 807780 563217 808380
562419 811620 562989 812220
558771 806820 559341 807420
557403 808260 557973 808860
551703 813060 552273 813660
547827 808260 548397 808860
522975 802500 523545 803100
443631 810660 444201 811260
439983 806340 440553 806940
434967 806340 435537 806940
430179 815460 430749 816060
429495 804900 430065 805500
428583 802500 429153 803100
427899 802020 428469 802620
425847 802500 426417 803100
424707 809220 425277 809820
423339 806340 423909 806940
422427 812100 422997 812700
422427 802500 422997 803100
419919 802980 420489 803580
417639 812100 418209 812700
416499 807300 417069 807900
416271 808260 416841 808860
415131 812100 415701 812700
412851 806820 413421 807420
412851 805860 413421 806460
600039 814500 600381 815100
573363 814500 573705 815100
561507 808740 561849 809340
561507 802980 561849 803580
456399 809700 456741 810300
633555 814020 634353 814620
627855 814020 628653 814620
612807 812580 613605 813180
602319 812580 603117 813180
601635 814980 602433 815580
595935 815460 596733 816060
595935 807780 596733 808380
591603 807780 592401 808380
590463 807780 591261 808380
589779 804900 590577 805500
588867 821220 589665 821820
586359 802980 587157 803580
585675 801540 586473 802140
584991 815460 585789 816060
583167 825060 583965 825660
582483 806820 583281 807420
581571 813540 582369 814140
577695 814020 578493 814620
573591 806340 574389 806940
572451 806820 573249 807420
571311 811140 572109 811740
569487 808260 570285 808860
567663 818820 568461 819420
566523 806340 567321 806940
560595 808260 561393 808860
559683 815460 560481 816060
553299 807300 554097 807900
544179 813060 544977 813660
524115 811140 524913 811740
506787 803460 507585 804060
464151 806340 464949 806940
462555 807780 463353 808380
462555 806820 463353 807420
455715 808740 456513 809340
446823 815940 447621 816540
444315 811140 445113 811740
431319 802980 432117 803580
426987 805860 427785 806460
421515 807300 422313 807900
420603 814500 421401 815100
420603 807780 421401 808380
418323 814980 419121 815580
412623 803460 413421 804060
625347 802020 630477 803100
617481 808740 618393 809340
617481 807780 618393 808380
617481 802500 618393 803100
597759 805380 598671 805980
597759 804420 598671 805020
597759 803460 598671 804060
597759 802020 598671 802620
545433 803940 554211 804540
507813 810180 516591 810780
434169 817380 442947 817980
394953 813540 403731 814140
679953 803460 694659 804060
619305 827460 634011 828060
619305 822660 634011 823260
575985 826980 590691 827580
538365 817860 553071 818460
516477 803460 531183 804060
486153 807780 500859 808380
470649 817860 485355 818460
468027 803460 482733 804060
620559 812580 622155 813180
582939 801540 584535 802140
432459 808260 434055 808860
432459 802500 434055 803100
655443 816900 658293 817500
654987 813060 657837 813660
652707 808740 655557 809340
629337 804900 632187 805500
629223 808260 632073 808860
622041 802020 624891 802620
614631 806820 617481 807420
613491 808740 616341 809340
611667 802980 614517 803580
546801 802980 549651 803580
540303 813540 543153 814140
467343 811620 470193 812220
620103 808740 622155 809340
666957 802500 667869 803100
661713 801540 662625 802140
659661 802500 660573 803100
659661 801540 660573 802140
657495 809220 658407 809820
657495 805380 658407 805980
616911 803940 617823 804540
616683 805380 617595 805980
608589 804900 609501 805500
568575 819300 569487 819900
566523 821220 567435 821820
557745 816420 558657 817020
552159 801540 553071 802140
542697 815460 543609 816060
507015 814020 507927 814620
507015 813060 507927 813660
435765 814500 436677 815100
408861 806340 409773 806940
651225 815460 695115 816060
509181 805380 553071 805980
463353 824580 507243 825180
463353 823620 507243 824220
463353 819780 507243 820380
463353 818820 507243 819420
463239 810180 507129 810780
659661 816900 696255 817500
619305 826500 655899 827100
619305 825540 655899 826140
619305 821700 655899 822300
619305 820740 655899 821340
470649 820740 507243 821340
469395 815940 505989 816540
468027 806340 504621 806940
538365 825540 582255 826140
509181 806340 553071 806940
420831 816420 421401 817020
415815 810660 416385 811260
409887 815460 410457 816060
568347 814500 568917 815100
408747 804420 409317 805020
682119 802020 683145 802620
679155 802020 680181 802620
654075 811140 655101 811740
597759 815460 598785 816060
595479 810180 596505 810780
594111 809700 595137 810300
588183 811140 589209 811740
587043 810660 588069 811260
587043 804900 588069 805500
581115 807300 582141 807900
578607 807300 579633 807900
576327 815940 577353 816540
576327 812580 577353 813180
573819 803460 574845 804060
564243 802020 565269 802620
463695 805380 464721 805980
454803 807300 455829 807900
450699 805860 451725 806460
448191 805380 449217 805980
613947 814500 614517 815100
603003 815940 603573 816540
599127 815460 599697 816060
594795 814500 595365 815100
592971 812580 593541 813180
592287 802500 592857 803100
590691 821220 591261 821820
587499 803460 588069 804060
566067 810660 566637 811260
564243 812580 564813 813180
551703 802500 552273 803100
538707 802500 539277 803100
534831 813060 535401 813660
525255 802500 525825 803100
458223 804900 458793 805500
445911 811140 446481 811740
445683 814500 446253 815100
442719 805380 443289 805980
433143 804900 433713 805500
424707 815940 425277 816540
424023 811620 424593 812220
419463 811140 420033 811740
417639 801540 418209 802140
410343 805860 410913 806460
434055 802500 434625 803100
425847 809700 426417 810300
424707 812580 425277 813180
418551 805380 419121 805980
418323 807780 418893 808380
417639 805380 418209 805980
417183 809700 417753 810300
671859 801540 672657 802140
657609 824580 658407 825180
657609 823620 658407 824220
657609 819780 658407 820380
657609 818820 658407 819420
634011 802020 634809 802620
629223 803460 630021 804060
549651 808260 550449 808860
521151 812580 521949 813180
411711 806820 412509 807420
668211 809700 669807 810300
666957 806340 668553 806940
651567 806340 653163 806940
641763 806820 643359 807420
615315 802980 616911 803580
584421 822660 586017 823260
504393 804900 505989 805500
468711 812580 470307 813180
550107 802980 551475 803580
680979 802020 681549 802620
670719 811620 671289 812220
660231 808740 660801 809340
645183 811620 645753 812220
644271 811620 644841 812220
616455 801540 617025 802140
591489 826980 592059 827580
578379 817380 578949 817980
575757 802020 576327 802620
575643 806340 576213 806940
568575 808740 569145 809340
564015 821220 564585 821820
556947 802980 557517 803580
555693 806340 556263 806940
537795 802500 538365 803100
535287 802500 535857 803100
446595 802500 447165 803100
444315 805380 444885 805980
441579 806820 442149 807420
426759 808740 427329 809340
420375 815460 420945 816060
415359 813540 415929 814140
413193 808740 413763 809340
409773 801540 410343 802140
603003 802500 604713 803100
599355 803460 601065 804060
676875 806340 677331 806940
671973 809220 672429 809820
590577 814500 591033 815100
588639 807300 589095 807900
588411 822180 588867 822780
585903 805380 586359 805980
582711 809220 583167 809820
582711 802500 583167 803100
576441 821220 576897 821820
571425 819780 571881 820380
571425 816900 571881 817500
566067 820740 566523 821340
564927 820260 565383 820860
563673 818340 564129 818940
562191 818340 562647 818940
562077 815940 562533 816540
558087 811620 558543 812220
556035 801540 556491 802140
553983 815940 554439 816540
549195 813060 549651 813660
547485 813060 547941 813660
528447 824580 528903 825180
507471 804420 507927 805020
505875 803460 506331 804060
463125 803940 463581 804540
458793 806820 459249 807420
445227 812100 445683 812700
443859 812100 444315 812700
442947 816420 443403 817020
441579 810660 442035 811260
434055 805380 434511 805980
434055 803460 434511 804060
430863 802020 431319 802620
419007 809700 419463 810300
434055 806340 434625 806940
671859 802980 673797 803580
656355 803940 658293 804540
656355 802980 658293 803580
634923 803460 636861 804060
618279 805860 620217 806460
618279 804900 620217 805500
614859 810180 616797 810780
579861 824580 581799 825180
565383 818820 567321 819420
555579 810180 557517 810780
545661 801540 547599 802140
508041 813540 509979 814140
505875 816900 507813 817500
505875 807300 507813 807900
437931 803460 439869 804060
429495 816900 431433 817500
421857 817380 423795 817980
421059 809700 422997 810300
418095 808740 420033 809340
414333 816420 416271 817020
410799 801540 412737 802140
677331 801540 677787 802140
674139 805860 674595 806460
655899 805380 656355 805980
649401 817380 649857 817980
646323 806820 646779 807420
615771 811620 616227 812220
609501 809700 609957 810300
595023 812100 595479 812700
591603 821700 592059 822300
589665 816900 590121 817500
585447 820260 585903 820860
581229 823620 581685 824220
578265 822180 578721 822780
571311 801540 571767 802140
568803 801540 569259 802140
567093 820260 567549 820860
555009 806820 555465 807420
521949 813060 522405 813660
507471 812100 507927 812700
507471 811140 507927 811740
469851 814500 470307 815100
456285 804900 456741 805500
445227 814020 445683 814620
439413 808740 439869 809340
438501 804420 438957 805020
435309 803460 435765 804060
434511 801540 434967 802140
432231 811140 432687 811740
429837 801540 430293 802140
429723 809700 430179 810300
427557 808260 428013 808860
425505 806820 425961 807420
425049 814020 425505 814620
420261 809700 420717 810300
417981 804420 418437 805020
411597 811140 412053 811740
409773 808260 410229 808860
404529 804900 404985 805500
674139 809700 674937 810300
592287 816420 593085 817020
582939 813540 583737 814140
580659 816420 581457 817020
575643 818340 576441 818940
570855 813060 571653 813660
570855 807300 571653 807900
568233 807300 569031 807900
565953 809700 566751 810300
563787 805860 564585 806460
561507 809700 562305 810300
557175 814020 557973 814620
507129 825540 507927 826140
507129 821700 507927 822300
444087 803940 444885 804540
431319 801540 432117 802140
427101 811620 427899 812220
424707 810660 425505 811260
424707 804420 425505 805020
695799 808740 696027 809340
672885 808740 673113 809340
669921 802020 670149 802620
656127 806340 656355 806940
651225 811620 651453 812220
636633 808740 636861 809340
622611 814020 622839 814620
617367 810180 617595 810780
617367 801540 617595 802140
609615 815940 609843 816540
609501 802980 609729 803580
602205 802020 602433 802620
600039 811620 600267 812220
594225 805380 594453 805980
591261 808260 591489 808860
587955 820260 588183 820860
584421 805380 584649 805980
577011 819780 577239 820380
576897 821700 577125 822300
576783 809700 577011 810300
575985 802980 576213 803580
574389 809220 574617 809820
568119 811620 568347 812220
565725 801540 565953 802140
563331 805380 563559 805980
562419 806340 562647 806940
556377 813060 556605 813660
505989 806340 506217 806940
461187 806340 461415 806940
460617 808260 460845 808860
459363 808740 459591 809340
457083 808740 457311 809340
452523 807300 452751 807900
452523 802500 452751 803100
447621 801540 447849 802140
445455 813060 445683 813660
445455 804900 445683 805500
444315 802980 444543 803580
440097 807300 440325 807900
437817 807300 438045 807900
430863 815940 431091 816540
430635 802500 430863 803100
428013 812100 428241 812700
427671 802500 427899 803100
422085 812580 422313 813180
414219 805860 414447 806460
414219 803460 414447 804060
410001 806820 410229 807420
403161 805380 403389 805980
402477 805380 402705 805980
670605 805380 671289 805980
663993 810660 664677 811260
620103 807780 620787 808380
620103 802980 620787 803580
608589 808740 609273 809340
590007 820740 590691 821340
584421 808260 585105 808860
584421 803460 585105 804060
553185 804900 553869 805500
552159 821220 552843 821820
542583 802500 543267 803100
532893 813060 533577 813660
508953 802020 509637 802620
454347 811620 455031 812220
451155 809700 451839 810300
446481 801540 447165 802140
444999 816900 445683 817500
444201 816420 444885 817020
439185 806820 439869 807420
438159 810660 438843 811260
437589 813060 438273 813660
428583 811620 429267 812220
407265 803940 407949 804540
694545 809700 695571 810300
668895 810660 669921 811260
661713 802500 662739 803100
647919 806820 648945 807420
647577 805860 648603 806460
615543 805860 616569 806460
614175 804420 615201 805020
613719 805860 614745 806460
608247 803460 609273 804060
598557 808260 599583 808860
573591 822180 574617 822780
554097 805860 555123 806460
544521 826980 545547 827580
542013 816900 543039 817500
527421 824580 528447 825180
515337 816420 516363 817020
504507 803460 505533 804060
452295 809700 453321 810300
440439 816420 441465 817020
413991 814980 415017 815580
412851 815940 413877 816540
409773 802500 410799 803100
408747 812100 409773 812700
662169 809700 664107 810300
655785 817860 657723 818460
653847 807300 655785 807900
636633 812580 638571 813180
618279 809700 620217 810300
618279 806820 620217 807420
598557 809220 600495 809820
554439 812100 556377 812700
434283 808740 436221 809340
412851 812580 414789 813180
410571 816900 412509 817500
407265 815460 409203 816060
644499 814500 673797 815100
622041 824100 651339 824700
622041 819300 651339 819900
538365 823620 567663 824220
523773 822660 553071 823260
522747 810180 552045 810780
509181 814980 538479 815580
468825 804420 498123 805020
467571 805380 496869 805980
463353 827460 492651 828060
463353 822660 492651 823260
658521 818340 673227 818940
674253 817860 696255 818460
673113 826980 695115 827580
673113 823140 695115 823740
673113 822180 695115 822780
622041 805860 644043 806460
538365 819780 560367 820380
509181 808260 531183 808860
468027 809220 490029 809820
446823 817380 468825 817980
446823 814020 468825 814620
471561 826020 500859 826620
468027 802500 497325 803100
676647 812100 691353 812700
676419 811140 691125 811740
659661 813060 674367 813660
639711 802500 654417 803100
637659 804900 652365 805500
637431 808260 652137 808860
634923 801540 649629 802140
633897 817860 648603 818460
622041 806820 636747 807420
554097 822180 568803 822780
525255 812100 539961 812700
486153 817380 500859 817980
483303 813060 498009 813660
395181 807300 409887 807900
681549 814020 696255 814620
680751 804420 695457 805020
678927 809220 693633 809820
678015 805860 692721 806460
522633 817380 537339 817980
509181 824580 523887 825180
500745 826980 515451 827580
490599 814020 505305 814620
396321 814500 411027 815100
395181 810180 409887 810780
664791 807780 668553 808380
658521 810660 662283 811260
551703 814020 555465 814620
433941 804420 437703 805020
416271 816900 420033 817500
404985 812580 408747 813180
402477 809220 406239 809820
695001 826020 696027 826620
695001 825060 696027 825660
695001 821220 696027 821820
695001 820260 696027 820860
670605 804420 671631 805020
619305 824100 620331 824700
619305 819300 620331 819900
619305 818340 620331 818940
618963 817380 619989 817980
592173 803940 593199 804540
590577 826020 591603 826620
561393 807300 562419 807900
556605 809220 557631 809820
506331 808260 507357 808860
506331 802500 507357 803100
448647 809700 449673 810300
424935 811620 425961 812220
675051 811620 675393 812220
640395 811620 640737 812220
637431 814020 637773 814620
636519 804420 636861 805020
618051 811140 618393 811740
618051 803940 618393 804540
597531 810180 597873 810780
591717 825540 592059 826140
591717 824580 592059 825180
591717 823620 592059 824220
582825 808260 583167 808860
573591 805380 573933 805980
571995 803460 572337 804060
569715 802980 570057 803580
569487 818820 569829 819420
569487 806340 569829 806940
562419 816900 562761 817500
543039 816420 543381 817020
511347 812580 511689 813180
453891 804420 454233 805020
444999 802020 445341 802620
440325 808260 440667 808860
433827 810660 434169 811260
424023 815940 424365 816540
423111 807300 423453 807900
416157 801540 416499 802140
411255 815460 411597 816060
646095 811620 649857 812220
632871 809220 636633 809820
610299 806820 614061 807420
604371 805860 608133 806460
575985 824100 579747 824700
568689 823140 572451 823740
553983 811140 557745 811740
546117 815940 549879 816540
538365 815940 542127 816540
522633 813060 526395 813660
433941 812100 437703 812700
402477 803460 406239 804060
658293 826500 659775 827100
658293 825540 659775 826140
658293 821700 659775 822300
658293 820740 659775 821340
620673 817380 622155 817980
620673 814500 622155 815100
620673 811620 622155 812220
583053 819780 584535 820380
545433 814500 546915 815100
507813 822660 509295 823260
507813 820740 509295 821340
470193 813540 471675 814140
470193 807780 471675 808380
432573 816900 434055 817500
432573 814020 434055 814620
432573 813060 434055 813660
394953 802020 396435 802620
688845 813060 696255 813660
687249 807300 694659 807900
657495 806820 664905 807420
636633 809700 644043 810300
515337 823140 522747 823740
515337 822180 522747 822780
515337 819300 522747 819900
515337 818340 522747 818940
512031 812580 519441 813180
499263 811140 506673 811740
459819 814980 467229 815580
446823 812580 454233 813180
395181 816900 402591 817500
688845 818820 696255 819420
661029 808740 668439 809340
648489 827460 655899 828060
648489 822660 655899 823260
601407 810180 608817 810780
601179 808260 608589 808860
523773 821700 531183 822300
496299 814980 503709 815580
463353 826500 470763 827100
463353 825540 470763 826140
463353 821700 470763 822300
460275 816420 467685 817020
395181 804420 402591 805020
