426873 815460 427101 816060
593199 803940 595365 804540
558543 814500 559797 815100
571539 820260 573021 820860
442947 808740 444429 809340
588411 802020 589779 803100
612579 814020 613149 814620
411711 808260 412281 808860
603231 811620 604029 812220
577695 819300 578493 819900
559455 810180 560253 810780
557175 815460 557973 816060
426303 809700 427101 810300
410799 804900 411597 805500
570285 815460 570969 816060
455829 807780 456741 808380
451041 807780 451953 808380
423111 813540 425163 815580
675051 804900 676077 805500
560823 803460 561849 804060
558315 815940 559341 816540
454119 803460 455145 804060
597075 811620 597645 812220
594795 813540 595365 814140
449331 807780 449901 808380
441123 809220 441693 809820
428583 812580 429153 813180
425847 815940 426417 816540
427215 813060 427785 813660
416499 803460 417069 804060
674139 803460 674937 804060
412851 811620 413649 812220
678927 804900 680523 805500
439185 802020 440781 802620
585675 819300 586245 819900
580887 814020 581457 814620
575643 805860 576213 806460
568803 818340 569373 818940
458679 805860 459249 806460
679611 803460 680067 804060
592287 814980 592857 815580
579747 812100 580317 812700
614859 805380 616797 805980
448875 806340 449331 806940
416499 805860 416955 806460
674139 806820 674937 807420
674139 805380 674937 805980
672315 809220 673113 809820
594795 810180 595593 810780
585219 814980 586017 815580
464607 805380 465405 805980
458679 803460 459477 804060
451155 802020 451953 802620
430179 802020 430977 802620
425163 813060 425961 813660
424707 802980 425505 803580
617367 802020 617595 802620
616797 802980 617025 803580
591717 811620 591945 812220
590463 802980 590691 803580
587955 802980 588183 803580
577011 806820 577239 807420
576783 809220 577011 809820
564015 816900 564243 817500
553071 815460 553299 816060
452523 806820 452751 807420
445455 811620 445683 812220
445455 809220 445683 809820
426075 803460 426303 804060
601977 814020 602661 814620
451041 809220 451725 809820
553527 801540 554553 802140
433827 805860 434853 806460
433143 806820 434169 807420
614859 807780 616797 808380
439299 802980 441237 803580
615315 814980 644613 815580
597987 810660 619989 811260
595251 817380 617253 817980
522747 803940 544749 804540
618279 806340 647577 806940
640395 813060 655101 813660
596163 816420 610869 817020
448647 810180 463353 810780
622041 813540 636747 814140
539847 812100 554553 812700
538365 807300 553071 807900
454119 812580 468825 813180
445227 814980 459933 815580
664791 805860 668553 806460
652023 807780 655785 808380
611211 809700 614973 810300
598557 805860 602319 806460
560253 819780 564015 820380
552957 803460 556719 804060
436335 807780 440097 808380
420261 808260 424023 808860
592059 810180 593085 810780
556947 807300 557973 807900
463239 804420 464265 805020
440439 815460 441465 816060
416955 810180 417981 810780
412623 808260 413649 808860
674139 807780 674481 808380
597531 806340 597873 806940
597531 802500 597873 803100
592743 804900 593085 805500
587955 805380 588297 805980
576099 804900 576441 805500
560367 808740 560709 809340
458565 806820 458907 807420
453777 802020 454119 802620
446823 809220 447165 809820
428355 804420 428697 805020
416271 810180 416613 810780
666957 811140 670719 811740
654303 802500 658065 803100
605853 803940 609615 804540
587499 823140 591261 823740
554097 808740 557859 809340
538365 814020 542127 814620
411939 814020 415701 814620
407835 803460 411597 804060
403617 803940 407379 804540
583053 822660 584535 823260
583053 821700 584535 822300
583053 818820 584535 819420
507813 804420 509295 805020
432573 804420 434055 805020
432573 803460 434055 804060
552957 817860 560367 818460
460731 808740 468141 809340
664563 801540 671973 802140
618279 803460 625689 804060
610071 806340 617481 806940
598557 807780 605967 808380
598557 804900 605967 805500
497211 803460 504621 804060
462099 815940 469509 816540
433143 816420 440553 817020
430863 809700 438273 810300
