593883 815940 594453 816540
606423 812580 607449 813180
604143 813540 605169 814140
595251 803940 596277 804540
592743 802980 593769 803580
581115 818340 582597 819420
579291 802980 580773 804060
565155 808740 566637 809820
455943 803940 457425 805020
442149 810180 442833 810780
422883 813540 423225 814140
449217 806820 449673 807420
575529 805380 576213 805980
426303 815460 426987 816060
441351 805380 441579 805980
586017 816420 587385 817500
430407 805860 431775 806940
411939 808740 413307 809820
417069 804420 417297 805020
570399 815940 570969 816540
560367 804900 560937 805500
427215 813540 427785 814140
674595 810180 676761 810780
585903 814980 588069 815580
559683 815940 561849 816540
559683 814500 561849 815100
559683 805860 561849 806460
442263 804900 444429 805500
673341 810660 674253 811260
589665 802500 590577 803100
560937 811620 561849 812220
457881 803940 458793 804540
452637 805860 453549 806460
602547 814020 603801 814620
595935 812100 597189 812700
562419 802500 563673 803100
559911 813060 561165 813660
425391 802980 426645 803580
608703 811140 609957 811740
603915 812100 605169 812700
577695 813540 578949 814140
553755 807780 555009 808380
443631 808260 444885 808860
424479 816900 425733 817500
421971 802020 423225 802620
674823 803460 676305 804060
672771 809700 674253 810300
612579 814500 614061 815100
608247 814500 609729 815100
603003 814980 604485 815580
598215 812100 599697 812700
593427 813060 594909 813660
591375 811140 592857 811740
590691 808740 592173 809340
588183 815460 589665 816060
583851 818340 585333 818940
579063 821700 580545 822300
577011 821700 578493 822300
577011 803460 578493 804060
576327 817860 577809 818460
574275 821220 575757 821820
573819 817380 575301 817980
572223 821700 573705 822300
571539 820740 573021 821340
569031 806820 570513 807420
565155 812580 566637 813180
564471 805860 565953 806460
559683 809220 561165 809820
557175 801540 558657 802140
555579 807300 557061 807900
521835 811140 523317 811740
459819 804420 461301 805020
456627 801540 458109 802140
454575 802980 456057 803580
449787 802020 451269 802620
419007 805380 420489 805980
677673 804420 677901 805020
617595 811140 617823 811740
578379 814500 578607 815100
597531 811620 597873 812220
587955 810180 588297 810780
578379 816420 578721 817020
565269 817860 565611 818460
426987 810180 427329 810780
568803 812580 569145 813180
562647 814020 562989 814620
581457 805860 582825 806940
578835 805860 580203 806940
576897 809700 578265 810780
574503 809700 575871 810780
459135 805860 460503 806940
457311 806820 458679 807900
452637 806820 454005 807900
449787 807780 451155 808860
447849 806820 449217 807900
445569 806820 446937 807900
428583 815460 429951 816540
428583 813540 429951 814620
428355 810660 429723 811740
425847 806820 427215 807900
674823 805380 675393 805980
612579 811620 613149 812220
610527 813540 611097 814140
592287 814500 592857 815100
592287 804900 592857 805500
585219 807780 585789 808380
569487 814020 570057 814620
567207 813060 567777 813660
555807 805380 556377 805980
551247 802500 551817 803100
451155 808740 451725 809340
451155 804420 451725 805020
443631 814980 444201 815580
441579 814500 442149 815100
426075 804900 426645 805500
425391 812580 425961 813180
416499 802500 417069 803100
413991 804900 414561 805500
411483 805380 412053 805980
410343 812580 410913 813180
676419 807780 676761 808380
595251 810660 595593 811260
559227 810180 559569 810780
415359 806820 415701 807420
678927 803460 679725 804060
674595 806340 675393 806940
673455 803460 674253 804060
671175 808740 671973 809340
670491 806340 671289 806940
615087 814020 615885 814620
606423 813540 607221 814140
601407 811620 602205 812220
596391 802500 597189 803100
595251 802500 596049 803100
587955 804420 588753 805020
580887 803940 581685 804540
577695 819780 578493 820380
573591 818340 574389 818940
571995 817860 572793 818460
571311 802020 572109 802620
570171 817860 570969 818460
569259 814980 570057 815580
568119 820740 568917 821340
566523 805380 567321 805980
564015 807300 564813 807900
564015 803460 564813 804060
561735 803460 562533 804060
559227 807780 560025 808380
558087 806340 558885 806940
557859 815460 558657 816060
544179 816900 544977 817500
452523 802980 453321 803580
440895 811620 441693 812220
434739 807780 435537 808380
429951 807300 430749 807900
428583 812100 429381 812700
427671 804420 428469 805020
416043 805380 416841 805980
415587 807780 416385 808380
410115 809220 410913 809820
597759 808260 598671 808860
597759 807300 598671 807900
597759 806340 598671 806940
678927 805380 693633 805980
582939 820740 584535 821340
582939 814980 584535 815580
582939 814020 584535 814620
582939 812100 584535 812700
582939 811140 584535 811740
432459 806340 434055 806940
617937 814500 620787 815100
439185 802500 442035 803100
544863 815460 546915 816060
544863 807780 546915 808380
673569 802020 674481 802620
655443 808740 656355 809340
616911 803460 617823 804060
616683 807300 617595 807900
456399 809220 457311 809820
455829 808260 456741 808860
436677 814020 437589 814620
500745 809700 544635 810300
500745 808740 544635 809340
611667 816900 655557 817500
610755 815940 654645 816540
455487 811140 499377 811740
410913 811620 412965 813660
430179 810660 430749 811260
424707 808260 425277 808860
673227 805380 674253 805980
670947 807780 671973 808380
656127 811620 657153 812220
592971 810180 593997 810780
588639 807780 589665 808380
582027 807300 583053 807900
581343 814020 582369 814620
579975 812580 581001 813180
571539 807300 572565 807900
569715 811140 570741 811740
567435 814500 568461 815100
564927 814020 565953 814620
557631 804420 558657 805020
450015 806340 451041 806940
447507 804900 448533 805500
441123 808740 442149 809340
673683 806340 674253 806940
672999 804420 673569 805020
594339 814020 594909 814620
594339 807780 594909 808380
594111 805860 594681 806460
588639 816420 589209 817020
577239 815940 577809 816540
569259 818340 569829 818940
567891 815940 568461 816540
560367 807780 560937 808380
557631 802500 558201 803100
463695 806340 464265 806940
462099 806820 462669 807420
460047 807300 460617 807900
458907 802020 459477 802620
456855 802980 457425 803580
447735 803460 448305 804060
444999 811140 445569 811740
416955 803460 417525 804060
412395 806820 412965 807420
424251 810660 424821 811260
424023 804900 424593 805500
423111 811140 423681 811740
419463 804420 420033 805020
409659 806340 410229 806940
651339 812100 652137 812700
611439 813060 612237 813660
465519 803940 466317 804540
429951 811620 430749 812220
420831 816900 421629 817500
546801 812580 548397 813180
626031 811140 626601 811740
616455 813540 617025 814140
615771 804900 616341 805500
597303 813060 597873 813660
590463 804420 591033 805020
590235 815940 590805 816540
590235 806820 590805 807420
585675 819780 586245 820380
580887 819780 581457 820380
564015 816420 564585 817020
563787 806340 564357 806940
559911 803460 560481 804060
556947 806340 557517 806940
554439 802020 555009 802620
464835 804900 465405 805500
463239 805380 463809 805980
463011 802980 463581 803580
458679 804900 459249 805500
452979 809220 453549 809820
449103 805380 449673 805980
448875 802980 449445 803580
446595 802020 447165 802620
441579 807300 442149 807900
437247 801540 437817 802140
422427 803940 422997 804540
420375 815940 420945 816540
418095 805380 418665 805980
416727 809700 417297 810300
410685 806340 411255 806940
592971 815940 593427 816540
584535 816900 584991 817500
582711 821700 583167 822300
566067 817860 566523 818460
445911 803460 446367 804060
423567 802980 424023 803580
419235 803460 419691 804060
563103 807780 563673 808380
562191 821220 562761 821820
412395 803940 412965 804540
446823 809700 448761 810300
438159 809700 440097 810300
428355 802020 430293 802620
421971 816900 423909 817500
592515 801540 592971 802140
590235 819300 590691 819900
589437 804900 589893 805500
588753 817860 589209 818460
579291 807780 579747 808380
577467 814500 577923 815100
576099 821220 576555 821820
571197 808740 571653 809340
571083 816900 571539 817500
552957 804420 553413 805020
552843 814980 553299 815580
552159 813060 552615 813660
507471 803460 507927 804060
453777 802500 454233 803100
446709 803460 447165 804060
437133 808740 437589 809340
427671 805860 428127 806460
425049 813540 425505 814140
423567 805860 424023 806460
421857 810180 422313 810780
421287 806340 421743 806940
420261 807780 420717 808380
420261 802500 420717 803100
417867 811620 418323 812220
415473 803940 415929 804540
594795 809220 595593 809820
592287 816900 593085 817500
590235 805860 591033 806460
580431 815940 581229 816540
575643 818820 576441 819420
573135 814020 573933 814620
568347 810660 569145 811260
566295 807300 567093 807900
566067 804420 566865 805020
563559 804420 564357 805020
563445 810180 564243 810780
556605 803460 557403 804060
463467 803940 464265 804540
460731 802020 461529 802620
441579 812580 442377 813180
419919 811620 420717 812220
413307 809700 414105 810300
650199 805860 650427 806460
648831 806820 649059 807420
639711 811620 639939 812220
617367 808260 617595 808860
617367 806340 617595 806940
617367 804420 617595 805020
617367 802500 617595 803100
609501 807300 609729 807900
600039 812100 600267 812700
596049 814500 596277 815100
595251 811620 595479 812220
594225 804900 594453 805500
592743 806340 592971 806940
589779 812580 590007 813180
587955 818340 588183 818940
587955 803460 588183 804060
585675 808740 585903 809340
584421 810180 584649 810780
582939 824580 583167 825180
582597 802020 582825 802620
580203 814020 580431 814620
579519 804420 579747 805020
577011 819300 577239 819900
577011 807300 577239 807900
576783 808740 577011 809340
573477 802980 573705 803580
571311 817860 571539 818460
569715 805380 569943 805980
567435 803940 567663 804540
565155 802020 565383 802620
564699 804420 564927 805020
563103 813540 563331 814140
562419 808740 562647 809340
461187 805860 461415 806460
456285 805380 456513 805980
454917 806340 455145 806940
453093 802020 453321 802620
452409 801540 452637 802140
445455 813540 445683 814140
445455 809700 445683 810300
445455 808740 445683 809340
445455 805380 445683 805980
445227 805860 445455 806460
443403 806820 443631 807420
443403 805860 443631 806460
430863 807780 431091 808380
426303 802020 426531 802620
426075 803940 426303 804540
425163 815940 425391 816540
424593 812580 424821 813180
423909 811620 424137 812220
419007 802980 419235 803580
418095 801540 418323 802140
413307 802500 413535 803100
412737 810180 412965 810780
671859 811140 672543 811740
669351 806820 670035 807420
611553 814500 612237 815100
592401 812100 593085 812700
587613 806820 588297 807420
587613 805860 588297 806460
587499 820740 588183 821340
584421 821700 585105 822300
584421 815940 585105 816540
581799 823140 582483 823740
578265 818820 578949 819420
578037 822660 578721 823260
575871 811620 576555 812220
573021 819300 573705 819900
570969 806340 571653 806940
561735 804420 562419 805020
561621 808260 562305 808860
558885 808740 559569 809340
556833 808260 557517 808860
554781 805380 555465 805980
552159 815460 552843 816060
552159 808260 552843 808860
549537 813060 550221 813660
543039 812580 543723 813180
520809 811620 521493 812220
520809 810660 521493 811260
462555 803940 463239 804540
461073 803460 461757 804060
460731 807780 461415 808380
443859 802020 444543 802620
439983 807780 440667 808380
432003 803940 432687 804540
432003 802980 432687 803580
420945 810180 421629 810780
419919 806340 420603 806940
417753 814980 418437 815580
417639 808260 418323 808860
410913 802020 411597 802620
669009 802020 670035 802620
640395 812580 641421 813180
638343 811140 639369 811740
582141 826500 583167 827100
580317 823620 581343 824220
564015 820260 565041 820860
562533 818340 563559 818940
458451 808740 459477 809340
440211 805860 441237 806460
434397 803460 435423 804060
422427 806820 423453 807420
666957 807300 668895 807900
654303 806340 656241 806940
644499 806820 646437 807420
618279 807780 620217 808380
618279 802020 620217 802620
614859 809700 616797 810300
583851 823140 585789 823740
574047 822660 575985 823260
560253 817860 562191 818460
546801 802020 548739 802620
503823 803940 505761 804540
468027 802980 469965 803580
439071 815940 441009 816540
432459 807780 434397 808380
500745 815460 530043 816060
622041 803940 636747 804540
618735 813060 633441 813660
508155 803940 522861 804540
462555 808260 477261 808860
399741 816420 414447 817020
557973 824580 579975 825180
522633 826980 544635 827580
446823 813060 468825 813660
446595 815460 468597 816060
396321 817380 418323 817980
531069 821700 560367 822300
524799 811140 554097 811740
680523 802500 695229 803100
637431 807780 652137 808380
678471 808260 693177 808860
651225 826980 665931 827580
651225 822180 665931 822780
643929 809700 658635 810300
641763 803940 656469 804540
641763 802980 656469 803580
640167 814020 654873 814620
618279 809220 632985 809820
525711 813540 540417 814140
522633 807780 537339 808380
500745 823140 515451 823740
500745 822180 515451 822780
500745 818340 515451 818940
500745 817380 515451 817980
478857 812580 493563 813180
471561 822180 486267 822780
462099 816900 476805 817500
666957 805380 670719 805980
665247 810660 669009 811260
664563 809700 668325 810300
611895 802500 615657 803100
610527 803940 614289 804540
609843 808740 613605 809340
598557 802500 602319 803100
561393 819300 565155 819900
554211 814500 557973 815100
554097 817380 557859 817980
500745 805860 504507 806460
500745 804900 504507 805500
436107 805860 439869 806460
433941 813060 437703 813660
433371 815460 437133 816060
430635 808740 434397 809340
429951 812580 433713 813180
410343 814980 414105 815580
405099 812100 408861 812700
403617 805860 407379 806460
402477 804420 406239 805020
678699 807300 679725 807900
678471 809700 679497 810300
678243 802020 679269 802620
671289 802020 672315 802620
581457 825060 582483 825660
577695 807300 578721 807900
573135 815460 574161 816060
563901 811140 564927 811740
556263 812100 557289 812700
544521 820260 545547 820860
544407 804900 545433 805500
542697 817380 543723 817980
542127 816420 543153 817020
509181 802500 510207 803100
444657 817380 445683 817980
443973 815940 444999 816540
431319 816900 432345 817500
427101 812100 428127 812700
425163 811140 426189 811740
424593 806820 425619 807420
422655 810180 423681 810780
419349 809700 420375 810300
415359 810180 416385 810780
414675 812580 415701 813180
414561 814500 415587 815100
410913 810660 411939 811260
410115 807780 411141 808380
677331 808740 677673 809340
674139 808260 674481 808860
637431 812100 637773 812700
618051 803460 618393 804060
617139 812580 617481 813180
615087 804420 615429 805020
609387 808260 609729 808860
597531 815460 597873 816060
597531 804900 597873 805500
597531 803940 597873 804540
597531 802980 597873 803580
595251 815940 595593 816540
595251 814500 595593 815100
595251 804900 595593 805500
592743 813540 593085 814140
592743 807780 593085 808380
590463 817380 590805 817980
587955 813540 588297 814140
580887 811140 581229 811740
580887 807300 581229 807900
579063 816420 579405 817020
579063 809220 579405 809820
576099 803940 576441 804540
573591 820740 573933 821340
573591 808740 573933 809340
568803 803940 569145 804540
566979 819300 567321 819900
566523 815460 566865 816060
566523 802500 566865 803100
562647 815460 562989 816060
562419 816420 562761 817020
559227 811140 559569 811740
453891 803940 454233 804540
442035 803940 442377 804540
439527 812580 439869 813180
429837 803940 430179 804540
427671 810180 428013 810780
425847 810180 426189 810780
425163 810180 425505 810780
420945 804420 421287 805020
419463 813060 419805 813660
416271 803460 416613 804060
415587 804900 415929 805500
415587 802980 415929 803580
666957 812100 670719 812700
666957 804420 670719 805020
654303 802020 658065 802620
652251 805380 656013 805980
647235 811140 650997 811740
630363 802020 634125 802620
610299 807780 614061 808380
605853 804420 609615 805020
587955 822660 591717 823260
587955 821700 591717 822300
554097 816420 557859 817020
554097 813540 557859 814140
552957 809220 556719 809820
539163 802020 542925 802620
538935 804900 542697 805500
538365 814980 542127 815580
435651 803940 439413 804540
408291 803940 412053 804540
658293 817860 659775 818460
658293 814020 659775 814620
658293 802500 659775 803100
658293 801540 659775 802140
583053 816900 584535 817500
583053 813060 584535 813660
583053 806340 584535 806940
583053 805380 584535 805980
583053 802500 584535 803100
545433 819300 546915 819900
545433 818340 546915 818940
545433 802980 546915 803580
507813 824580 509295 825180
432573 801540 434055 802140
691809 806340 699219 806940
664677 817380 672087 817980
446823 812100 454233 812700
395181 812100 402591 812700
664563 802980 671973 803580
657495 807780 664905 808380
657495 804900 664905 805500
656127 812580 663537 813180
651225 810660 658635 811260
648489 824580 655899 825180
648489 823620 655899 824220
648489 819780 655899 820380
648489 818820 655899 819420
648489 817860 655899 818460
603915 802020 611325 802620
600267 805380 607677 805980
598557 809700 605967 810300
544407 814020 551817 814620
500745 802020 508155 802620
500175 812100 507585 812700
497895 813060 505305 813660
465747 807300 473157 807900
464607 801540 472017 802140
463353 817860 470763 818460
432117 811620 439527 812220
395181 803460 402591 804060
