605055 813540 606537 814620
596847 808740 597873 809340
457995 802020 459021 802620
603003 812580 604485 813180
606423 811140 608817 811740
580203 817860 582597 818460
595023 809700 596961 810300
568575 813540 570513 814140
623979 811620 630477 812220
595935 803460 596961 804060
426189 803460 427101 804060
440553 807780 442149 808860
437475 813540 439071 814620
589551 802980 590577 803580
427671 815940 428697 816540
570399 807780 571425 808380
556035 805860 557061 806460
594339 815940 594909 816540
415815 804900 416385 805500
606423 812100 607221 812700
579291 802020 580317 802620
562419 812100 563445 812700
556263 815460 557289 816060
556263 812580 557289 813180
450927 804900 451953 805500
446139 807780 447165 808380
575871 807300 577125 807900
570171 802020 571425 802620
444315 808740 445569 809340
442035 803460 443289 804060
410799 814020 412053 814620
410799 808740 412053 809340
554667 804420 555693 805020
426303 807780 427329 808380
589551 814500 590235 815580
584877 816420 585561 817500
674367 807780 675051 808860
672999 808740 673683 809820
588069 816420 588753 817500
564585 808740 565269 809820
560367 811620 561051 812700
454347 805860 455031 806940
452067 805860 452751 806940
442263 810660 442947 811740
616683 811140 617709 811740
598671 811620 599697 812220
592743 803460 593769 804060
578379 802980 579405 803580
575187 804420 576213 805020
564015 817860 565041 818460
563103 802980 564129 803580
556947 804900 557973 805500
456399 806820 457425 807420
427671 813540 428697 814140
426759 804420 427785 805020
413307 802980 414333 803580
678243 802980 679725 803580
675279 802980 676761 803580
611211 814980 612693 815580
592059 809220 593541 809820
572907 818820 574389 819420
572907 816900 574389 817500
567435 820260 568917 820860
441351 804420 442833 805020
414903 808260 416385 808860
677559 804900 679041 805980
592971 813540 594453 814620
590919 814500 592401 815580
589095 817380 590577 818460
586587 822180 588069 823260
585219 818340 586701 819420
579063 815460 580545 816540
578835 813540 580317 814620
577011 816420 578493 817500
574275 805860 575757 806940
573819 820260 575301 821340
571995 810660 573477 811740
571767 813540 573249 814620
569943 814500 571425 815580
569715 818340 571197 819420
569715 816420 571197 817500
567435 817380 568917 818460
567207 808740 568689 809820
564927 816420 566409 817500
562647 816420 564129 817500
562647 814500 564129 815580
560367 803940 561849 805020
560139 809700 561621 810780
560139 801060 561621 802140
559683 813540 561165 814620
506103 805860 507585 806940
457311 802980 458793 804060
454119 803940 455601 805020
452067 803940 453549 805020
447051 802020 448533 803100
439983 809700 441465 810780
437703 815460 439185 816540
560481 815460 560937 816060
559911 804420 560367 805020
585789 820260 586473 820860
565497 817860 566181 818460
426987 809700 427785 810300
418779 811140 419577 811740
416727 804900 417525 805500
416271 803940 417069 804540
414903 802020 415701 802620
423567 804900 424137 805500
590577 813540 591261 814140
589893 803940 590577 804540
582483 816900 583167 817500
582483 815940 583167 816540
571425 817860 572109 818460
553185 814980 553869 815580
455145 802500 455829 803100
454119 802500 454803 803100
452637 802500 453321 803100
426303 815940 426987 816540
422883 814020 423225 814620
410799 813060 411027 813660
675165 810660 675621 811260
573705 807780 574161 808380
557403 803460 557859 804060
457995 807780 458451 808380
449217 807300 449673 807900
676875 810660 677559 811260
441465 805380 442149 805980
421743 801540 422427 802140
592059 810660 592857 811260
590691 811140 591489 811740
565839 805860 566637 806460
607335 814500 607905 815100
588183 810180 588753 810780
581571 803460 582141 804060
673569 811140 673797 811740
578379 814020 578607 814620
576099 810660 576327 811260
572907 820740 573135 821340
543267 813060 543495 813660
586929 809220 587385 809820
580887 814500 581343 815100
578949 816900 579405 817500
506559 803940 507015 804540
600153 811620 601521 812700
592971 804900 594339 805980
592857 801060 594225 802140
590919 805860 592287 806940
588069 820260 589437 821340
586359 815460 587727 816540
586359 813540 587727 814620
584421 805860 585789 806940
581343 804900 582711 805980
581343 802020 582711 803100
571653 803940 573021 805020
569715 805860 571083 806940
567549 803940 568917 805020
566979 806820 568347 807900
562305 803940 563673 805020
560139 806820 561507 807900
430635 806820 432003 807900
428583 803940 429951 805020
425847 811620 427215 812700
421287 814500 422655 815580
421173 803940 422541 805020
420831 812580 422199 813660
419007 802020 420375 803100
418665 805860 420033 806940
416841 805860 418209 806940
414333 805860 415701 806940
414219 803940 415587 805020
589209 809700 589437 810300
586245 811620 586473 812220
577353 810660 577581 811260
570171 812580 570399 813180
613035 814020 613605 814620
610527 814500 611097 815100
608019 814020 608589 814620
598899 813540 599469 814140
598215 813060 598785 813660
597075 812100 597645 812700
596391 813540 596961 814140
594795 807300 595365 807900
594111 802980 594681 803580
591831 804900 592401 805500
591603 815940 592173 816540
590691 812100 591261 812700
586815 810180 587385 810780
566067 813060 566637 813660
560595 802500 561165 803100
559911 805380 560481 805980
435423 807780 435993 808380
428583 802980 429153 803580
418323 815940 418893 816540
413991 809700 414561 810300
412851 803940 413421 804540
411483 804900 412053 805500
592971 812100 595137 812700
588183 813540 590349 814140
583623 812580 585789 813180
576327 804900 578493 805500
571539 822180 573705 822780
566751 815460 568917 816060
566751 812580 568917 813180
561963 806820 564129 807420
554895 807780 557061 808380
449331 802500 451497 803100
439983 814020 442149 814620
427899 810180 430065 810780
425619 816900 427785 817500
675849 806820 676761 807420
672429 811140 673341 811740
643701 811140 644613 811740
622041 811620 622953 812220
603117 814500 604029 815100
584421 811140 585333 811740
580089 805860 581001 806460
558429 811620 559341 812220
544065 807780 544977 808380
543837 816420 544749 817020
521949 810180 522861 810780
464721 802500 465633 803100
460389 803940 461301 804540
454917 801540 455829 802140
438729 810660 439641 811260
431661 805860 432573 806460
423453 809700 424365 810300
672543 807780 673797 808380
636519 811620 637773 812220
595479 804900 596733 805500
589323 818820 590577 819420
579747 821220 581001 821820
562419 813060 563673 813660
439755 811620 441009 812220
421059 811620 422313 812220
416955 807300 418209 807900
673455 803940 674709 804540
671175 808260 672429 808860
671175 805860 672429 806460
641307 811140 642561 811740
599127 814980 600381 815580
594339 811140 595593 811740
594339 808740 595593 809340
589779 816420 591033 817020
584763 804900 586017 805500
577695 821220 578949 821820
577695 817860 578949 818460
575187 814020 576441 814620
563331 801540 564585 802140
558543 815460 559797 816060
558543 805860 559797 806460
558543 801540 559797 802140
551475 802020 552729 802620
522747 811620 524001 812220
453207 808740 454461 809340
448419 804900 449673 805500
436107 802020 437361 802620
426759 814500 428013 815100
425391 810660 426645 811260
424479 815460 425733 816060
422199 812580 423453 813180
421971 810660 423225 811260
675279 805380 676761 805980
675051 807780 676533 808380
670491 810660 671973 811260
639255 811140 640737 811740
615087 813540 616569 814140
613035 811140 614517 811740
612123 813060 613605 813660
610071 813060 611553 813660
605055 814980 606537 815580
602547 811140 604029 811740
596163 814500 597645 815100
595479 802020 596961 802620
593199 814980 594681 815580
589095 810660 590577 811260
586359 808260 587841 808860
583851 802020 585333 802620
581799 814500 583281 815100
581571 820740 583053 821340
572223 814980 573705 815580
566979 814020 568461 814620
564699 815460 566181 816060
564471 807780 565953 808380
459363 807780 460845 808380
459363 802020 460845 802620
451839 807780 453321 808380
449787 808740 451269 809340
447507 806340 448989 806940
444771 803940 446253 804540
442947 811140 444429 811740
442947 801540 444429 802140
442263 814980 443745 815580
437931 802980 439413 803580
437475 808740 438957 809340
435423 802980 436905 803580
430863 803460 432345 804060
430407 804420 431889 805020
428355 814500 429837 815100
426303 805380 427785 805980
423795 802500 425277 803100
423567 803940 425049 804540
420603 802500 422085 803100
418323 813540 419805 814140
416727 816420 418209 817020
416727 802020 418209 802620
416499 811620 417981 812220
413535 811620 415017 812220
593313 815940 593541 816540
582939 805380 583167 805980
577581 822180 577809 822780
568917 807300 569145 807900
565953 804900 566181 805500
553413 802020 553641 802620
441465 801540 441693 802140
429039 812580 429267 813180
640395 812100 651453 812700
522405 812580 533463 813180
614403 814500 614745 815100
602319 814980 602661 815580
597987 814020 598329 814620
592743 817380 593085 817980
585675 815460 586017 816060
585675 811620 586017 812220
585675 807300 586017 807900
578379 819300 578721 819900
562647 817860 562989 818460
446823 808740 447165 809340
567207 802980 567663 803580
563901 820740 564357 821340
458565 807300 459021 807900
424479 808740 424935 809340
423795 816900 424251 817500
422883 805380 423339 805980
412053 807300 412509 807900
597531 813540 597873 814140
595251 814020 595593 814620
458679 804420 459021 805020
449103 809220 449445 809820
422883 815940 423225 816540
656241 806820 657609 807900
595365 806820 596733 807900
590577 802980 591945 804060
588183 804900 589551 805980
586359 806820 587727 807900
581115 809700 582483 810780
576897 808740 578265 809820
576441 811620 577809 812700
574503 810660 575871 811740
574503 808740 575871 809820
574503 802020 575871 803100
572223 807780 573591 808860
569943 808740 571311 809820
569943 802980 571311 804060
567093 810660 568461 811740
566979 801060 568347 802140
562647 810660 564015 811740
461301 805860 462669 806940
459705 804900 461073 805980
454575 807780 455943 808860
445569 816420 446937 817500
445569 804900 446937 805980
428583 808740 429951 809820
423909 805860 425277 806940
411483 802020 412851 803100
677787 802020 678357 802620
674823 806820 675393 807420
664107 802980 664677 803580
655671 811620 656241 812220
645639 811140 646209 811740
618735 814020 619305 814620
617139 814500 617709 815100
611439 814020 612009 814620
609843 811140 610413 811740
606651 814500 607221 815100
600951 815460 601521 816060
600723 813540 601293 814140
597075 810660 597645 811260
597075 803940 597645 804540
585219 820740 585789 821340
582483 824580 583053 825180
577011 822660 577581 823260
572679 823140 573249 823740
572223 817380 572793 817980
570855 804420 571425 805020
566067 802980 566637 803580
564471 813060 565041 813660
561963 817380 562533 817980
560595 821220 561165 821820
558771 810180 559341 810780
557175 802020 557745 802620
556491 806820 557061 807420
521379 811140 521949 811740
467571 804900 468141 805500
467571 802980 468141 803580
466659 803460 467229 804060
463011 803460 463581 804060
462099 808260 462669 808860
462099 804900 462669 805500
449331 803460 449901 804060
446367 811140 446937 811740
441123 806340 441693 806940
430635 811140 431205 811740
430407 805380 430977 805980
430179 808740 430749 809340
430179 802500 430749 803100
429267 806340 429837 806940
427215 808740 427785 809340
425391 814500 425961 815100
425391 808260 425961 808860
421515 816420 422085 817020
419919 811140 420489 811740
419235 807300 419805 807900
418551 804900 419121 805500
415815 802020 416385 802620
415131 814980 415701 815580
413763 806340 414333 806940
404643 812100 405213 812700
652707 811620 653049 812220
575187 817860 575529 818460
559227 807300 559569 807900
676647 808740 677445 809340
676647 807780 677445 808380
676647 801540 677445 802140
673455 804900 674253 805500
670263 809700 671061 810300
618507 811620 619305 812220
614403 812100 615201 812700
612807 812100 613605 812700
603459 813540 604257 814140
595935 810660 596733 811260
595251 815460 596049 816060
594111 817380 594909 817980
587955 808260 588753 808860
587271 817380 588069 817980
585675 809220 586473 809820
582255 808740 583053 809340
580203 820260 581001 820860
580203 812100 581001 812700
580203 804900 581001 805500
577695 807780 578493 808380
577011 802980 577809 803580
576783 801540 577581 802140
575415 819780 576213 820380
574731 803460 575529 804060
570627 821220 571425 821820
570399 810660 571197 811260
569943 819780 570741 820380
568119 802980 568917 803580
567891 805380 568689 805980
563331 808260 564129 808860
562191 808260 562989 808860
558543 813060 559341 813660
557859 814020 558657 814620
554895 802020 555693 802620
550563 807780 551361 808380
544863 815940 545661 816540
538707 808260 539505 808860
467571 803940 468369 804540
465975 802500 466773 803100
455715 809220 456513 809820
450927 806340 451725 806940
447051 803460 447849 804060
443631 809700 444429 810300
443175 814020 443973 814620
443175 812100 443973 812700
441351 815940 442149 816540
440439 801540 441237 802140
439527 813060 440325 813660
428811 805380 429609 805980
424479 801540 425277 802140
416955 812580 417753 813180
414903 809700 415701 810300
412623 810660 413421 811260
411027 807780 411825 808380
617481 802020 618393 802620
597759 809700 598671 810300
597759 807780 598671 808380
597759 806820 598671 807420
597759 803940 598671 804540
597759 802980 598671 803580
658293 810180 667071 810780
545433 813540 554211 814140
545433 808740 554211 809340
636633 813540 651339 814140
618279 807300 632985 807900
598557 801540 613263 802140
395181 811140 409887 811740
582939 817860 584535 818460
582939 810180 584535 810780
582939 807300 584535 807900
582939 804420 584535 805020
507699 805380 509295 805980
432459 815940 434055 816540
432459 807300 434055 807900
667983 811620 670833 812220
614175 803940 617025 804540
582711 822180 585561 822780
568689 822180 571539 822780
556491 816900 559341 817500
546801 807780 549651 808380
437247 806340 440097 806940
433941 809220 436791 809820
406125 806340 408975 806940
404871 805380 407721 805980
620103 813540 622155 814140
620103 802020 622155 802620
544863 812580 546915 813180
673569 802500 674481 803100
668781 807300 669693 807900
657495 808260 658407 808860
655443 809220 656355 809820
616683 807780 617595 808380
608589 806340 609501 806940
465405 805860 466317 806460
436677 814980 437589 815580
408861 809220 409773 809820
509181 804420 553071 805020
500745 814500 544635 815100
471561 810660 515451 811260
507699 802980 544293 803580
651225 816420 695115 817020
538365 826500 582255 827100
509181 820740 553071 821340
456399 812100 500289 812700
582027 811140 583053 811740
415815 813540 417867 815580
438387 804900 438957 805500
408975 805860 409545 806460
673227 806820 674253 807420
670947 807300 671973 807900
596619 815460 597645 816060
593883 810180 594909 810780
589323 811620 590349 812220
588867 812580 589893 813180
588183 809220 589209 809820
587043 802980 588069 803580
586587 812580 587613 813180
585903 803460 586929 804060
584535 810180 585561 810780
584079 815460 585105 816060
581799 813060 582825 813660
579975 811140 581001 811740
578607 811620 579633 812220
576327 818820 577353 819420
574047 804900 575073 805500
572679 805380 573705 805980
565611 814500 566637 815100
560823 805380 561849 805980
559455 808740 560481 809340
463695 805860 464721 806460
457767 805380 458793 805980
455487 805860 456513 806460
447735 810180 448761 810780
447507 808740 448533 809340
447051 811620 448077 812220
444543 813540 445569 814140
659319 802980 659889 803580
616227 804900 616797 805500
598443 815940 599013 816540
594111 806820 594681 807420
592287 807780 592857 808380
590691 819780 591261 820380
586587 811140 587157 811740
582711 819300 583281 819900
579063 804420 579633 805020
564699 804900 565269 805500
561279 812580 561849 813180
561279 811140 561849 811740
560367 816900 560937 817500
551703 807780 552273 808380
543723 813060 544293 813660
464379 804900 464949 805500
462783 802020 463353 802620
445455 811140 446025 811740
428583 807300 429153 807900
426759 813540 427329 814140
424251 816420 424821 817020
417183 808260 417753 808860
556491 802980 557061 803580
425391 813540 425961 814140
424251 811140 424821 811740
421059 810660 421629 811260
419919 804420 420489 805020
416271 809700 416841 810300
412395 805860 412965 806460
409887 805860 410457 806460
562647 805380 563445 805980
556263 802020 557061 802620
671403 803940 672201 804540
631959 805380 632757 805980
630591 811140 631389 811740
629223 801540 630021 802140
624663 802500 625461 803100
616683 813060 617481 813660
616227 808740 617025 809340
580659 822180 581457 822780
575643 821700 576441 822300
559227 821220 560025 821820
465519 804420 466317 805020
422541 808740 423339 809340
420147 816420 420945 817020
420489 807300 421173 807900
668325 808740 669921 809340
651567 805860 653163 806460
647463 806340 649059 806940
549765 815940 551361 816540
542013 815940 543609 816540
504279 805380 505875 805980
676647 809700 677217 810300
650883 811140 651453 811740
642903 811140 643473 811740
631959 808260 632529 808860
615543 802500 616113 803100
614859 809220 615429 809820
599811 814020 600381 814620
597303 805380 597873 805980
596163 816900 596733 817500
590235 809700 590805 810300
590235 807300 590805 807900
580545 808740 581115 809340
575643 814980 576213 815580
573477 811620 574047 812220
571311 815940 571881 816540
568803 811620 569373 812220
561735 821220 562305 821820
558885 803460 559455 804060
555009 805860 555579 806460
453891 801540 454461 802140
446367 802980 446937 803580
444087 806820 444657 807420
442035 801540 442605 802140
434511 802980 435081 803580
434283 807780 434853 808380
422883 806340 423453 806940
422655 811620 423225 812220
420375 805380 420945 805980
420147 814020 420717 814620
417867 810660 418437 811260
410799 805860 411369 806460
409431 814980 410001 815580
671517 809700 671973 810300
619419 811140 619875 811740
601635 814020 602091 814620
588639 806340 589095 806940
580545 809700 581001 810300
579291 808260 579747 808860
574959 822180 575415 822780
567321 821220 567777 821820
561279 808260 561735 808860
558771 804900 559227 805500
556263 821220 556719 821820
555807 803940 556263 804540
537339 808260 537795 808860
458793 808260 459249 808860
424707 812100 425163 812700
423567 812100 424023 812700
421287 805860 421743 806460
420603 810180 421059 810780
419235 803940 419691 804540
417183 809220 417639 809820
409659 804900 410115 805500
599583 815940 600153 816540
555351 806820 555921 807420
655785 826500 657723 827100
655785 821700 657723 822300
634923 802980 636861 803580
579975 823140 581913 823740
565155 819780 567093 820380
542811 802020 544749 802620
505875 815940 507813 816540
443859 815460 445797 816060
439299 803940 441237 804540
409773 810180 411711 810780
671745 804900 672201 805500
657951 802500 658407 803100
620331 811620 620787 812220
616569 802500 617025 803100
615771 812100 616227 812700
609501 803940 609957 804540
599811 813060 600267 813660
584421 819780 584877 820380
578151 806340 578607 806940
577467 814980 577923 815580
573477 803460 573933 804060
571197 811620 571653 812220
566523 811620 566979 812220
566295 806820 566751 807420
564927 802500 565383 803100
552957 807300 553413 807900
552159 815940 552615 816540
548625 802020 549081 802620
545091 802980 545547 803580
543609 817380 544065 817980
448875 803940 449331 804540
445227 812580 445683 813180
445227 810180 445683 810780
444999 806340 445455 806940
444201 812100 444657 812700
427671 806340 428127 806940
427557 801540 428013 802140
634011 802500 634809 803100
609159 812100 609957 812700
606651 813060 607449 813660
590007 808740 590805 809340
587727 812100 588525 812700
587727 801540 588525 802140
580431 806820 581229 807420
578151 820260 578949 820860
575643 812580 576441 813180
573135 815940 573933 816540
573135 806820 573933 807420
570855 812580 571653 813180
565953 810180 566751 810780
507129 824580 507927 825180
507129 823620 507927 824220
507129 820740 507927 821340
507129 819780 507927 820380
507129 818820 507927 819420
463467 802500 464265 803100
451155 803460 451953 804060
441579 813060 442377 813660
427671 811140 428469 811740
425163 809700 425961 810300
420375 803460 421173 804060
418779 809220 419577 809820
418095 803940 418893 804540
413307 805380 414105 805980
411483 803460 412281 804060
675621 802020 675849 802620
672201 802020 672429 802620
669693 809700 669921 810300
658179 804420 658407 805020
658179 803460 658407 804060
656127 805860 656355 806460
650199 806340 650427 806940
636633 803940 636861 804540
617367 809700 617595 810300
617367 808740 617595 809340
617367 806820 617595 807420
617367 805860 617595 806460
617367 804900 617595 805500
617367 802980 617595 803580
614973 814500 615201 815100
609501 807780 609729 808380
609501 806820 609729 807420
600723 815940 600951 816540
598557 805380 598785 805980
592743 806820 592971 807420
592743 805860 592971 806460
592743 802500 592971 803100
592173 802500 592401 803100
591717 812100 591945 812700
587955 818820 588183 819420
586587 804420 586815 805020
585675 814020 585903 814620
576783 810180 577011 810780
575985 803460 576213 804060
569715 804900 569943 805500
567207 805860 567435 806460
564699 810660 564927 811260
564699 803940 564927 804540
564015 809700 564243 810300
562419 809220 562647 809820
562419 805860 562647 806460
545319 817380 545547 817980
528333 824580 528561 825180
467343 802500 467571 803100
452409 802020 452637 802620
447735 807300 447963 807900
445455 806820 445683 807420
444315 803460 444543 804060
443403 807300 443631 807900
443403 806340 443631 806940
433941 805380 434169 805980
433941 803460 434169 804060
433941 802500 434169 803100
426303 802500 426531 803100
425163 808740 425391 809340
422883 802980 423111 803580
418095 812580 418323 813180
416499 808740 416727 809340
415587 812580 415815 813180
414219 810660 414447 811260
413307 802020 413535 802620
664221 802020 664905 802620
661713 802020 662397 802620
638457 812580 639141 813180
638343 811620 639027 812220
629337 802980 630021 803580
591375 820740 592059 821340
587613 811140 588297 811740
585675 823140 586359 823740
585219 802980 585903 803580
581343 824100 582027 824700
578607 823140 579291 823740
566409 817860 567093 818460
566067 803940 566751 804540
563901 818820 564585 819420
561735 815460 562419 816060
557745 808740 558429 809340
554439 813060 555123 813660
554325 815940 555009 816540
549537 802980 550221 803580
509865 813540 510549 814140
505305 804420 505989 805020
463125 804900 463809 805500
441921 802500 442605 803100
437589 812100 438273 812700
434283 802020 434967 802620
432117 804900 432801 805500
431205 802020 431889 802620
429837 815940 430521 816540
420717 809220 421401 809820
420261 814980 420945 815580
410343 811620 411027 812220
408861 813060 409545 813660
408405 804900 409089 805500
402477 812100 403161 812700
669009 802500 670035 803100
668439 805860 669465 806460
653049 812580 654075 813180
608475 808260 609501 808860
582141 825540 583167 826140
579633 824100 580659 824700
565155 820740 566181 821340
554097 806820 555123 807420
544407 813540 545433 814140
463239 807780 464265 808380
458451 809220 459477 809820
439185 807300 440211 807900
436905 807300 437931 807900
429723 812100 430749 812700
422199 807300 423225 807900
412851 815460 413877 816060
409773 807300 410799 807900
403617 804900 404643 805500
665475 802020 667413 802620
660687 802980 662625 803580
655785 825540 657723 826140
655785 820740 657723 821340
644499 807300 646437 807900
618735 812580 620673 813180
618279 808740 620217 809340
618279 802980 620217 803580
607563 805380 609501 805980
554097 809700 556035 810300
471561 803940 473499 804540
468027 805860 469965 806460
413307 816900 415245 817500
406125 804420 408063 805020
622041 825060 651339 825660
622041 820260 651339 820860
619305 823620 648603 824220
618279 810180 647577 810780
528789 824580 558087 825180
471561 825060 500859 825660
471561 824100 500859 824700
471561 820260 500859 820860
467115 814980 496413 815580
680295 802980 695001 803580
678699 807780 693405 808380
546801 818340 561507 818940
511119 813540 525825 814140
486153 822180 500859 822780
673113 818340 695115 818940
671973 817380 693975 817980
546801 823140 568803 823740
523431 810660 545433 811260
522633 822180 544635 822780
522633 819300 544635 819900
522633 818340 544635 818940
446823 813540 468825 814140
622041 826020 651339 826620
622041 821220 651339 821820
509979 802020 539277 802620
509181 816900 538479 817500
509181 815940 538479 816540
509181 807300 538479 807900
471561 821220 500859 821820
471561 806820 500859 807420
678699 806820 693405 807420
663423 812580 678129 813180
633897 827460 648603 828060
633897 822660 648603 823260
622041 812580 636747 813180
525255 811620 539961 812220
492537 826500 507243 827100
491283 816900 505989 817500
485241 817860 499947 818460
482619 803460 497325 804060
447507 816900 462213 817500
447507 815940 462213 816540
395181 815940 409887 816540
678471 810180 693177 810780
658521 813540 673227 814140
651225 823140 665931 823740
643929 818340 658635 818940
641763 804420 656469 805020
641763 803460 656469 804060
622611 814500 637317 815100
622041 818340 636747 818940
618279 804420 632985 805020
546801 819300 561507 819900
477147 808260 491853 808860
471561 826980 486267 827580
471561 823140 486267 823740
396321 802980 411027 803580
395181 814020 409887 814620
395181 808260 409887 808860
652023 808260 655785 808860
650199 807300 653961 807900
610755 804900 614517 805500
610071 805860 613833 806460
609843 809220 613605 809820
554097 810660 557859 811260
552159 802980 555921 803580
504963 812580 508725 813180
463239 810660 467001 811260
434625 804900 438387 805500
432117 814500 435879 815100
429039 817380 432801 817980
403617 809700 407379 810300
402477 814980 406239 815580
695001 826980 696027 827580
695001 822180 696027 822780
678471 803940 679497 804540
670263 804900 671289 805500
659547 802020 660573 802620
619305 825060 620331 825660
619305 820260 620331 820860
590577 826980 591603 827580
556947 809700 557973 810300
544521 809700 545547 810300
506217 802980 507243 803580
450243 809700 451269 810300
443289 816420 444315 817020
432231 802020 433257 802620
431547 810180 432573 810780
430863 816420 431889 817020
417639 809700 418665 810300
414447 813540 415473 814140
412851 807780 413877 808380
410799 806820 411825 807420
668439 807780 668781 808380
654987 811140 655329 811740
636519 809220 636861 809820
636519 807300 636861 807900
621471 811140 621813 811740
614631 805860 614973 806460
614403 802980 614745 803580
613947 807780 614289 808380
609615 810180 609957 810780
608931 809220 609273 809820
601407 813060 601749 813660
597531 801540 597873 802140
591717 826500 592059 827100
586815 804900 587157 805500
580887 815460 581229 816060
579063 809700 579405 810300
576099 801540 576441 802140
573591 809220 573933 809820
571995 812100 572337 812700
571995 809220 572337 809820
571995 802980 572337 803580
571311 805380 571653 805980
571197 819780 571539 820380
568575 802020 568917 802620
564699 814020 565041 814620
563445 818340 563787 818940
535287 813060 535629 813660
449787 806340 450129 806940
444999 801540 445341 802140
444087 804420 444429 805020
441123 802980 441465 803580
428355 817380 428697 817980
427671 807780 428013 808380
426303 814020 426645 814620
425619 805380 425961 805980
423909 808260 424251 808860
422883 801540 423225 802140
418779 814500 419121 815100
418779 810180 419121 810780
418779 807780 419121 808380
416955 810660 417297 811260
415587 810660 415929 811260
415587 803460 415929 804060
409203 804420 409545 805020
666957 803460 670719 804060
577695 827460 581457 828060
554097 811620 557859 812220
523773 824580 527535 825180
516477 811140 520239 811740
502227 807300 505989 807900
464835 806820 468597 807420
434511 810660 438273 811260
583053 809220 584535 809820
583053 808260 584535 808860
583053 803460 584535 804060
545433 802020 546915 802620
507813 826500 509295 827100
507813 825540 509295 826140
507813 821700 509295 822300
507813 806340 509295 806940
507813 801540 509295 802140
470193 817380 471675 817980
470193 816420 471675 817020
470193 802020 471675 802620
691011 811140 698421 811740
687705 813540 695115 814140
683031 802020 690441 802620
674253 814020 681663 814620
515337 826980 522747 827580
483303 814020 490713 814620
691239 812100 698649 812700
688845 824580 696255 825180
688845 823620 696255 824220
688845 819780 696255 820380
688845 814980 696255 815580
687021 808740 694431 809340
657495 805860 664905 806460
644499 814980 651909 815580
641763 809220 649173 809820
618279 805380 625689 805980
604599 802500 612009 803100
598557 808740 605967 809340
584535 824100 591945 824700
583851 825060 591261 825660
545547 814980 552957 815580
535743 812580 543153 813180
497211 802500 504621 803100
474639 803940 482049 804540
463353 820740 470763 821340
448191 811140 455601 811740
429837 813540 437247 814140
395181 813060 402591 813660
