217341 153540 218367 154140
217341 148740 218367 149340
223383 156900 224181 157500
222699 157860 223497 158460
220647 154980 221217 155580
235695 159300 236379 159900
235011 154980 235695 155580
231249 148740 231933 149340
224865 148740 225549 149340
218025 150180 218709 150780
235923 153060 236151 153660
226119 150660 226347 151260
235467 148260 235923 148860
231135 156900 231591 157500
224637 147780 225093 148380
95361 154980 124659 155580
95361 150180 124659 150780
34713 155940 64011 156540
34713 154980 64011 155580
34713 151140 64011 151740
34713 150180 64011 150780
93081 157860 95475 158460
93081 153060 95475 153660
93081 148260 95475 148860
233871 147300 235809 147900
233643 157860 235581 158460
232959 159300 234897 159900
230679 158340 232617 158940
228627 157860 230565 158460
227943 149700 229881 150300
219165 152580 221103 153180
219051 148740 220989 149340
236835 159780 237405 160380
236835 149700 237405 150300
235239 156420 235809 157020
233415 154020 233985 154620
232959 148260 233529 148860
230451 156420 231021 157020
226803 149220 227373 149820
220989 146820 221559 147420
219849 154020 220419 154620
237063 156900 237405 157500
237063 154020 237405 154620
237063 152580 237405 153180
237063 151140 237405 151740
237063 148260 237405 148860
235923 154020 236265 154620
235923 147780 236265 148380
235467 150660 235809 151260
233415 155940 233757 156540
232731 155460 233073 156060
231249 159780 231591 160380
231135 150180 231477 150780
228627 159780 228969 160380
228513 150660 228855 151260
221559 152580 221901 153180
218937 156900 219279 157500
218823 149700 219165 150300
230679 151140 231705 151740
220533 149700 221559 150300
205941 157380 206967 157980
205941 152580 206967 153180
55233 159300 56259 159900
227259 154020 228741 154620
232275 149700 236037 150300
231363 153060 235125 153660
229995 146820 233757 147420
228627 154980 232389 155580
227715 147780 231477 148380
223383 158820 227145 159420
223383 146820 227145 147420
222813 155460 226575 156060
221559 150180 225321 150780
214377 156900 218139 157500
214377 151140 218139 151740
15105 148260 18867 148860
208221 147780 222927 148380
220419 151620 227829 152220
215517 159300 222927 159900
214377 157860 221787 158460
198645 155460 206055 156060
198645 150660 206055 151260
