191349 155460 198759 156060
191349 150660 198759 151260
218025 159780 219963 160380
218025 154020 219963 154620
215517 148740 217455 149340
232959 150660 233985 151260
229539 155940 230565 156540
225663 156420 226689 157020
225663 151140 226689 151740
223383 157860 224409 158460
222471 156900 223497 157500
220191 154500 221217 155100
219849 146340 220875 146940
217341 149700 218367 150300
236151 155460 236607 156060
235809 148260 236265 148860
235695 150660 236151 151260
235581 159780 236037 160380
235581 155940 236037 156540
231477 156900 233073 157980
230793 149220 232389 150300
228855 158820 230451 159900
228741 156900 230337 157980
228741 150180 230337 151260
225435 148260 227031 149340
221787 154020 223383 155100
218937 155940 220533 157020
235467 153060 236037 153660
233415 153540 233985 154140
233187 157860 233757 158460
232275 155460 232845 156060
225891 159300 226461 159900
95361 157860 168435 158460
95361 153060 168435 153660
95361 148260 168435 148860
170601 157860 214491 158460
170601 153060 214491 153660
170601 148260 214491 148860
170601 147300 214491 147900
72333 155460 116223 156060
72333 150660 116223 151260
206853 160260 215631 160860
206853 150660 215631 151260
56373 155460 65151 156060
56373 150660 65151 151260
236493 154020 237177 154620
236493 147780 237177 148380
235467 154500 236151 155100
231249 153540 231933 154140
230337 153060 231021 153660
224637 159300 225321 159900
224637 147300 225321 147900
220989 152580 221673 153180
220647 157380 221331 157980
218937 154980 219621 155580
218937 152100 219621 152700
238659 148740 238887 149340
235011 148260 235239 148860
231249 158820 231477 159420
229083 146820 229311 147420
218937 149220 219165 149820
236949 158820 237405 159420
234783 158820 235239 159420
230337 148260 230793 148860
229539 147300 229995 147900
228627 154020 229083 154620
226917 153060 227373 153660
223155 150660 223611 151260
221445 149220 221901 149820
220761 147300 221217 147900
219849 158820 220305 159420
18411 154980 18867 155580
154869 160260 184167 160860
154869 155460 184167 156060
154869 150660 184167 151260
95361 159780 124659 160380
34713 159780 64011 160380
236379 153060 238317 153660
236379 150180 238317 150780
236265 160260 238203 160860
236037 157860 237975 158460
235467 146820 237405 147420
235239 156900 237177 157500
233415 155460 235353 156060
232959 147780 234897 148380
236835 155940 237405 156540
236835 154980 237405 155580
236835 151620 237405 152220
232959 149220 233529 149820
232503 153540 233073 154140
226803 159780 227373 160380
226803 158340 227373 158940
224979 152100 225549 152700
224523 154980 225093 155580
224067 151140 224637 151740
223383 147300 223953 147900
222243 150660 222813 151260
221787 158820 222357 159420
221331 156420 221901 157020
221103 148260 221673 148860
220647 150180 221217 150780
227031 156900 228741 157500
227031 150180 228741 150780
227031 146340 228741 146940
235467 158820 235809 159420
235467 157860 235809 158460
233643 154500 233985 155100
233643 146340 233985 146940
233415 156420 233757 157020
233415 152580 233757 153180
231249 160260 231591 160860
231135 150660 231477 151260
229539 151620 229881 152220
228627 153060 228969 153660
225207 153540 225549 154140
223497 159780 223839 160380
221673 157860 222015 158460
220419 158340 220761 158940
220419 151140 220761 151740
230451 152100 231477 152700
221103 151140 222129 151740
219051 150180 220077 150780
205941 156420 206967 157020
205941 151620 206967 152220
55233 158340 56259 158940
55233 154500 56259 155100
55233 153540 56259 154140
55233 149700 56259 150300
55233 148740 56259 149340
227259 155940 228741 156540
227259 154980 228741 155580
227259 152100 228741 152700
227259 151140 228741 151740
227259 149220 228741 149820
227259 148260 228741 148860
227259 147300 228741 147900
56373 147780 57855 148380
18753 158820 20235 159420
18753 154020 20235 154620
18753 149220 20235 149820
18753 148260 20235 148860
215517 157380 219279 157980
214377 155940 218139 156540
214377 152100 218139 152700
15105 147300 18867 147900
132981 160260 147687 160860
132981 155460 147687 156060
132981 150660 147687 151260
513 159780 15219 160380
513 155460 15219 156060
513 150660 15219 151260
85785 159780 93195 160380
46227 147780 53637 148380
44289 146820 51699 147420
22401 160260 29811 160860
22401 155460 29811 156060
22401 150660 29811 151260
