95361 158820 168435 159420
95361 154020 168435 154620
95361 149220 168435 149820
20121 158820 93195 159420
20121 154020 93195 154620
20121 149220 93195 149820
170601 158820 214491 159420
170601 154020 214491 154620
170601 149220 214491 149820
168321 159780 170715 160380
168321 157860 170715 158460
168321 154980 170715 155580
168321 153060 170715 153660
168321 150180 170715 150780
168321 148260 170715 148860
192489 159780 214491 160380
192489 154980 214491 155580
192489 150180 214491 150780
170601 155940 192603 156540
170601 151140 192603 151740
170601 146340 192603 146940
146433 155940 168435 156540
146433 151140 168435 151740
146433 146340 168435 146940
124545 159780 146547 160380
124545 154980 146547 155580
124545 150180 146547 150780
63897 159780 85899 160380
63897 154980 85899 155580
63897 150180 85899 150780
229197 146820 230109 147420
221217 157380 222129 157980
513 158820 15219 159420
513 154020 15219 154620
513 149220 15219 149820
27417 159780 34827 160380
27417 155940 34827 156540
27417 154980 34827 155580
27417 151140 34827 151740
27417 150180 34827 150780
224523 154500 228285 155100
220419 153540 224181 154140
215517 158340 219279 158940
215517 154500 219279 155100
214377 148260 218139 148860
214377 147300 218139 147900
214377 146340 218139 146940
51585 160260 55347 160860
51585 155460 55347 156060
51585 150660 55347 151260
15105 159780 18867 160380
15105 155940 18867 156540
15105 151140 18867 151740
15105 150180 18867 150780
222471 157380 223041 157980
234783 149220 235581 149820
233415 158340 234213 158940
232959 159780 233757 160380
232959 156900 233757 157500
232959 151140 233757 151740
230679 147300 231477 147900
229539 151140 230337 151740
226575 156420 227373 157020
226575 151140 227373 151740
223383 155940 224181 156540
222015 151140 222813 151740
221103 154500 221901 155100
221103 152100 221901 152700
220647 158820 221445 159420
233643 152100 235353 153180
231363 152100 233073 153180
230907 154020 232617 155100
224295 157860 226005 158940
233871 153540 235809 154140
231135 148260 233073 148860
230451 155460 232389 156060
227715 156420 229653 157020
225207 150180 227145 150780
224067 156900 226005 157500
223383 152580 225321 153180
223041 148740 224979 149340
222813 147780 224751 148380
221787 158340 223725 158940
219165 160260 221103 160860
219165 146820 221103 147420
215517 153540 217455 154140
215517 149700 217455 150300
16587 154980 18525 155580
236379 149220 237405 149820
236265 152100 237291 152700
236151 151140 237177 151740
236151 148260 237177 148860
236037 158820 237063 159420
235923 159780 236949 160380
235923 154980 236949 155580
234099 154980 235125 155580
234099 151140 235125 151740
232503 155940 233529 156540
231591 146340 232617 146940
230337 159780 231363 160380
230337 158820 231363 159420
230223 156900 231249 157500
230223 150180 231249 150780
228171 155460 229197 156060
227031 146820 228057 147420
225891 149220 226917 149820
225891 147300 226917 147900
225207 159780 226233 160380
223383 149700 224409 150300
223155 151140 224181 151740
220533 149220 221559 149820
220419 156420 221445 157020
218025 156900 219051 157500
218025 155940 219051 156540
218025 153060 219051 153660
218025 152100 219051 152700
218025 151140 219051 151740
237291 159780 238887 160380
237291 158820 238887 159420
237291 157380 238887 157980
237291 155940 238887 156540
237291 154980 238887 155580
237291 154020 238887 154620
237291 152100 238887 152700
237291 151140 238887 151740
237291 148260 238887 148860
237291 147300 238887 147900
236265 157380 236721 157980
236151 156420 236607 157020
236151 154020 236607 154620
236037 153060 236493 153660
236037 150180 236493 150780
236037 147300 236493 147900
235695 157860 236151 158460
235695 156420 236151 157020
235695 146340 236151 146940
235581 152100 236037 152700
235125 158820 235581 159420
235125 148260 235581 148860
232959 154500 233757 155100
232275 149220 233073 149820
227031 160260 227829 160860
220419 148260 221217 148860
219735 158340 220533 158940
228969 154020 230565 155100
228855 148260 230451 149340
225435 153060 227031 154140
221445 159780 223041 160860
221445 146340 223041 147420
234327 158820 234897 159420
233415 149220 233985 149820
233415 147300 233985 147900
233187 146340 233757 146940
230679 146340 231249 146940
230223 152580 230793 153180
227487 149700 228057 150300
227487 148740 228057 149340
227259 147780 227829 148380
227031 159300 227601 159900
226575 157860 227145 158460
224979 147780 225549 148380
224751 153540 225321 154140
224523 151140 225093 151740
223839 146340 224409 146940
221103 150180 221673 150780
219735 154500 220305 155100
218595 148740 219165 149340
95361 156900 168435 157500
95361 152100 168435 152700
95361 147300 168435 147900
20121 157860 93195 158460
20121 156900 93195 157500
20121 153060 93195 153660
20121 152100 93195 152700
20121 148260 93195 148860
20121 147300 93195 147900
170601 156900 214491 157500
170601 152100 214491 152700
95361 155940 139251 156540
95361 151140 139251 151740
95361 146340 139251 146940
18753 146340 27531 146940
741 154980 2109 155580
238203 153060 238887 153660
238203 150180 238887 150780
231591 151140 232275 151740
228171 151620 228855 152220
227943 150660 228627 151260
226461 155460 227145 156060
218253 149700 218937 150300
235923 149220 236151 149820
228741 153540 228969 154140
228627 157380 228855 157980
226119 146340 226347 146940
220191 152100 220419 152700
16017 147780 16245 148380
235239 159780 235695 160380
235239 155940 235695 156540
230565 151620 231021 152220
230451 149220 230907 149820
227373 155460 227829 156060
226917 152100 227373 152700
34713 146340 64011 146940
93081 159780 95475 160380
93081 154980 95475 155580
93081 150180 95475 150780
231363 157860 233301 158460
227715 158340 229653 158940
219165 150660 221103 151260
235353 151140 235923 151740
230451 157860 231021 158460
228399 159300 228969 159900
223269 154500 223839 155100
233643 150180 233985 150780
232959 158820 233301 159420
228627 160260 228969 160860
223497 160260 223839 160860
237861 146340 238887 146940
228741 152580 229767 153180
205941 146820 206967 147420
227259 153060 228741 153660
15105 157860 18867 158460
15105 156900 18867 157500
15105 153060 18867 153660
15105 152100 18867 152700
513 148260 15219 148860
513 147300 15219 147900
513 146340 15219 146940
184053 160260 191463 160860
85785 155940 93195 156540
85785 151140 93195 151740
85785 146340 93195 146940
