132981 159300 206055 159900
132981 158340 206055 158940
132981 154500 206055 155100
132981 153540 206055 154140
132981 149700 206055 150300
132981 148740 206055 149340
57741 159300 130815 159900
57741 158340 130815 158940
57741 154500 130815 155100
57741 153540 130815 154140
57741 149700 130815 150300
57741 148740 130815 149340
513 159300 44403 159900
513 158340 44403 158940
513 154500 44403 155100
513 153540 44403 154140
513 149700 44403 150300
513 148740 44403 149340
168321 156900 170715 157500
168321 155940 170715 156540
168321 152100 170715 152700
168321 151140 170715 151740
168321 147300 170715 147900
168321 146340 170715 146940
130701 160260 133095 160860
130701 157380 133095 157980
130701 156420 133095 157020
130701 155460 133095 156060
130701 152580 133095 153180
130701 151620 133095 152220
130701 150660 133095 151260
130701 147780 133095 148380
130701 146820 133095 147420
192489 155940 214491 156540
192489 151140 214491 151740
192489 146340 214491 146940
63897 155940 85899 156540
63897 151140 85899 151740
63897 146340 85899 146940
29697 160260 51699 160860
29697 155460 51699 156060
29697 150660 51699 151260
233187 158820 234099 159420
232161 151140 233073 151740
229881 147300 230793 147900
229767 151620 230679 152220
229653 155460 230565 156060
228741 155940 229653 156540
228741 151620 229653 152220
228285 146820 229197 147420
226233 150660 227145 151260
226233 146340 227145 146940
226005 154980 226917 155580
223839 147300 224751 147900
223725 154500 224637 155100
223497 150660 224409 151260
221901 157860 222813 158460
221445 150660 222357 151260
220305 154020 221217 154620
220305 152100 221217 152700
208221 159300 215631 159900
208221 158340 215631 158940
208221 154500 215631 155100
208221 153540 215631 154140
208221 149700 215631 150300
208221 148740 215631 149340
191349 160260 198759 160860
147573 160260 154983 160860
147573 155460 154983 156060
147573 150660 154983 151260
65037 160260 72447 160860
27417 146340 34827 146940
15105 160260 22515 160860
15105 155460 22515 156060
15105 150660 22515 151260
235011 148740 238773 149340
215517 160260 219279 160860
215517 146820 219279 147420
51585 159300 55347 159900
51585 158340 55347 158940
51585 157380 55347 157980
51585 156420 55347 157020
51585 154500 55347 155100
51585 153540 55347 154140
51585 152580 55347 153180
51585 151620 55347 152220
51585 149700 55347 150300
51585 148740 55347 149340
51585 146820 55347 147420
15105 146340 18867 146940
232503 154500 233073 155100
230223 157380 230793 157980
227715 155460 228285 156060
227259 156420 227829 157020
226119 156900 226689 157500
223611 157380 224181 157980
220647 158340 221217 158940
236607 159300 237405 159900
236607 157380 237405 157980
236607 153540 237405 154140
235467 158340 236265 158940
235239 160260 236037 160860
234783 147780 235581 148380
232959 160260 233757 160860
232959 157380 233757 157980
232959 152100 233757 152700
232503 146340 233301 146940
230679 152580 231477 153180
229539 158340 230337 158940
226803 149700 227601 150300
226347 159300 227145 159900
225891 157860 226689 158460
224067 153540 224865 154140
223383 156420 224181 157020
221103 155940 221901 156540
220875 148740 221673 149340
220761 159780 221559 160380
220761 146340 221559 146940
218253 156420 219051 157020
218253 153540 219051 154140
218253 151620 219051 152220
233871 154020 235581 155100
233871 150180 235581 151260
233871 146340 235581 147420
233643 155940 235353 157020
231363 158820 233073 159900
231363 147300 233073 148380
230907 155940 232617 157020
224295 149220 226005 150300
221787 152100 223497 153180
221787 149220 223497 150300
236037 146340 237975 146940
235239 152580 237177 153180
235011 151620 236949 152220
226917 153540 228855 154140
226917 152580 228855 153180
225435 147780 227373 148380
225207 160260 227145 160860
224295 146340 226233 146940
222813 159300 224751 159900
221787 154980 223725 155580
221559 147300 223497 147900
220647 156900 222585 157500
218025 158820 219963 159420
218025 148260 219963 148860
215517 156420 217455 157020
215517 151620 217455 152220
53523 147780 55461 148380
236379 154500 237405 155100
236379 147300 237405 147900
236037 150660 237063 151260
235923 155940 236949 156540
235923 149700 236949 150300
234783 159300 235809 159900
233871 149220 234897 149820
232503 148740 233529 149340
230337 160260 231363 160860
230337 159300 231363 159900
230337 153540 231363 154140
230337 148740 231363 149340
230223 150660 231249 151260
229767 149700 230793 150300
227943 148740 228969 149340
227715 160260 228741 160860
227715 157380 228741 157980
227487 159300 228513 159900
225891 154020 226917 154620
225663 155940 226689 156540
223041 148260 224067 148860
222927 146340 223953 146940
219849 147300 220875 147900
218025 154980 219051 155580
218025 149220 219051 149820
15105 147780 16131 148380
237291 158340 238887 158940
237291 156420 238887 157020
237291 152580 238887 153180
237291 151620 238887 152220
237291 150660 238887 151260
237291 149700 238887 150300
235581 154980 236037 155580
235581 154020 236037 154620
227031 155460 227487 156060
232959 150180 233757 150780
231819 153540 232617 154140
224979 151140 225777 151740
224295 152100 225093 152700
220419 153060 221217 153660
219963 154980 220761 155580
219963 150180 220761 150780
219507 152100 220305 152700
235695 157380 236265 157980
234099 158340 234669 158940
232959 155460 233529 156060
232959 153540 233529 154140
231135 146340 231705 146940
230907 157860 231477 158460
230907 151620 231477 152220
227715 151620 228285 152220
227487 150660 228057 151260
227259 158340 227829 158940
225207 159300 225777 159900
224979 154980 225549 155580
224067 148260 224637 148860
223611 158340 224181 158940
222699 151140 223269 151740
222243 158820 222813 159420
218595 150180 219165 150780
221331 158820 221901 159420
220647 151140 221217 151740
513 157380 44403 157980
513 156420 44403 157020
513 152580 44403 153180
513 151620 44403 152220
206853 157380 215631 157980
206853 152580 215631 153180
16131 147780 17157 148380
236493 158340 237177 158940
229653 152580 230337 153180
228171 154500 228855 155100
226917 148740 227601 149340
222927 160260 223611 160860
219165 154500 219849 155100
238089 160260 238887 160860
228627 150180 228855 150780
56259 147780 56487 148380
235695 147300 236151 147900
225093 154020 225549 154620
205941 147780 208335 148380
93081 156900 95475 157500
93081 155940 95475 156540
93081 152100 95475 152700
93081 151140 95475 151740
93081 147300 95475 147900
93081 146340 95475 146940
238317 155460 238887 156060
230451 154500 231021 155100
56145 157380 57855 157980
56145 156420 57855 157020
56145 152580 57855 153180
56145 151620 57855 152220
56145 146820 57855 147420
230451 146340 230793 146940
228627 158820 228969 159420
225207 152580 225549 153180
56145 160260 56487 160860
56145 155460 56487 156060
56145 150660 56487 151260
205941 160260 206967 160860
18753 147300 20235 147900
184053 155460 191463 156060
184053 150660 191463 151260
139137 155940 146547 156540
139137 151140 146547 151740
139137 146340 146547 146940
116109 160260 123519 160860
116109 155460 123519 156060
116109 150660 123519 151260
