168321 158820 170715 159420
168321 154020 170715 154620
168321 149220 170715 149820
130701 159300 133095 159900
130701 158340 133095 158940
130701 154500 133095 155100
130701 153540 133095 154140
130701 149700 133095 150300
130701 148740 133095 149340
170601 159780 192603 160380
170601 154980 192603 155580
170601 150180 192603 150780
146433 159780 168435 160380
146433 154980 168435 155580
146433 150180 168435 150780
123405 160260 130815 160860
123405 155460 130815 156060
123405 150660 130815 151260
65037 155460 72447 156060
65037 150660 72447 151260
44289 159300 51699 159900
44289 158340 51699 158940
44289 154500 51699 155100
44289 153540 51699 154140
44289 149700 51699 150300
44289 148740 51699 149340
214377 159780 218139 160380
214377 158820 218139 159420
214377 154980 218139 155580
214377 154020 218139 154620
214377 150180 218139 150780
214377 149220 218139 149820
15105 158820 18867 159420
15105 154020 18867 154620
15105 149220 18867 149820
226575 155940 227373 156540
222927 157380 223725 157980
221103 154020 221901 154620
233643 159780 235353 160860
233643 156900 235353 157980
233415 148260 235125 149340
231363 150180 233073 151260
224067 155940 225777 157020
221787 155940 223497 157020
232275 154980 234213 155580
228627 146340 230565 146940
224295 150660 226233 151260
223269 154020 225207 154620
218025 147300 219963 147900
218025 146340 219963 146940
235695 153540 236721 154140
235239 155460 236265 156060
232503 158340 233529 158940
232503 156420 233529 157020
232503 154020 233529 154620
229539 156420 230565 157020
228627 151140 229653 151740
228627 147300 229653 147900
225891 158340 226917 158940
225891 149700 226917 150300
224523 148260 225549 148860
223611 154980 224637 155580
223383 152100 224409 152700
223383 149220 224409 149820
219849 159780 220875 160380
217341 156420 218367 157020
217341 151620 218367 152220
237291 159300 238887 159900
237291 156900 238887 157500
237291 154500 238887 155100
237291 153540 238887 154140
237291 149220 238887 149820
237291 147780 238887 148380
237291 146820 238887 147420
236265 159300 236721 159900
236151 158340 236607 158940
236151 147780 236607 148380
236037 154500 236493 155100
236037 149220 236493 149820
235923 160260 236379 160860
235923 152100 236379 152700
235809 151140 236265 151740
235695 158820 236151 159420
235011 151140 235467 151740
231819 148740 232617 149340
226119 159780 226917 160380
225207 147300 226005 147900
222699 158820 223497 159420
221103 158340 221901 158940
221103 154980 221901 155580
221103 153060 221901 153660
220419 155940 221217 156540
231477 159780 233073 160860
228855 159780 230451 160860
228855 153060 230451 154140
225435 152100 227031 153180
223725 159780 225321 160860
221559 148260 223155 149340
219165 156900 220761 157980
219051 149220 220647 150300
218937 153060 220533 154140
218937 151140 220533 152220
235467 149220 236037 149820
235467 147780 236037 148380
235011 158340 235581 158940
233643 151140 234213 151740
232959 152580 233529 153180
230907 153060 231477 153660
230679 148260 231249 148860
230223 158340 230793 158940
230223 151140 230793 151740
226803 154980 227373 155580
226803 154020 227373 154620
226575 156900 227145 157500
225435 154020 226005 154620
222927 146820 223497 147420
222699 150660 223269 151260
221103 147300 221673 147900
220191 158820 220761 159420
219507 154980 220077 155580
132981 157380 206055 157980
132981 156420 206055 157020
132981 152580 206055 153180
132981 151620 206055 152220
132981 147780 206055 148380
132981 146820 206055 147420
57741 157380 130815 157980
57741 156420 130815 157020
57741 152580 130815 153180
57741 151620 130815 152220
57741 147780 130815 148380
57741 146820 130815 147420
72333 160260 116223 160860
513 146820 44403 147420
206853 156420 215631 157020
206853 151620 215631 152220
206853 146820 215631 147420
56373 160260 65151 160860
18753 159780 27531 160380
18753 155940 27531 156540
18753 154980 27531 155580
18753 151140 27531 151740
18753 150180 27531 150780
236493 156420 237177 157020
235467 150180 236151 150780
230679 157380 231363 157980
229083 155460 229767 156060
225435 154980 226119 155580
222927 159780 223611 160380
219849 148260 220533 148860
219165 158340 219849 158940
237177 152100 237405 152700
236151 157380 236379 157980
236037 156420 236265 157020
235467 154020 235695 154620
231249 159300 231477 159900
230679 149700 230907 150300
228627 156900 228855 157500
228627 155940 228855 156540
223953 148260 224181 148860
236949 150660 237405 151260
235239 152100 235695 152700
233985 158820 234441 159420
227943 146820 228399 147420
226917 148260 227373 148860
221445 149700 221901 150300
218253 148740 218709 149340
17043 147780 46341 148380
205941 159300 208335 159900
205941 158340 208335 158940
205941 155460 208335 156060
205941 154500 208335 155100
205941 153540 208335 154140
205941 149700 208335 150300
205941 148740 208335 149340
93081 158820 95475 159420
93081 154020 95475 154620
93081 149220 95475 149820
236493 155460 238431 156060
228627 152100 230565 152700
228627 149220 230565 149820
235011 153060 235581 153660
232959 147300 233529 147900
230451 154020 231021 154620
227031 150660 227601 151260
226803 147300 227373 147900
222015 157380 222585 157980
220989 160260 221559 160860
220989 150660 221559 151260
227031 158820 228741 159420
227031 157860 228741 158460
56145 159300 57855 159900
56145 158340 57855 158940
56145 154500 57855 155100
56145 153540 57855 154140
56145 149700 57855 150300
56145 148740 57855 149340
237063 158340 237405 158940
235467 146340 235809 146940
233643 146820 233985 147420
228741 154500 229083 155100
228627 148260 228969 148860
225891 156900 226233 157500
225663 159300 226005 159900
224067 158340 224409 158940
513 154980 855 155580
237861 157860 238887 158460
205941 150660 206967 151260
55347 147780 56373 148380
55233 160260 56259 160860
55233 157380 56259 157980
55233 156420 56259 157020
55233 155460 56259 156060
55233 152580 56259 153180
55233 151620 56259 152220
55233 150660 56259 151260
55233 146820 56259 147420
227259 159780 228741 160380
18753 157860 20235 158460
18753 156900 20235 157500
18753 153060 20235 153660
18753 152100 20235 152700
214377 153060 218139 153660
1995 154980 16701 155580
513 160260 15219 160860
513 157860 15219 158460
513 156900 15219 157500
513 155940 15219 156540
513 153060 15219 153660
513 152100 15219 152700
513 151140 15219 151740
513 150180 15219 150780
513 147780 15219 148380
198645 160260 206055 160860
85785 154980 93195 155580
85785 150180 93195 150780
44289 157380 51699 157980
44289 156420 51699 157020
44289 152580 51699 153180
44289 151620 51699 152220
