39159 1129380 40185 1129980
36993 1129860 38931 1130460
15105 1146180 51699 1146780
15105 1145220 51699 1145820
15105 1141380 51699 1141980
15105 1140420 51699 1141020
15105 1136580 51699 1137180
15105 1135620 51699 1136220
15105 1131780 51699 1132380
15105 1126980 51699 1127580
15105 1126020 51699 1126620
34713 1148580 56715 1149180
34713 1143780 56715 1144380
34713 1138980 56715 1139580
34713 1134180 56715 1134780
34713 1124580 56715 1125180
15105 1130340 20235 1130940
20121 1128420 49419 1129020
513 1148100 29811 1148700
513 1147140 29811 1147740
513 1143300 29811 1143900
513 1142340 29811 1142940
513 1138500 29811 1139100
513 1137540 29811 1138140
513 1133700 29811 1134300
513 1132740 29811 1133340
513 1124100 29811 1124700
513 1123140 29811 1123740
40983 1129860 55689 1130460
56145 1130820 56487 1131420
56145 1127940 56487 1128540
51585 1130820 55347 1131420
51585 1128900 55347 1129500
51585 1127940 55347 1128540
49305 1147620 56715 1148220
49305 1142820 56715 1143420
49305 1138020 56715 1138620
49305 1133220 56715 1133820
49305 1123620 56715 1124220
15105 1149060 22515 1149660
15105 1144260 22515 1144860
15105 1139460 22515 1140060
15105 1134660 22515 1135260
15105 1125060 22515 1125660
