40071 1129860 41097 1130460
38817 1129860 39843 1130460
36993 1128900 51699 1129500
20121 1148580 34827 1149180
20121 1144740 34827 1145340
20121 1143780 34827 1144380
20121 1139940 34827 1140540
20121 1138980 34827 1139580
20121 1135140 34827 1135740
20121 1134180 34827 1134780
20121 1130340 34827 1130940
20121 1129380 34827 1129980
20121 1125540 34827 1126140
20121 1124580 34827 1125180
20121 1146660 56715 1147260
20121 1145700 56715 1146300
20121 1141860 56715 1142460
20121 1140900 56715 1141500
20121 1137060 56715 1137660
20121 1136100 56715 1136700
20121 1132260 56715 1132860
20121 1131300 56715 1131900
20121 1127460 56715 1128060
20121 1126500 56715 1127100
20121 1147620 49419 1148220
20121 1142820 49419 1143420
20121 1138020 49419 1138620
20121 1133220 49419 1133820
20121 1123620 49419 1124220
513 1147620 15219 1148220
513 1142820 15219 1143420
513 1138020 15219 1138620
513 1133220 15219 1133820
513 1128420 15219 1129020
513 1123620 15219 1124220
513 1148580 15219 1149660
513 1144740 15219 1145820
513 1139940 15219 1141020
513 1135140 15219 1136220
513 1131300 15219 1132380
513 1129380 15219 1130460
513 1125540 15219 1126620
36993 1149060 51699 1149660
36993 1144260 51699 1144860
36993 1139460 51699 1140060
36993 1134660 51699 1135260
36993 1125060 51699 1125660
513 1146660 15219 1147260
513 1141860 15219 1142460
513 1137060 15219 1137660
513 1127460 15219 1128060
56145 1129860 56487 1130460
56145 1128900 56487 1129500
