34713 1144740 56715 1145340
34713 1139940 56715 1140540
34713 1135140 56715 1135740
34713 1130340 56715 1130940
34713 1125540 56715 1126140
513 1128900 29811 1129500
513 1127940 29811 1128540
513 1143780 15219 1144860
513 1138980 15219 1140060
513 1134180 15219 1135260
513 1130340 15219 1131420
513 1124580 15219 1125660
15105 1146660 18867 1147260
15105 1145700 18867 1146300
15105 1141860 18867 1142460
15105 1140900 18867 1141500
15105 1137060 18867 1137660
15105 1136100 18867 1136700
15105 1132260 18867 1132860
15105 1126500 18867 1127100
38931 1129380 39273 1129980
34713 1129380 38475 1129980
18753 1131300 20235 1131900
49305 1128420 56715 1129020
44289 1148100 51699 1148700
44289 1147140 51699 1147740
44289 1143300 51699 1143900
44289 1142340 51699 1142940
44289 1138500 51699 1139100
44289 1137540 51699 1138140
44289 1133700 51699 1134300
44289 1132740 51699 1133340
44289 1124100 51699 1124700
44289 1123140 51699 1123740
40071 1129380 47481 1129980
