39729 1129860 40185 1130460
55575 1129860 56259 1130460
38361 1129380 39045 1129980
55233 1130820 56259 1131420
55233 1128900 56259 1129500
55233 1127940 56259 1128540
51585 1149060 56487 1149660
51585 1148100 56487 1148700
51585 1147140 56487 1147740
51585 1146180 56487 1146780
51585 1145220 56487 1145820
51585 1144260 56487 1144860
51585 1143300 56487 1143900
51585 1142340 56487 1142940
51585 1141380 56487 1141980
51585 1140420 56487 1141020
51585 1139460 56487 1140060
51585 1138500 56487 1139100
51585 1137540 56487 1138140
51585 1136580 56487 1137180
51585 1135620 56487 1136220
51585 1134660 56487 1135260
51585 1133700 56487 1134300
51585 1132740 56487 1133340
51585 1131780 56487 1132380
51585 1126980 56487 1127580
51585 1126020 56487 1126620
51585 1125060 56487 1125660
51585 1124100 56487 1124700
51585 1123140 56487 1123740
22401 1149060 37107 1149660
22401 1144260 37107 1144860
22401 1139460 37107 1140060
22401 1134660 37107 1135260
22401 1129860 37107 1130460
22401 1125060 37107 1125660
15105 1130820 51699 1131420
15105 1148580 20235 1149180
15105 1147620 20235 1148220
15105 1144740 20235 1145340
15105 1143780 20235 1144380
15105 1142820 20235 1143420
15105 1139940 20235 1140540
15105 1138980 20235 1139580
15105 1138020 20235 1138620
15105 1135140 20235 1135740
15105 1134180 20235 1134780
15105 1133220 20235 1133820
15105 1129380 20235 1129980
15105 1128420 20235 1129020
15105 1125540 20235 1126140
15105 1124580 20235 1125180
15105 1123620 20235 1124220
29697 1148100 44403 1148700
29697 1147140 44403 1147740
29697 1143300 44403 1143900
29697 1142340 44403 1142940
29697 1138500 44403 1139100
29697 1137540 44403 1138140
29697 1133700 44403 1134300
29697 1132740 44403 1133340
29697 1127940 44403 1128540
29697 1124100 44403 1124700
29697 1123140 44403 1123740
513 1145700 15219 1146780
513 1140900 15219 1141980
513 1136100 15219 1137180
513 1126500 15219 1127580
513 1132260 15219 1132860
18753 1146660 20235 1147260
18753 1145700 20235 1146300
18753 1141860 20235 1142460
18753 1140900 20235 1141500
18753 1137060 20235 1137660
18753 1136100 20235 1136700
18753 1132260 20235 1132860
18753 1127460 20235 1128060
18753 1126500 20235 1127100
29697 1128900 37107 1129500
47367 1129380 54777 1129980
