35008 30258 59326 30810
35008 -914 59326 -362
59584 30258 71614 30810
59584 -914 71614 -362
71872 30258 77758 30810
71872 -914 77758 -362
33138 22229 34050 30147
33138 6933 34050 14851
25010 11822 25474 24154
79872 30258 81150 30810
79872 -914 81150 -362
78016 30258 79294 30810
78016 -914 79294 -362
18432 15868 22782 18060
18432 11836 22782 14028
12288 -260 24318 7980
0 15868 12030 24108
0 -260 12030 7980
12288 25948 24318 30156
0 27964 12030 30156
12288 15868 18174 18060
12288 11836 18174 14028
12288 30156 24318 30468
12288 -572 24318 -260
0 30156 12030 30468
0 -572 12030 -260
