21240 3298 21772 3618
21240 -122 21772 198
20520 3298 21052 3618
20520 -122 21052 198
19800 3298 20332 3618
19800 -122 20332 198
19080 3298 19612 3618
19080 -122 19612 198
18360 3298 18892 3618
18360 -122 18892 198
17640 3298 18172 3618
17640 -122 18172 198
16920 3298 17452 3618
16920 -122 17452 198
16200 3298 16732 3618
16200 -122 16732 198
15480 3298 16012 3618
15480 -122 16012 198
14760 3298 15292 3618
14760 -122 15292 198
14040 3298 14572 3618
14040 -122 14572 198
13320 3298 13852 3618
13320 -122 13852 198
12600 3298 13132 3618
12600 -122 13132 198
11880 3298 12412 3618
11880 -122 12412 198
11160 3298 11692 3618
11160 -122 11692 198
10440 3298 10972 3618
10440 -122 10972 198
9720 3298 10252 3618
9720 -122 10252 198
9000 3298 9532 3618
9000 -122 9532 198
8280 3298 8812 3618
8280 -122 8812 198
7560 3298 8092 3618
7560 -122 8092 198
6840 3298 7372 3618
6840 -122 7372 198
6120 3298 6652 3618
6120 -122 6652 198
5400 3298 5932 3618
5400 -122 5932 198
4680 3298 5212 3618
4680 -122 5212 198
3960 3298 4492 3618
3960 -122 4492 198
3240 3298 3772 3618
3240 -122 3772 198
2520 3298 3052 3618
2520 -122 3052 198
1800 3298 2332 3618
1800 -122 2332 198
1080 3298 1612 3618
1080 -122 1612 198
360 3298 892 3618
360 -122 892 198
