21240 3358 21772 3678
21240 -62 21772 258
20520 3358 21052 3678
20520 -62 21052 258
19800 3358 20332 3678
19800 -62 20332 258
19080 3358 19612 3678
19080 -62 19612 258
18360 3358 18892 3678
18360 -62 18892 258
17640 3358 18172 3678
17640 -62 18172 258
16920 3358 17452 3678
16920 -62 17452 258
16200 3358 16732 3678
16200 -62 16732 258
15480 3358 16012 3678
15480 -62 16012 258
14760 3358 15292 3678
14760 -62 15292 258
14040 3358 14572 3678
14040 -62 14572 258
13320 3358 13852 3678
13320 -62 13852 258
12600 3358 13132 3678
12600 -62 13132 258
11880 3358 12412 3678
11880 -62 12412 258
11160 3358 11692 3678
11160 -62 11692 258
10440 3358 10972 3678
10440 -62 10972 258
9720 3358 10252 3678
9720 -62 10252 258
9000 3358 9532 3678
9000 -62 9532 258
8280 3358 8812 3678
8280 -62 8812 258
7560 3358 8092 3678
7560 -62 8092 258
6840 3358 7372 3678
6840 -62 7372 258
6120 3358 6652 3678
6120 -62 6652 258
5400 3358 5932 3678
5400 -62 5932 258
4680 3358 5212 3678
4680 -62 5212 258
3960 3358 4492 3678
3960 -62 4492 258
3240 3358 3772 3678
3240 -62 3772 258
2520 3358 3052 3678
2520 -62 3052 258
1800 3358 2332 3678
1800 -62 2332 258
1080 3358 1612 3678
1080 -62 1612 258
360 3358 892 3678
360 -62 892 258
