21600 3238 22132 3558
21600 -182 22132 138
20880 3238 21412 3558
20880 -182 21412 138
20160 3238 20692 3558
20160 -182 20692 138
19440 3238 19972 3558
19440 -182 19972 138
18720 3238 19252 3558
18720 -182 19252 138
18000 3238 18532 3558
18000 -182 18532 138
17280 3238 17812 3558
17280 -182 17812 138
16560 3238 17092 3558
16560 -182 17092 138
15840 3238 16372 3558
15840 -182 16372 138
15120 3238 15652 3558
15120 -182 15652 138
14400 3238 14932 3558
14400 -182 14932 138
13680 3238 14212 3558
13680 -182 14212 138
12960 3238 13492 3558
12960 -182 13492 138
12240 3238 12772 3558
12240 -182 12772 138
11520 3238 12052 3558
11520 -182 12052 138
10800 3238 11332 3558
10800 -182 11332 138
10080 3238 10612 3558
10080 -182 10612 138
9360 3238 9892 3558
9360 -182 9892 138
8640 3238 9172 3558
8640 -182 9172 138
7920 3238 8452 3558
7920 -182 8452 138
7200 3238 7732 3558
7200 -182 7732 138
6480 3238 7012 3558
6480 -182 7012 138
5760 3238 6292 3558
5760 -182 6292 138
5040 3238 5572 3558
5040 -182 5572 138
4320 3238 4852 3558
4320 -182 4852 138
3600 3238 4132 3558
3600 -182 4132 138
2880 3238 3412 3558
2880 -182 3412 138
2160 3238 2692 3558
2160 -182 2692 138
1440 3238 1972 3558
1440 -182 1972 138
720 3238 1252 3558
720 -182 1252 138
0 3238 532 3558
0 -182 532 138
