21240 3478 21772 3798
21240 58 21772 378
20520 3478 21052 3798
20520 58 21052 378
19800 3478 20332 3798
19800 58 20332 378
19080 3478 19612 3798
19080 58 19612 378
18360 3478 18892 3798
18360 58 18892 378
17640 3478 18172 3798
17640 58 18172 378
16920 3478 17452 3798
16920 58 17452 378
16200 3478 16732 3798
16200 58 16732 378
15480 3478 16012 3798
15480 58 16012 378
14760 3478 15292 3798
14760 58 15292 378
14040 3478 14572 3798
14040 58 14572 378
13320 3478 13852 3798
13320 58 13852 378
12600 3478 13132 3798
12600 58 13132 378
11880 3478 12412 3798
11880 58 12412 378
11160 3478 11692 3798
11160 58 11692 378
10440 3478 10972 3798
10440 58 10972 378
9720 3478 10252 3798
9720 58 10252 378
9000 3478 9532 3798
9000 58 9532 378
8280 3478 8812 3798
8280 58 8812 378
7560 3478 8092 3798
7560 58 8092 378
6840 3478 7372 3798
6840 58 7372 378
6120 3478 6652 3798
6120 58 6652 378
5400 3478 5932 3798
5400 58 5932 378
4680 3478 5212 3798
4680 58 5212 378
3960 3478 4492 3798
3960 58 4492 378
3240 3478 3772 3798
3240 58 3772 378
2520 3478 3052 3798
2520 58 3052 378
1800 3478 2332 3798
1800 58 2332 378
1080 3478 1612 3798
1080 58 1612 378
360 3478 892 3798
360 58 892 378
