21240 3238 21772 3558
21240 -182 21772 138
20520 3238 21052 3558
20520 -182 21052 138
19800 3238 20332 3558
19800 -182 20332 138
19080 3238 19612 3558
19080 -182 19612 138
18360 3238 18892 3558
18360 -182 18892 138
17640 3238 18172 3558
17640 -182 18172 138
16920 3238 17452 3558
16920 -182 17452 138
16200 3238 16732 3558
16200 -182 16732 138
15480 3238 16012 3558
15480 -182 16012 138
14760 3238 15292 3558
14760 -182 15292 138
14040 3238 14572 3558
14040 -182 14572 138
13320 3238 13852 3558
13320 -182 13852 138
12600 3238 13132 3558
12600 -182 13132 138
11880 3238 12412 3558
11880 -182 12412 138
11160 3238 11692 3558
11160 -182 11692 138
10440 3238 10972 3558
10440 -182 10972 138
9720 3238 10252 3558
9720 -182 10252 138
9000 3238 9532 3558
9000 -182 9532 138
8280 3238 8812 3558
8280 -182 8812 138
7560 3238 8092 3558
7560 -182 8092 138
6840 3238 7372 3558
6840 -182 7372 138
6120 3238 6652 3558
6120 -182 6652 138
5400 3238 5932 3558
5400 -182 5932 138
4680 3238 5212 3558
4680 -182 5212 138
3960 3238 4492 3558
3960 -182 4492 138
3240 3238 3772 3558
3240 -182 3772 138
2520 3238 3052 3558
2520 -182 3052 138
1800 3238 2332 3558
1800 -182 2332 138
1080 3238 1612 3558
1080 -182 1612 138
360 3238 892 3558
360 -182 892 138
