21240 3418 21772 3738
21240 -2 21772 318
20520 3418 21052 3738
20520 -2 21052 318
19800 3418 20332 3738
19800 -2 20332 318
19080 3418 19612 3738
19080 -2 19612 318
18360 3418 18892 3738
18360 -2 18892 318
17640 3418 18172 3738
17640 -2 18172 318
16920 3418 17452 3738
16920 -2 17452 318
16200 3418 16732 3738
16200 -2 16732 318
15480 3418 16012 3738
15480 -2 16012 318
14760 3418 15292 3738
14760 -2 15292 318
14040 3418 14572 3738
14040 -2 14572 318
13320 3418 13852 3738
13320 -2 13852 318
12600 3418 13132 3738
12600 -2 13132 318
11880 3418 12412 3738
11880 -2 12412 318
11160 3418 11692 3738
11160 -2 11692 318
10440 3418 10972 3738
10440 -2 10972 318
9720 3418 10252 3738
9720 -2 10252 318
9000 3418 9532 3738
9000 -2 9532 318
8280 3418 8812 3738
8280 -2 8812 318
7560 3418 8092 3738
7560 -2 8092 318
6840 3418 7372 3738
6840 -2 7372 318
6120 3418 6652 3738
6120 -2 6652 318
5400 3418 5932 3738
5400 -2 5932 318
4680 3418 5212 3738
4680 -2 5212 318
3960 3418 4492 3738
3960 -2 4492 318
3240 3418 3772 3738
3240 -2 3772 318
2520 3418 3052 3738
2520 -2 3052 318
1800 3418 2332 3738
1800 -2 2332 318
1080 3418 1612 3738
1080 -2 1612 318
360 3418 892 3738
360 -2 892 318
