21240 3538 21772 3858
21240 118 21772 438
20520 3538 21052 3858
20520 118 21052 438
19800 3538 20332 3858
19800 118 20332 438
19080 3538 19612 3858
19080 118 19612 438
18360 3538 18892 3858
18360 118 18892 438
17640 3538 18172 3858
17640 118 18172 438
16920 3538 17452 3858
16920 118 17452 438
16200 3538 16732 3858
16200 118 16732 438
15480 3538 16012 3858
15480 118 16012 438
14760 3538 15292 3858
14760 118 15292 438
14040 3538 14572 3858
14040 118 14572 438
13320 3538 13852 3858
13320 118 13852 438
12600 3538 13132 3858
12600 118 13132 438
11880 3538 12412 3858
11880 118 12412 438
11160 3538 11692 3858
11160 118 11692 438
10440 3538 10972 3858
10440 118 10972 438
9720 3538 10252 3858
9720 118 10252 438
9000 3538 9532 3858
9000 118 9532 438
8280 3538 8812 3858
8280 118 8812 438
7560 3538 8092 3858
7560 118 8092 438
6840 3538 7372 3858
6840 118 7372 438
6120 3538 6652 3858
6120 118 6652 438
5400 3538 5932 3858
5400 118 5932 438
4680 3538 5212 3858
4680 118 5212 438
3960 3538 4492 3858
3960 118 4492 438
3240 3538 3772 3858
3240 118 3772 438
2520 3538 3052 3858
2520 118 3052 438
1800 3538 2332 3858
1800 118 2332 438
1080 3538 1612 3858
1080 118 1612 438
360 3538 892 3858
360 118 892 438
