283461 692100 320055 692700
283461 691140 320055 691740
283461 687300 320055 687900
283461 686340 320055 686940
283461 682500 320055 683100
283461 681540 320055 682140
283461 677700 320055 678300
283461 676740 320055 677340
283461 672900 320055 673500
283461 671940 320055 672540
283461 668100 320055 668700
283461 667140 320055 667740
56601 691620 93195 692220
56601 686820 93195 687420
56601 682020 93195 682620
56601 677220 93195 677820
56601 672420 93195 673020
56601 667620 93195 668220
275025 688740 304323 689340
275025 683940 304323 684540
275025 679140 304323 679740
275025 674340 304323 674940
275025 669540 304323 670140
169461 693060 198759 693660
169461 688260 198759 688860
169461 683460 198759 684060
169461 678660 198759 679260
169461 673860 198759 674460
169461 669060 198759 669660
124545 688740 153843 689340
124545 683940 153843 684540
124545 679140 153843 679740
124545 674340 153843 674940
124545 669540 153843 670140
124545 692580 153843 693180
124545 687780 153843 688380
124545 682980 153843 683580
124545 678180 153843 678780
124545 673380 153843 673980
124545 668580 153843 669180
153729 690660 245955 691260
153729 689700 245955 690300
153729 685860 245955 686460
153729 684900 245955 685500
153729 681060 245955 681660
153729 680100 245955 680700
153729 676260 245955 676860
153729 675300 245955 675900
153729 671460 245955 672060
153729 670500 245955 671100
236265 692580 275139 693180
236265 687780 275139 688380
236265 682980 275139 683580
236265 678180 275139 678780
236265 673380 275139 673980
236265 668580 275139 669180
95361 691620 245955 692220
95361 686820 245955 687420
95361 682020 245955 682620
95361 677220 245955 677820
95361 672420 245955 673020
95361 667620 245955 668220
266589 690180 283575 690780
266589 685380 283575 685980
266589 680580 283575 681180
266589 675780 283575 676380
266589 670980 283575 671580
283461 693060 305463 693660
199785 692580 221787 693180
199785 688740 221787 689340
199785 687780 221787 688380
199785 683940 221787 684540
199785 682980 221787 683580
199785 679140 221787 679740
199785 678180 221787 678780
199785 674340 221787 674940
199785 673380 221787 673980
199785 669540 221787 670140
199785 668580 221787 669180
85785 690660 95475 691260
85785 689700 95475 690300
85785 685860 95475 686460
85785 684900 95475 685500
85785 681060 95475 681660
85785 680100 95475 680700
85785 676260 95475 676860
85785 675300 95475 675900
85785 671460 95475 672060
85785 670500 95475 671100
71193 692580 87039 693660
71193 687780 87039 688860
71193 682980 87039 684060
71193 678180 87039 679260
71193 673380 87039 674460
71193 668580 87039 669660
318801 689700 319827 690300
318801 688740 319827 689340
318801 684900 319827 685500
318801 683940 319827 684540
318801 680100 319827 680700
318801 679140 319827 679740
318801 675300 319827 675900
318801 674340 319827 674940
318801 670500 319827 671100
318801 669540 319827 670140
57741 690180 72447 690780
57741 689220 72447 689820
57741 685380 72447 685980
57741 684420 72447 685020
57741 680580 72447 681180
57741 679620 72447 680220
57741 675780 72447 676380
57741 674820 72447 675420
57741 670980 72447 671580
57741 670020 72447 670620
56373 693060 57855 693660
56373 688260 57855 688860
56373 683460 57855 684060
56373 678660 57855 679260
56373 673860 57855 674460
56373 669060 57855 669660
