153729 688740 170715 689340
153729 683940 170715 684540
153729 679140 170715 679740
153729 674340 170715 674940
153729 669540 170715 670140
93081 691620 95475 692220
93081 686820 95475 687420
93081 682020 95475 682620
93081 677220 95475 677820
93081 672420 95475 673020
93081 667620 95475 668220
304209 687780 320055 688860
304209 682980 320055 684060
304209 678180 320055 679260
304209 673380 320055 674460
304209 668580 320055 669660
221673 687780 237519 688860
221673 682980 237519 684060
221673 678180 237519 679260
221673 673380 237519 674460
221673 668580 237519 669660
153729 692580 169575 693660
95361 689700 153843 690300
95361 684900 153843 685500
95361 680100 153843 680700
95361 675300 153843 675900
95361 670500 153843 671100
208221 692100 283575 692700
281181 688260 283575 688860
281181 683460 283575 684060
281181 678660 283575 679260
281181 673860 283575 674460
281181 669060 283575 669660
168321 687780 170715 688380
168321 682980 170715 683580
168321 678180 170715 678780
168321 673380 170715 673980
168321 668580 170715 669180
283461 689220 312759 689820
283461 684420 312759 685020
283461 679620 312759 680220
283461 674820 312759 675420
283461 670020 312759 670620
237405 689220 266703 689820
237405 684420 266703 685020
237405 679620 266703 680220
237405 674820 266703 675420
237405 670020 266703 670620
86925 688260 116223 688860
86925 683460 116223 684060
86925 678660 116223 679260
86925 673860 116223 674460
86925 669060 116223 669660
266589 693060 281295 693660
208221 693060 222927 693660
116109 693060 130815 693660
56601 692580 71307 693180
56601 688740 71307 689340
56601 687780 71307 688380
56601 683940 71307 684540
56601 682980 71307 683580
56601 679140 71307 679740
56601 678180 71307 678780
56601 674340 71307 674940
56601 673380 71307 673980
56601 669540 71307 670140
56601 668580 71307 669180
304209 690660 318915 691260
304209 685860 318915 686460
304209 681060 318915 681660
304209 676260 318915 676860
304209 671460 318915 672060
56601 689700 71307 690300
56601 684900 71307 685500
56601 680100 71307 680700
56601 675300 71307 675900
56601 670500 71307 671100
56373 691140 57855 691740
56373 686340 57855 686940
56373 681540 57855 682140
56373 676740 57855 677340
56373 671940 57855 672540
