275025 692580 304323 693180
275025 687780 304323 688380
275025 682980 304323 683580
275025 678180 304323 678780
275025 673380 304323 673980
275025 668580 304323 669180
170601 692580 199899 693180
170601 688740 199899 689340
170601 687780 199899 688380
170601 683940 199899 684540
170601 682980 199899 683580
170601 679140 199899 679740
170601 678180 199899 678780
170601 674340 199899 674940
170601 673380 199899 673980
170601 669540 199899 670140
170601 668580 199899 669180
116109 690180 208335 690780
116109 685380 208335 685980
116109 680580 208335 681180
116109 675780 208335 676380
116109 670980 208335 671580
236265 688740 275139 689340
236265 683940 275139 684540
236265 679140 275139 679740
236265 674340 275139 674940
236265 669540 275139 670140
85785 692580 124659 693180
85785 688740 124659 689340
85785 687780 124659 688380
85785 683940 124659 684540
85785 682980 124659 683580
85785 679140 124659 679740
85785 678180 124659 678780
85785 674340 124659 674940
85785 673380 124659 673980
85785 669540 124659 670140
85785 668580 124659 669180
57741 691140 208335 691740
57741 686340 208335 686940
57741 681540 208335 682140
57741 676740 208335 677340
57741 671940 208335 672540
57741 667140 208335 667740
132981 693060 154983 693660
132981 688260 154983 688860
132981 683460 154983 684060
132981 678660 154983 679260
132981 673860 154983 674460
132981 669060 154983 669660
221673 692580 237519 693660
71193 689700 87039 690780
71193 684900 87039 685980
71193 680100 87039 681180
71193 675300 87039 676380
71193 670500 87039 671580
245841 690660 304323 691260
245841 689700 304323 690300
245841 685860 304323 686460
245841 684900 304323 685500
245841 681060 304323 681660
245841 680100 304323 680700
245841 676260 304323 676860
245841 675300 304323 675900
245841 671460 304323 672060
245841 670500 304323 671100
245841 691620 304323 692220
245841 686820 304323 687420
245841 682020 304323 682620
245841 677220 304323 677820
245841 672420 304323 673020
245841 667620 304323 668220
318801 692580 319827 693180
318801 691620 319827 692220
318801 690660 319827 691260
318801 687780 319827 688380
318801 686820 319827 687420
318801 685860 319827 686460
318801 682980 319827 683580
318801 682020 319827 682620
318801 681060 319827 681660
318801 678180 319827 678780
318801 677220 319827 677820
318801 676260 319827 676860
318801 673380 319827 673980
318801 672420 319827 673020
318801 671460 319827 672060
318801 668580 319827 669180
318801 667620 319827 668220
208221 688260 222927 688860
208221 683460 222927 684060
208221 678660 222927 679260
208221 673860 222927 674460
208221 669060 222927 669660
57741 693060 72447 693660
57741 688260 72447 688860
57741 683460 72447 684060
57741 678660 72447 679260
57741 673860 72447 674460
57741 669060 72447 669660
304209 688740 318915 689340
304209 683940 318915 684540
304209 679140 318915 679740
304209 674340 318915 674940
304209 669540 318915 670140
208221 689220 222927 689820
208221 684420 222927 685020
208221 679620 222927 680220
208221 674820 222927 675420
208221 670020 222927 670620
56373 692100 57855 692700
56373 690180 57855 690780
56373 689220 57855 689820
56373 687300 57855 687900
56373 685380 57855 685980
56373 684420 57855 685020
56373 682500 57855 683100
56373 680580 57855 681180
56373 679620 57855 680220
56373 677700 57855 678300
56373 675780 57855 676380
56373 674820 57855 675420
56373 672900 57855 673500
56373 670980 57855 671580
56373 670020 57855 670620
56373 668100 57855 668700
