153729 687780 169575 688860
153729 682980 169575 684060
153729 678180 169575 679260
153729 673380 169575 674460
153729 668580 169575 669660
208221 687300 283575 687900
208221 682500 283575 683100
208221 677700 283575 678300
208221 672900 283575 673500
208221 668100 283575 668700
168321 692580 170715 693180
237405 688260 266703 688860
237405 683460 266703 684060
237405 678660 266703 679260
237405 673860 266703 674460
237405 669060 266703 669660
86925 690180 116223 690780
86925 689220 116223 689820
86925 685380 116223 685980
86925 684420 116223 685020
86925 680580 116223 681180
86925 679620 116223 680220
86925 675780 116223 676380
86925 674820 116223 675420
86925 670980 116223 671580
86925 670020 116223 670620
116109 688260 130815 688860
116109 683460 130815 684060
116109 678660 130815 679260
116109 673860 130815 674460
116109 669060 130815 669660
304209 689700 318915 690300
304209 684900 318915 685500
304209 680100 318915 680700
304209 675300 318915 675900
304209 670500 318915 671100
