116109 689220 208335 689820
116109 684420 208335 685020
116109 679620 208335 680220
116109 674820 208335 675420
116109 670020 208335 670620
57741 692100 208335 692700
57741 687300 208335 687900
57741 682500 208335 683100
57741 677700 208335 678300
57741 672900 208335 673500
57741 668100 208335 668700
266589 689220 283575 689820
266589 684420 283575 685020
266589 679620 283575 680220
266589 674820 283575 675420
266589 670020 283575 670620
283461 688260 305463 688860
283461 683460 305463 684060
283461 678660 305463 679260
283461 673860 305463 674460
283461 669060 305463 669660
198645 693060 208335 693660
198645 688260 208335 688860
198645 683460 208335 684060
198645 678660 208335 679260
198645 673860 208335 674460
198645 669060 208335 669660
304209 692580 320055 693660
221673 688740 237519 689820
221673 683940 237519 685020
221673 679140 237519 680220
221673 674340 237519 675420
221673 669540 237519 670620
71193 688740 87039 689820
71193 683940 87039 685020
71193 679140 87039 680220
71193 674340 87039 675420
71193 669540 87039 670620
208221 690180 266703 690780
208221 685380 266703 685980
208221 680580 266703 681180
208221 675780 266703 676380
208221 670980 266703 671580
95361 690660 153843 691260
95361 685860 153843 686460
95361 681060 153843 681660
95361 676260 153843 676860
95361 671460 153843 672060
208221 691140 283575 691740
208221 686340 283575 686940
208221 681540 283575 682140
208221 676740 283575 677340
208221 671940 283575 672540
208221 667140 283575 667740
281181 693060 283575 693660
130701 693060 133095 693660
130701 688260 133095 688860
130701 683460 133095 684060
130701 678660 133095 679260
130701 673860 133095 674460
130701 669060 133095 669660
283461 690180 312759 690780
283461 685380 312759 685980
283461 680580 312759 681180
283461 675780 312759 676380
283461 670980 312759 671580
237405 693060 266703 693660
86925 693060 116223 693660
56601 690660 85899 691260
56601 685860 85899 686460
56601 681060 85899 681660
56601 676260 85899 676860
56601 671460 85899 672060
266589 688260 281295 688860
266589 683460 281295 684060
266589 678660 281295 679260
266589 673860 281295 674460
266589 669060 281295 669660
304209 691620 318915 692220
304209 686820 318915 687420
304209 682020 318915 682620
304209 677220 318915 677820
304209 672420 318915 673020
304209 667620 318915 668220
56373 667140 57855 667740
312645 689220 320055 689820
312645 684420 320055 685020
312645 679620 320055 680220
312645 674820 320055 675420
312645 670020 320055 670620
