926535 1150500 927903 1151580
916503 1140900 917871 1141980
911601 1130340 912969 1131420
911373 1140900 912741 1141980
909891 1160100 911259 1161180
918099 1150020 919125 1150620
902139 1147620 902481 1148220
888687 1146660 889029 1147260
914565 1138500 915021 1139100
891081 1145700 891537 1146300
899859 1141860 900429 1142460
925965 1155300 926763 1155900
908181 1130340 909321 1130940
940101 1158180 940785 1158780
903165 1162020 903849 1162620
893931 1147140 894615 1147740
903735 1149060 903963 1149660
939417 1158660 939645 1159260
914907 1136100 915135 1136700
896895 1138020 897123 1138620
939417 1159620 940215 1160220
935883 1146180 936681 1146780
938391 1147140 939075 1147740
924483 1141860 925167 1142460
918441 1136100 919125 1136700
911031 1136100 911715 1136700
895983 1147620 896667 1148220
893247 1138020 893931 1138620
932691 1161540 934059 1162140
906243 1162980 907611 1163580
897123 1155300 898149 1155900
946257 1126500 946713 1127100
931323 1135620 931779 1136220
929385 1144740 929841 1145340
928587 1148100 929043 1148700
917187 1147620 917643 1148220
916959 1135140 917415 1135740
911259 1127940 911715 1128540
954465 1134660 957315 1135260
991173 1141860 993111 1142460
890169 1147140 891651 1147740
887547 1143780 889029 1144380
1002345 1126980 1004283 1127580
999039 1136580 1000977 1137180
998241 1138020 1000179 1138620
928017 1131300 929955 1131900
910119 1128900 912057 1129500
889371 1158660 891309 1159260
921177 1141860 923115 1142460
948879 1155780 949449 1156380
946371 1158660 946941 1159260
932349 1127460 932919 1128060
923571 1134180 924141 1134780
918669 1140420 919239 1141020
912627 1148580 913197 1149180
910119 1129860 910689 1130460
903507 1153380 904077 1153980
896097 1144260 896667 1144860
893703 1148580 894273 1149180
893589 1128900 894159 1129500
938049 1139460 949107 1140060
995847 1140420 999609 1141020
990945 1139940 994707 1140540
987867 1128900 991629 1129500
942723 1130340 946485 1130940
938277 1148580 942039 1149180
959481 1136100 988779 1136700
847761 1140900 877059 1141500
948879 1150500 963585 1151100
865089 1134660 879795 1135260
865089 1129860 879795 1130460
958113 1131300 972819 1131900
954465 1140900 961875 1141500
953325 1141860 960735 1142460
951045 1132260 958455 1132860
945801 1129380 953211 1129980
942723 1143300 950133 1143900
941013 1141860 948423 1142460
1002687 1134180 1003713 1134780
993339 1140900 994365 1141500
952071 1159620 953097 1160220
943065 1151460 944091 1152060
885381 1142340 886407 1142940
882759 1126500 883785 1127100
881163 1133220 882189 1133820
1002231 1138020 1002573 1138620
945459 1158660 945801 1159260
916275 1127460 916617 1128060
916275 1126020 916617 1126620
913653 1158660 913995 1159260
887547 1132260 887889 1132860
947283 1155300 948309 1155900
943407 1126500 944433 1127100
933717 1149060 934743 1149660
932235 1150980 933261 1151580
930183 1144260 931209 1144860
925851 1138500 926877 1139100
921063 1159620 922089 1160220
920835 1143300 921861 1143900
913767 1148100 914793 1148700
912627 1152900 913653 1153500
904761 1159620 905787 1160220
889371 1126020 890397 1126620
1005651 1132740 1016709 1133340
937707 1138500 948765 1139100
863037 1136100 874095 1136700
996873 1144740 998355 1145340
996873 1133220 998355 1133820
996873 1132260 998355 1132860
921633 1162980 923115 1163580
884013 1139460 885495 1140060
884013 1127940 885495 1128540
995391 1142340 999153 1142940
954921 1137540 958683 1138140
952527 1128420 956289 1129020
945231 1147620 948993 1148220
944775 1128420 948537 1129020
894387 1158660 898149 1159260
989805 1161540 1004511 1162140
989805 1151940 1004511 1152540
958341 1133220 973047 1133820
958113 1130340 972819 1130940
957771 1145700 972477 1146300
957315 1153380 972021 1153980
1001547 1128900 1008957 1129500
987297 1147620 994707 1148220
950817 1147620 958227 1148220
