935085 1151460 936453 1152540
934971 1149540 936339 1150620
931437 1146660 932805 1147740
930069 1152420 931437 1153500
931209 1134180 932235 1134780
918669 1145700 919695 1146300
916161 1143300 917187 1143900
913653 1162500 914679 1163100
913653 1151460 914679 1152060
911145 1153380 912171 1153980
911145 1135140 912171 1135740
910233 1162500 911259 1163100
907725 1154820 908751 1155420
906129 1161060 907155 1161660
904533 1160100 905559 1160700
901113 1162500 902139 1163100
901113 1158660 902139 1159260
898605 1126500 899631 1127100
893589 1137540 894615 1138140
892677 1139940 893703 1140540
891765 1162500 892791 1163100
891081 1156740 892107 1157340
891081 1126980 892107 1127580
942267 1159140 944091 1159740
940899 1129380 942723 1129980
938391 1145220 940215 1145820
927675 1159140 929499 1159740
923343 1163460 925167 1164060
922659 1157700 924483 1158300
919923 1139940 921747 1140540
914907 1158180 916731 1158780
913995 1131780 915819 1132380
910803 1148100 912627 1148700
909663 1158660 911487 1159260
908295 1138500 910119 1139100
900771 1150020 902595 1150620
898263 1145220 900087 1145820
898263 1133220 900087 1133820
893247 1141860 895071 1142460
893247 1131780 895071 1132380
928017 1138020 929271 1138620
917757 1152900 919011 1153500
916389 1148100 917643 1148700
916389 1129380 917643 1129980
913881 1133700 915135 1134300
908865 1157700 910119 1158300
908865 1155300 910119 1155900
905673 1155780 906927 1156380
905673 1146660 906927 1147260
903849 1158660 905103 1159260
901341 1142340 902595 1142940
898833 1152420 900087 1153020
896325 1163460 897579 1164060
896325 1160100 897579 1160700
888117 1154340 889371 1154940
886293 1127460 887547 1128060
939987 1162020 941583 1162620
934971 1131780 936567 1132380
925851 1134180 927447 1134780
922659 1130820 924255 1131420
922431 1149060 924027 1149660
922431 1138500 924027 1139100
918327 1132260 919923 1132860
917643 1157220 919239 1157820
917415 1125540 919011 1126140
907383 1128900 908979 1129500
904875 1131300 906471 1131900
903279 1150980 904875 1151580
898263 1161060 899859 1161660
892335 1156260 893931 1156860
884811 1130340 886407 1130940
878199 1133220 879795 1133820
513 1159140 39615 1164060
513 1149540 39615 1154460
513 1139940 39615 1144860
513 1130340 39615 1135260
931095 1142340 932919 1142940
930183 1136580 932007 1137180
930183 1129860 932007 1130460
927675 1152900 929499 1153500
910119 1137060 911943 1137660
905103 1141380 906927 1141980
905103 1128420 906927 1129020
903507 1155300 905331 1155900
897579 1127940 899403 1128540
893703 1161540 895527 1162140
887547 1148100 889371 1148700
886179 1144740 888003 1145340
931551 1149060 932349 1149660
921633 1162020 924027 1162620
921633 1159140 924027 1159740
921633 1145700 924027 1146300
921633 1136100 924027 1136700
921633 1127460 924027 1128060
921633 1125540 924027 1126140
884013 1150980 886407 1151580
884013 1150020 886407 1150620
884013 1149060 886407 1149660
884013 1148100 886407 1148700
884013 1147140 886407 1147740
884013 1140420 886407 1141020
884013 1138500 886407 1139100
884013 1136580 886407 1137180
884013 1135620 886407 1136220
884013 1133700 886407 1134300
937935 1146660 938847 1147260
954009 1162020 955377 1163100
951501 1162020 952869 1163100
951501 1140900 952869 1141980
949107 1162980 950475 1164060
949107 1140900 950475 1141980
948993 1161060 950361 1162140
946599 1162020 947967 1163100
943977 1161060 945345 1162140
943977 1154340 945345 1155420
941811 1157220 943179 1158300
941469 1162980 942837 1164060
941469 1160100 942837 1161180
941469 1155300 942837 1156380
941469 1153380 942837 1154460
939987 1151460 941355 1152540
939075 1155300 940443 1156380
939075 1153380 940443 1154460
938961 1162980 940329 1164060
938961 1160100 940329 1161180
938961 1147620 940329 1148700
937593 1149540 938961 1150620
937365 1153380 938733 1154460
937365 1151460 938733 1152540
936567 1156260 937935 1157340
936453 1162020 937821 1163100
936453 1159140 937821 1160220
936453 1147620 937821 1148700
934971 1162980 936339 1164060
934743 1156260 936111 1157340
934059 1147620 935427 1148700
934059 1143780 935427 1144860
933945 1161060 935313 1162140
932577 1157220 933945 1158300
932349 1162980 933717 1164060
932007 1154340 933375 1155420
932007 1151460 933375 1152540
931779 1160100 933147 1161180
930069 1162980 931437 1164060
930069 1155300 931437 1156380
929727 1146660 931095 1147740
929613 1149540 930981 1150620
927447 1146660 928815 1147740
926763 1160100 928131 1161180
926535 1162020 927903 1163100
925053 1160100 926421 1161180
947055 1143780 948423 1144860
944547 1162980 945915 1164060
933945 1154340 935313 1155420
932463 1148580 933831 1149660
930069 1157220 931437 1158300
928929 1161060 930297 1162140
939873 1132260 941355 1132860
935541 1136100 937023 1136700
930525 1153860 932007 1154460
928017 1145220 929499 1145820
927333 1130340 928815 1130940
923001 1144740 924483 1145340
923001 1137540 924483 1138140
923001 1129380 924483 1129980
921177 1160580 922659 1161180
921177 1130820 922659 1131420
912285 1126500 913767 1127100
907953 1142340 909435 1142940
905445 1136100 906927 1136700
902253 1133220 903735 1133820
897921 1140420 899403 1141020
885381 1141380 886863 1141980
885381 1137540 886863 1138140
880365 1134180 881847 1134780
879453 1138020 880935 1138620
878541 1138980 880023 1139580
932463 1135140 933831 1137180
929271 1127460 930639 1129500
926421 1135140 927789 1137180
919923 1150500 921291 1152540
919923 1146660 921291 1148700
913881 1140900 915249 1142940
902139 1138020 903507 1140060
898833 1155300 900201 1157340
888801 1141860 890169 1143900
927675 1154340 929157 1155420
925167 1150500 926649 1151580
918555 1155300 920037 1156380
916161 1159140 917643 1160220
916161 1154340 917643 1155420
910803 1145700 912285 1146780
908067 1146660 909549 1147740
906015 1150500 907497 1151580
898377 1131300 899859 1132380
897579 1129380 899061 1130460
896097 1148580 897579 1149660
892677 1149540 894159 1150620
933489 1153380 935199 1153980
932805 1131300 934515 1131900
925965 1132260 927675 1132860
921177 1141380 922887 1141980
920949 1153860 922659 1154460
917757 1141380 919467 1141980
915249 1149540 916959 1150140
905901 1162500 907611 1163100
905217 1156740 906927 1157340
902709 1146660 904419 1147260
895185 1135140 896895 1135740
893589 1152420 895299 1153020
892677 1134660 894387 1135260
861441 1136100 863151 1136700
861441 1134180 863151 1134780
1001091 1127940 1002801 1128540
938391 1141860 940101 1142460
937707 1126980 939417 1127580
931779 1145700 933489 1146300
930867 1138020 932577 1138620
929955 1138980 931665 1139580
925167 1152900 926877 1153500
918327 1142340 920037 1142940
915135 1137060 916845 1137660
915135 1134660 916845 1135260
913311 1138020 915021 1138620
913311 1129380 915021 1129980
910803 1156740 912513 1157340
910803 1150500 912513 1151100
910803 1143780 912513 1144380
908295 1160580 910005 1161180
908295 1151940 910005 1152540
908295 1139940 910005 1140540
905787 1132260 907497 1132860
903279 1134660 904989 1135260
900771 1156260 902481 1156860
895755 1152420 897465 1153020
895755 1140900 897465 1141500
892563 1157700 894273 1158300
892563 1146180 894273 1146780
888231 1136580 889941 1137180
887319 1162020 889029 1162620
880023 1138980 881733 1139580
925167 1141380 926307 1141980
918783 1149060 919923 1149660
907611 1153860 908751 1154460
907611 1137540 908751 1138140
906927 1126020 908067 1126620
906243 1158660 907383 1159260
897579 1158180 898719 1158780
895071 1156740 896211 1157340
892563 1154340 893703 1154940
892563 1128900 893703 1129500
887547 1135620 888687 1136220
998241 1140900 999267 1141980
936225 1138020 937251 1139100
935541 1142820 936567 1143900
928017 1143780 929043 1144860
913425 1144740 914451 1145820
913197 1157220 914223 1158300
905787 1138980 906813 1140060
902937 1131300 903963 1132380
902595 1142820 903621 1143900
900771 1130340 901797 1131420
895755 1137060 896781 1138140
895413 1145700 896439 1146780
893703 1162980 894729 1164060
890625 1129380 891651 1130460
925395 1130820 926307 1131420
922431 1132740 923343 1133340
918783 1148100 919695 1148700
916275 1150980 917187 1151580
911259 1131300 912171 1131900
908751 1153380 909663 1153980
902595 1153860 903507 1154460
900087 1125540 900999 1126140
897807 1147620 898719 1148220
897579 1156740 898491 1157340
893703 1153380 894615 1153980
893703 1127460 894615 1128060
891195 1155300 892107 1155900
887547 1150020 888459 1150620
884811 1131300 885723 1131900
928587 1134660 929613 1135260
920379 1156260 921405 1156860
918555 1137540 919581 1138140
913539 1127940 914565 1128540
912855 1130340 913881 1130940
907611 1157700 908637 1158300
903507 1161060 904533 1161660
900999 1151460 902025 1152060
900315 1160100 901341 1160700
900087 1140900 901113 1141500
897123 1144740 898149 1145340
890967 1161060 891993 1161660
887547 1159620 888573 1160220
887547 1128900 888573 1129500
941241 1127940 942381 1128540
935427 1157700 936567 1158300
930297 1150980 931437 1151580
928017 1163460 929157 1164060
925737 1157700 926877 1158300
923001 1146660 924141 1147260
918783 1159620 919923 1160220
917871 1162020 919011 1162620
916161 1138500 917301 1139100
915477 1140420 916617 1141020
907953 1148580 909093 1149180
905901 1130340 907041 1130940
900429 1128900 901569 1129500
900315 1143300 901455 1143900
898035 1143300 899175 1143900
890853 1153860 891993 1154460
890283 1144740 891423 1145340
888231 1139940 889371 1140540
885267 1132260 886407 1132860
884241 1144740 885381 1145340
1021839 1138980 1022751 1139580
1021839 1128420 1022751 1129020
946941 1159140 947853 1159740
945687 1155780 946599 1156380
941241 1158660 942153 1159260
935769 1153380 936681 1153980
934401 1159140 935313 1159740
910803 1149540 911715 1150140
993339 1126500 994365 1127100
999837 1135620 1000293 1136220
996189 1138020 996645 1138620
990945 1137540 991401 1138140
997899 1131780 998925 1132380
995619 1131780 996645 1132380
991971 1133220 993453 1134300
1008159 1130340 1008729 1131420
1006335 1130340 1006905 1131420
1003827 1132260 1004397 1133340
1003143 1130340 1003713 1131420
948993 1135140 949563 1136220
941355 1144740 941925 1145820
938619 1128420 939189 1129500
930981 1144740 931551 1145820
925965 1156260 926535 1157340
925965 1129380 926535 1130460
919467 1130340 920037 1131420
918441 1128420 919011 1129500
911259 1141860 911829 1142940
908751 1162980 909321 1164060
906243 1137060 906813 1138140
903735 1141860 904305 1142940
900885 1136100 901455 1137180
893361 1147620 893931 1148700
890967 1140900 891537 1141980
945459 1126500 946371 1127100
939075 1156740 939987 1157340
958227 1134660 959025 1135260
937023 1155300 938163 1155900
951501 1143300 952413 1143900
936453 1129380 937821 1131420
915021 1161060 916389 1163100
898833 1149540 900201 1151580
896325 1141860 897693 1143900
925167 1154340 926535 1155420
911259 1155300 912627 1156380
907611 1133220 908979 1134300
898719 1138980 900087 1140060
895071 1133220 896439 1134300
891081 1151460 892449 1152540
890169 1149540 891537 1150620
945801 1153380 946941 1153980
944661 1159620 945801 1160220
932919 1130340 934059 1130940
930639 1130820 931779 1131420
923799 1139940 924939 1140540
922887 1150980 924027 1151580
918783 1163460 919923 1164060
918213 1158180 919353 1158780
917871 1143780 919011 1144380
916275 1130340 917415 1130940
908181 1130820 909321 1131420
907953 1131780 909093 1132380
907839 1149540 908979 1150140
905331 1144740 906471 1145340
903165 1136580 904305 1137180
898263 1138020 899403 1138620
895641 1139940 896781 1140540
893589 1151460 894729 1152060
891195 1160100 892335 1160700
891081 1134180 892221 1134780
890283 1148580 891423 1149180
888687 1137540 889827 1138140
888687 1134660 889827 1135260
933375 1138980 934059 1140060
905787 1133220 906471 1134300
901227 1127460 901911 1128540
898263 1153380 898947 1154460
934059 1135620 935085 1136220
932235 1134180 933261 1134780
929043 1131780 930069 1132380
926535 1140420 927561 1141020
926535 1139460 927561 1140060
925395 1151940 926421 1152540
925167 1142340 926193 1142940
921519 1152900 922545 1153500
920379 1144260 921405 1144860
917643 1134180 918669 1134780
916503 1153380 917529 1153980
913995 1148580 915021 1149180
913995 1135620 915021 1136220
912855 1149060 913881 1149660
910347 1133220 911373 1133820
905331 1148580 906357 1149180
903963 1147620 904989 1148220
900315 1134660 901341 1135260
897579 1146660 898605 1147260
895299 1144740 896325 1145340
895299 1143780 896325 1144380
895071 1147620 896097 1148220
891423 1145700 892449 1146300
890283 1146660 891309 1147260
888915 1145700 889941 1146300
887775 1147140 888801 1147740
943065 1129860 943977 1130460
937935 1126020 938847 1126620
934287 1126980 935199 1127580
932463 1150020 933261 1150620
916275 1147140 917073 1147740
914451 1146660 915249 1147260
908751 1135140 909549 1135740
908067 1162020 908865 1162620
903735 1133700 904533 1134300
898719 1159620 899517 1160220
898719 1148100 899517 1148700
898719 1134180 899517 1134780
897351 1134180 898149 1134780
896211 1138500 897009 1139100
885267 1129380 886065 1129980
952185 1139940 952983 1140540
923001 1156260 923799 1156860
922089 1129860 922887 1130460
917301 1150020 918099 1150620
913881 1138980 914679 1139580
909321 1127460 910119 1128060
907953 1136580 908751 1137180
907725 1134660 908523 1135260
902709 1125540 903507 1126140
902481 1162020 903279 1162620
899061 1157700 899859 1158300
897693 1155780 898491 1156380
895185 1142820 895983 1143420
894729 1157700 895527 1158300
892677 1140900 893475 1141500
928815 1125540 930069 1126140
927789 1137060 929043 1137660
925395 1143300 926649 1143900
923001 1142820 924255 1143420
913767 1154820 915021 1155420
913197 1153380 914451 1153980
911145 1140420 912399 1141020
910461 1130340 911715 1130940
905217 1145700 906471 1146300
903621 1152900 904875 1153500
901227 1152900 902481 1153500
898719 1163460 899973 1164060
893703 1136580 894957 1137180
893703 1130820 894957 1131420
891195 1138980 892449 1139580
885381 1139460 886635 1140060
925167 1149060 925851 1149660
941013 1143780 942381 1144380
940215 1130820 941583 1131420
938505 1131780 939873 1132380
933831 1132740 935199 1133340
931323 1132260 932691 1132860
928473 1133700 929841 1134300
927789 1150980 929157 1151580
926307 1126020 927675 1126620
922773 1134660 924141 1135260
920151 1138500 921519 1139100
916275 1145220 917643 1145820
913767 1163460 915135 1164060
913653 1132740 915021 1133340
911259 1154340 912627 1154940
911145 1132260 912513 1132860
908751 1154340 910119 1154940
905103 1157700 906471 1158300
903735 1137540 905103 1138140
903621 1144260 904989 1144860
902595 1148580 903963 1149180
900087 1153860 901455 1154460
895071 1132260 896439 1132860
895071 1129860 896439 1130460
891195 1163460 892563 1164060
890169 1143780 891537 1144380
888687 1127460 890055 1128060
887547 1130340 888915 1130940
1000635 1141380 1001889 1141980
940329 1142820 941583 1143420
933261 1133700 934515 1134300
927789 1142820 929043 1143420
923001 1161060 924255 1161660
921063 1163460 922317 1164060
920835 1154820 922089 1155420
918783 1161060 920037 1161660
916161 1155780 917415 1156380
916161 1135620 917415 1136220
915477 1152420 916731 1153020
913767 1155780 915021 1156380
911259 1159620 912513 1160220
900201 1148580 901455 1149180
899403 1158660 900657 1159260
896895 1126500 898149 1127100
893703 1126020 894957 1126620
886179 1131300 887433 1131900
886179 1126500 887433 1127100
885153 1154340 886407 1154940
922659 1151940 923457 1152540
910347 1136100 911145 1136700
908751 1144260 909549 1144860
898719 1147140 899517 1147740
898035 1136100 898833 1136700
897807 1150500 898605 1151100
895299 1149540 896097 1150140
886179 1153380 886977 1153980
953895 1142340 954921 1142940
939531 1158660 940215 1159260
944319 1158180 945801 1158780
940215 1126020 941697 1126620
937707 1142820 939189 1143420
933717 1141860 935199 1142460
925167 1146180 926649 1146780
922545 1154820 924027 1155420
916161 1131300 917643 1131900
915249 1144260 916731 1144860
902595 1129860 904077 1130460
901113 1163460 902595 1164060
893589 1138500 895071 1139100
892563 1143300 894045 1143900
891081 1136100 892563 1136700
890967 1137060 892449 1137660
890055 1138020 891537 1138620
885381 1134660 886863 1135260
881163 1135140 882645 1135740
937935 1157700 938619 1158300
1021383 1140900 1022751 1141500
1021383 1131300 1022751 1131900
947853 1126020 949221 1126620
937821 1137060 939189 1137660
928815 1140900 930183 1141500
927675 1141860 929043 1142460
927675 1129380 929043 1129980
917757 1126500 919125 1127100
913653 1159140 915021 1159740
910119 1134180 911487 1134780
908295 1145700 909663 1146300
892563 1145220 893931 1145820
892563 1133700 893931 1134300
888687 1131780 890055 1132380
940215 1145700 941013 1146300
935655 1133220 936453 1133820
921975 1140420 922773 1141020
892791 1129860 893589 1130460
892335 1158660 893133 1159260
887547 1161060 888345 1161660
956859 1129380 958455 1129980
926079 1159140 927675 1159740
912855 1136580 914451 1137180
895299 1131300 896895 1131900
895299 1128900 896895 1129500
892791 1159620 894387 1160220
888459 1156740 890055 1157340
887775 1138980 889371 1139580
882759 1132260 884355 1132860
865887 1137060 867483 1137660
958341 1136100 959595 1136700
949905 1132740 951159 1133340
942153 1151940 943407 1152540
936909 1160580 938163 1161180
899289 1142340 900543 1142940
889485 1162020 890739 1162620
882417 1140900 883671 1141500
879909 1126500 881163 1127100
862353 1132260 863607 1132860
861441 1128420 862695 1129020
861441 1126500 862695 1127100
943749 1151940 945345 1152540
943521 1127460 945117 1128060
937821 1140420 939417 1141020
935997 1139940 937593 1140540
930183 1143300 931779 1143900
920151 1128420 921747 1129020
918555 1135620 920151 1136220
906015 1152900 907611 1153500
905445 1143300 907041 1143900
900657 1147620 902253 1148220
895071 1150980 896667 1151580
1009071 1128420 1009869 1129020
950817 1160100 951615 1160700
948879 1155300 949677 1155900
938619 1129860 939417 1130460
930753 1140420 931551 1141020
928245 1151940 929043 1152540
916047 1142340 916845 1142940
911031 1129380 911829 1129980
908181 1143300 908979 1143900
903165 1157220 903963 1157820
896097 1136100 896895 1136700
890625 1125540 891423 1126140
890055 1130820 890853 1131420
888117 1158180 888915 1158780
881049 1128900 881847 1129500
878199 1126500 878997 1127100
932691 1137540 934059 1138140
911259 1128420 912627 1129020
903735 1163460 905103 1164060
903735 1126980 905103 1127580
903051 1127940 904419 1128540
898605 1162500 899973 1163100
891195 1127940 892563 1128540
885381 1156740 886749 1157340
885381 1143300 886749 1143900
884241 1153380 885609 1153980
952983 1143300 959367 1143900
1015341 1163460 1018761 1164060
1015341 1161540 1018761 1162140
1015341 1160580 1018761 1161180
1015341 1159620 1018761 1160220
1015341 1158660 1018761 1159260
1015341 1156740 1018761 1157340
1015341 1155780 1018761 1156380
1015341 1154820 1018761 1155420
1015341 1152900 1018761 1153500
1015341 1151940 1018761 1152540
1015341 1150980 1018761 1151580
1015341 1150020 1018761 1150620
1015341 1149060 1018761 1149660
1015341 1148100 1018761 1148700
1015341 1147140 1018761 1147740
1015341 1144260 1018761 1144860
994935 1129380 998355 1129980
1840929 1161060 1865439 1161660
1840929 1160100 1865439 1160700
1840929 1156260 1865439 1156860
1840929 1155300 1865439 1155900
1840929 1151460 1865439 1152060
1840929 1150500 1865439 1151100
1840929 1146660 1865439 1147260
1840929 1145700 1865439 1146300
1840929 1141860 1865439 1142460
1840929 1140900 1865439 1141500
1840929 1137060 1865439 1137660
1840929 1136100 1865439 1136700
1840929 1132260 1865439 1132860
1840929 1131300 1865439 1131900
1840929 1127460 1865439 1128060
1840929 1126500 1865439 1127100
925395 1126980 926421 1127580
920379 1127460 921405 1128060
904419 1125540 905445 1126140
901455 1126020 902481 1126620
1001661 1133700 1002345 1134300
996873 1134180 1000179 1134780
884355 1125540 885153 1126140
882987 1138020 883785 1138620
882987 1135620 883785 1136220
949791 1131300 951387 1132380
995619 1125540 996189 1126140
937023 1158180 937593 1158780
993453 1136100 994365 1136700
941355 1126980 942267 1127580
930753 1135140 931665 1135740
905445 1142340 906357 1142940
888231 1149060 889143 1149660
1840929 1162980 1865439 1163580
1840929 1159140 1865439 1159740
1840929 1158180 1865439 1158780
1840929 1154340 1865439 1154940
1840929 1153380 1865439 1153980
1840929 1149540 1865439 1150140
1840929 1148580 1865439 1149180
1840929 1144740 1865439 1145340
1840929 1143780 1865439 1144380
1840929 1139940 1865439 1140540
1840929 1138980 1865439 1139580
1840929 1135140 1865439 1135740
1840929 1134180 1865439 1134780
1840929 1130340 1865439 1130940
1840929 1129380 1865439 1129980
1840929 1125540 1865439 1126140
1010781 1127460 1021839 1128060
976353 1140900 987411 1141500
972933 1137060 983991 1137660
872385 1155780 883443 1156380
872385 1153860 883443 1154460
872385 1150980 883443 1151580
872385 1150020 883443 1150620
867483 1131780 878541 1132380
867255 1135620 878313 1136220
855057 1135140 866115 1135740
1012833 1145700 1022751 1146300
1843323 1162020 1859397 1162620
1843323 1157220 1859397 1157820
1843323 1152420 1859397 1153020
1843323 1147620 1859397 1148220
1843323 1142820 1859397 1143420
1843323 1138020 1859397 1138620
1843323 1133220 1859397 1133820
1843323 1128420 1859397 1129020
996873 1157220 1012947 1157820
996873 1142820 1012947 1143420
959253 1142340 975327 1142940
959253 1138500 975327 1139100
959253 1134660 975327 1135260
959253 1133700 975327 1134300
959253 1132740 975327 1133340
959253 1128900 975327 1129500
1018647 1162500 1022751 1163100
1018647 1157700 1022751 1158300
1018647 1153860 1022751 1154460
1018647 1143300 1022751 1143900
1018647 1142340 1022751 1142940
1018647 1137540 1022751 1138140
1018647 1136580 1022751 1137180
1018647 1135620 1022751 1136220
1018647 1134660 1022751 1135260
1018647 1133700 1022751 1134300
1018647 1132740 1022751 1133340
1018647 1129860 1022751 1130460
1017165 1131780 1018761 1132380
996759 1161060 998355 1161660
996759 1152420 998355 1153020
996759 1151460 998355 1152060
996759 1145700 998355 1146300
996759 1127460 998355 1128060
959139 1160580 960735 1161180
959139 1146180 960735 1146780
959139 1141380 960735 1141980
959139 1126020 960735 1126620
921519 1126500 923115 1127100
1016595 1138500 1018761 1139100
996189 1162980 998355 1163580
996189 1128420 998355 1129020
958569 1156740 960735 1157340
958569 1139460 960735 1140060
958569 1137540 960735 1138140
958569 1131780 960735 1132380
883329 1163460 885495 1164060
883329 1162500 885495 1163100
883329 1161540 885495 1162140
883329 1160580 885495 1161180
883329 1159620 885495 1160220
883329 1158660 885495 1159260
883329 1157700 885495 1158300
883329 1151940 885495 1152540
883329 1146180 885495 1146780
883329 1142340 885495 1142940
949905 1155780 959139 1156380
868167 1125540 877401 1126140
992883 1148100 993567 1148700
1014087 1141380 1018761 1141980
956061 1153860 960735 1154460
956061 1150980 960735 1151580
843201 1162980 847875 1163580
843201 1162020 847875 1162620
843201 1161060 847875 1161660
843201 1160100 847875 1160700
843201 1159140 847875 1159740
843201 1158180 847875 1158780
843201 1157220 847875 1157820
843201 1156260 847875 1156860
843201 1155300 847875 1155900
843201 1154340 847875 1154940
843201 1153380 847875 1153980
843201 1152420 847875 1153020
843201 1151460 847875 1152060
843201 1150500 847875 1151100
843201 1149540 847875 1150140
843201 1148580 847875 1149180
843201 1147620 847875 1148220
843201 1146660 847875 1147260
843201 1145700 847875 1146300
843201 1144740 847875 1145340
843201 1143780 847875 1144380
843201 1142820 847875 1143420
843201 1141860 847875 1142460
843201 1140900 847875 1141500
843201 1139940 847875 1140540
843201 1138980 847875 1139580
843201 1138020 847875 1138620
843201 1137060 847875 1137660
843201 1136100 847875 1136700
843201 1135140 847875 1135740
843201 1134180 847875 1134780
843201 1133220 847875 1133820
843201 1132260 847875 1132860
843201 1131300 847875 1131900
843201 1130340 847875 1130940
843201 1129380 847875 1129980
843201 1128420 847875 1129020
843201 1127460 847875 1128060
843201 1126500 847875 1127100
843201 1125540 847875 1126140
865089 1144260 883443 1144860
862353 1148580 880707 1149180
862353 1139940 880707 1140540
960621 1127940 993567 1128540
850497 1152900 883443 1153500
850497 1143300 883443 1143900
994479 1143300 995277 1143900
993339 1146180 994137 1146780
993339 1143780 994137 1144380
993111 1141860 993909 1142460
992883 1154340 993681 1154940
992883 1150500 993681 1151100
992883 1149540 993681 1150140
992427 1151460 993225 1152060
989235 1132260 990033 1132860
946257 1127460 946485 1128060
943293 1156740 943521 1157340
938277 1138020 938505 1138620
937593 1143780 937821 1144380
936909 1145700 937137 1146300
935769 1145700 935997 1146300
930525 1132260 930753 1132860
922659 1139460 922887 1140060
919011 1150020 919239 1150620
918213 1160580 918441 1161180
916275 1133700 916503 1134300
910233 1131300 910461 1131900
907497 1143780 907725 1144380
905217 1149540 905445 1150140
900201 1132740 900429 1133340
899859 1144260 900087 1144860
896781 1145220 897009 1145820
892449 1138020 892677 1138620
890055 1146180 890283 1146780
1001661 1138020 1002345 1138620
969627 1159140 970311 1159740
947967 1162020 948765 1162620
941811 1142340 942609 1142940
939531 1140420 940329 1141020
935655 1125540 936453 1126140
934287 1138020 935085 1138620
931779 1141380 932577 1141980
931779 1126020 932577 1126620
930639 1127940 931437 1128540
927675 1138980 928473 1139580
923799 1141860 924597 1142460
921291 1157700 922089 1158300
920151 1158180 920949 1158780
919923 1136580 920721 1137180
917643 1146180 918441 1146780
914223 1161540 915021 1162140
911259 1161060 912057 1161660
909207 1141380 910005 1141980
906699 1163460 907497 1164060
906471 1147620 907269 1148220
904191 1138500 904989 1139100
903963 1162020 904761 1162620
901455 1135140 902253 1135740
900543 1141860 901341 1142460
900315 1146180 901113 1146780
894387 1159620 895185 1160220
890055 1159620 890853 1160220
888687 1160100 889485 1160700
888687 1155300 889485 1155900
887547 1157220 888345 1157820
886863 1158180 887661 1158780
881391 1136100 882189 1136700
1003599 1134660 1005081 1135260
1002915 1133700 1004397 1134300
1001091 1131780 1002573 1132380
1000407 1139940 1001889 1140540
861327 1137540 862809 1138140
861099 1131300 862581 1131900
860643 1138500 862125 1139100
860643 1133220 862125 1133820
986955 1135140 987981 1136220
986955 1133220 987981 1134300
986955 1131300 987981 1132380
986955 1126500 987981 1127580
986727 1138020 987753 1139100
866571 1133220 867597 1134300
866571 1127460 867597 1128540
866571 1125540 867597 1126620
864747 1138020 865773 1139100
1862931 1162020 1865439 1162620
1862931 1157220 1865439 1157820
1862931 1152420 1865439 1153020
1862931 1147620 1865439 1148220
1862931 1142820 1865439 1143420
1862931 1138020 1865439 1138620
1862931 1133220 1865439 1133820
1862931 1128420 1865439 1129020
991173 1135140 993681 1135740
954465 1136100 956973 1136700
950817 1136100 953325 1136700
879681 1154820 882189 1155420
877173 1128420 879681 1129020
874551 1132740 877059 1133340
1011693 1162500 1017279 1163100
1011693 1153860 1017279 1154460
1011351 1130820 1016937 1131420
985473 1143300 991059 1143900
953781 1140420 959367 1141020
953439 1159620 959025 1160220
951045 1125540 956631 1126140
950817 1133700 956403 1134300
942723 1128900 948309 1129500
954465 1137060 956973 1137660
875805 1127460 878313 1128060
963927 1161060 964953 1161660
996873 1148580 1005651 1149180
934401 1145700 934857 1146300
933033 1126500 933489 1127100
918669 1139940 919125 1140540
916845 1160580 917301 1161180
916845 1128420 917301 1129020
915477 1128900 915933 1129500
914907 1139940 915363 1140540
913539 1139940 913995 1140540
903621 1156260 904077 1156860
902139 1137060 902595 1137660
910005 1125540 911373 1126620
953895 1160580 954921 1161180
943179 1162980 944205 1163580
940443 1154340 941469 1154940
938847 1151460 939873 1152060
935427 1155300 936453 1155900
930639 1160580 931665 1161180
929499 1159140 930525 1159740
929043 1155780 930069 1156380
926307 1149540 927333 1150140
925395 1148100 926421 1148700
921975 1133700 923001 1134300
921747 1143300 922773 1143900
916731 1158180 917757 1158780
903735 1135620 904761 1136220
901455 1132260 902481 1132860
901227 1161060 902253 1161660
901227 1146180 902253 1146780
886863 1146180 887889 1146780
886407 1160580 887433 1161180
936567 1127940 937593 1128540
935427 1159620 936453 1160220
935427 1128420 936453 1129020
935427 1126980 936453 1127580
934059 1128420 935085 1129020
932463 1127940 933489 1128540
931551 1156740 932577 1157340
927903 1156260 928929 1156860
927675 1126500 928701 1127100
913995 1126980 915021 1127580
897807 1125540 898833 1126140
891651 1126020 892677 1126620
1002687 1137540 1003371 1138140
951729 1159140 952413 1159740
949563 1149540 950247 1150140
948309 1159140 948993 1159740
946713 1157220 947397 1157820
946485 1150500 947169 1151100
945801 1149540 946485 1150140
944547 1150980 945231 1151580
943293 1153860 943977 1154460
987639 1137060 988779 1137660
957885 1126500 959025 1127100
957315 1137060 958455 1137660
957087 1131300 958227 1131900
953439 1126500 954579 1127100
951843 1138020 952983 1138620
950931 1130340 952071 1130940
945915 1160580 947055 1161180
944547 1152900 945687 1153500
943407 1155780 944547 1156380
941469 1150980 942609 1151580
939075 1149060 940215 1149660
938391 1159140 939531 1159740
937023 1136100 938163 1136700
936453 1144260 937593 1144860
935313 1140900 936453 1141500
935313 1134180 936453 1134780
934059 1136580 935199 1137180
932805 1129380 933945 1129980
931665 1152900 932805 1153500
931437 1158180 932577 1158780
927675 1157700 928815 1158300
926421 1126980 927561 1127580
924711 1127940 925851 1128540
922773 1153860 923913 1154460
922545 1148100 923685 1148700
922203 1131780 923343 1132380
921633 1144260 922773 1144860
920835 1133700 921975 1134300
920265 1162020 921405 1162620
920151 1129860 921291 1130460
917643 1127460 918783 1128060
916389 1157220 917529 1157820
915249 1126020 916389 1126620
913995 1126020 915135 1126620
913311 1147140 914451 1147740
906585 1135140 907725 1135740
906471 1149060 907611 1149660
902139 1145220 903279 1145820
895755 1155300 896895 1155900
894615 1126980 895755 1127580
892563 1135620 893703 1136220
887091 1125540 888231 1126140
885153 1125540 886293 1126140
885039 1155300 886179 1155900
883899 1126500 885039 1127100
881277 1131300 882417 1131900
878769 1131300 879909 1131900
878199 1137060 879339 1137660
863721 1137060 864861 1137660
1005195 1135140 1006335 1135740
998583 1126500 999723 1127100
955947 1162980 957087 1163580
940215 1157220 941355 1157820
932691 1158660 933831 1159260
930867 1159140 932007 1159740
928929 1126500 930069 1127100
923343 1160100 924483 1160700
923343 1132260 924483 1132860
922773 1152900 923913 1153500
922773 1150020 923913 1150620
911487 1162020 912627 1162620
902139 1159620 903279 1160220
895755 1126980 896895 1127580
882645 1127460 883785 1128060
880137 1129860 881277 1130460
1005195 1126500 1005765 1127100
990147 1137060 990717 1137660
942267 1145700 942837 1146300
929043 1146180 929613 1146780
921975 1150020 922545 1150620
908295 1125540 908865 1126140
900771 1132260 901341 1132860
936909 1133220 938277 1134300
936453 1125540 937821 1126620
924939 1138980 926307 1140060
924825 1137060 926193 1138140
924483 1133220 925851 1134300
917529 1151460 918897 1152540
916389 1132260 917757 1133340
912513 1134180 913881 1135260
911943 1138980 913311 1140060
908979 1156260 910347 1157340
908979 1150500 910347 1151580
907497 1156260 908865 1157340
907383 1140900 908751 1141980
899859 1126500 901227 1127580
899517 1137060 900885 1138140
894957 1153380 896325 1154460
888915 1128420 890283 1129500
881619 1147620 882987 1148700
944091 1125540 945459 1126620
939075 1143780 940443 1144860
934401 1129380 935769 1130460
934059 1125540 935427 1126620
931779 1143780 933147 1144860
924711 1144740 926079 1145820
924483 1135140 925851 1136220
918897 1133220 920265 1134300
915021 1127460 916389 1128540
907497 1159140 908865 1160220
906927 1144740 908295 1145820
903963 1132260 905331 1133340
901341 1140900 902709 1141980
896325 1161060 897693 1162140
891309 1131300 892677 1132380
888915 1133220 890283 1134300
888801 1152420 890169 1153500
887091 1140900 888459 1141980
886977 1151460 888345 1152540
886863 1155300 888231 1156380
882303 1129380 883671 1130460
882303 1125540 883671 1126620
882075 1133220 883443 1134300
893019 1126500 893703 1127100
888915 1125540 889599 1126140
888003 1133220 888687 1133820
930183 1148100 930867 1148700
921861 1128900 922545 1129500
920721 1145700 921405 1146300
913197 1160580 913881 1161180
912741 1125540 913425 1126140
912057 1158660 912741 1159260
903963 1139460 904647 1140060
893817 1160580 894501 1161180
887547 1138020 888231 1138620
1001775 1126980 1002459 1127580
935541 1146660 936225 1147260
931665 1135620 932349 1136220
930411 1133220 931095 1133820
928929 1138980 929613 1139580
928245 1132740 928929 1133340
928131 1135620 928815 1136220
924369 1155780 925053 1156380
923229 1128420 923913 1129020
923001 1140900 923685 1141500
921633 1134660 922317 1135260
921405 1142340 922089 1142940
921405 1137540 922089 1138140
920607 1152900 921291 1153500
919695 1145700 920379 1146300
919695 1144260 920379 1144860
919011 1151460 919695 1152060
919011 1144260 919695 1144860
917871 1133220 918555 1133820
913083 1152420 913767 1153020
911943 1137060 912627 1137660
911373 1151460 912057 1152060
902595 1150500 903279 1151100
898035 1149540 898719 1150140
897807 1142340 898491 1142940
896667 1147140 897351 1147740
888915 1151460 889599 1152060
888003 1146180 888687 1146780
885495 1146180 886179 1146780
885495 1145220 886179 1145820
952071 1160100 952413 1160700
916161 1146180 916503 1146780
901227 1144260 901569 1144860
896895 1135620 897237 1136220
895299 1141380 895641 1141980
947739 1158180 948765 1158780
927675 1148100 928701 1148700
925167 1162020 926193 1162620
890283 1139940 891309 1140540
936567 1151940 937365 1152540
943407 1126020 943977 1126620
1002003 1126020 1002345 1126620
957087 1134180 957429 1134780
949107 1133220 949449 1133820
933831 1159620 934173 1160220
933831 1146180 934173 1146780
931323 1150020 931665 1150620
931209 1125540 931551 1126140
919467 1152900 919809 1153500
918555 1130340 918897 1130940
910119 1128420 910461 1129020
903735 1150020 904077 1150620
903621 1128900 903963 1129500
901227 1138980 901569 1139580
896895 1151460 897237 1152060
891195 1162020 891537 1162620
891195 1158660 891537 1159260
889713 1162980 890055 1163580
887205 1153860 887547 1154460
886065 1152420 886407 1153020
866001 1132740 866343 1133340
1006791 1127460 1007589 1128060
1003371 1127460 1004169 1128060
1002915 1126500 1003713 1127100
1000863 1132740 1001661 1133340
1000863 1129860 1001661 1130460
1000407 1136100 1001205 1136700
1000179 1127460 1000977 1128060
999267 1138980 1000065 1139580
998355 1139940 999153 1140540
996759 1138500 997557 1139100
995847 1139460 996645 1140060
993339 1140420 994137 1141020
992655 1138500 993453 1139100
992427 1140420 993225 1141020
992199 1129380 992997 1129980
950475 1163460 951273 1164060
949563 1159140 950361 1159740
949335 1158180 950133 1158780
948195 1163460 948993 1164060
948195 1150500 948993 1151100
947283 1150500 948081 1151100
946599 1158180 947397 1158780
945687 1154820 946485 1155420
945459 1150500 946257 1151100
943179 1152900 943977 1153500
882759 1131300 883557 1131900
936567 1149540 937365 1150140
992997 1139460 993453 1140060
951045 1144260 951501 1144860
949107 1130820 949563 1131420
919353 1162500 919809 1163100
917985 1137060 918441 1137660
917187 1149060 917643 1149660
917187 1146660 917643 1147260
912969 1133220 913425 1133820
907383 1160580 907839 1161180
907383 1146180 907839 1146780
906129 1151940 906585 1152540
906015 1153860 906471 1154460
905217 1153380 905673 1153980
894501 1147140 894957 1147740
888573 1126500 889029 1127100
887889 1131300 888345 1131900
1000407 1138500 1000977 1139100
999723 1132260 1000293 1132860
995619 1138500 996189 1139100
990147 1132260 990717 1132860
952071 1128420 952641 1129020
947055 1126500 947625 1127100
945915 1151460 946485 1152060
944091 1149540 944661 1150140
943407 1158180 943977 1158780
941583 1152420 942153 1153020
940899 1152900 941469 1153500
940443 1150500 941013 1151100
916503 1139460 917073 1140060
912855 1150020 913425 1150620
910347 1152420 910917 1153020
909207 1132260 909777 1132860
893931 1158660 894501 1159260
999951 1130820 1001205 1131420
998241 1125540 999495 1126140
996987 1136580 998241 1137180
995733 1155300 996987 1155900
991059 1140900 992313 1141500
958113 1162500 959367 1163100
958113 1161540 959367 1162140
958113 1148100 959367 1148700
948423 1128420 949677 1129020
918555 1153860 919809 1154460
903735 1151940 904989 1152540
896211 1162500 897465 1163100
876033 1130820 877287 1131420
1003371 1137060 1004169 1137660
1002231 1139940 1003029 1140540
995163 1140420 995961 1141020
994935 1127940 995733 1128540
994251 1140900 995049 1141500
992199 1136580 992997 1137180
991971 1130340 992769 1130940
945687 1162020 946485 1162620
940443 1155300 941241 1155900
938163 1148100 938961 1148700
933831 1163460 934629 1164060
933147 1144260 933945 1144860
894159 1149060 894957 1149660
998127 1135620 999153 1136220
998127 1132740 999153 1133340
995391 1134180 996417 1134780
995391 1133220 996417 1133820
994251 1133220 995277 1133820
993111 1132260 994137 1132860
935883 1148100 936453 1148700
911943 1162980 912513 1163580
933147 1156260 933831 1156860
1007931 1127460 1008615 1128060
1006677 1126500 1007361 1127100
1004169 1126980 1004853 1127580
1000977 1138500 1001661 1139100
1000635 1135140 1001319 1135740
1000407 1126020 1001091 1126620
1000179 1129860 1000863 1130460
998355 1138500 999039 1139100
995847 1143780 996531 1144380
994935 1138500 995619 1139100
994593 1139460 995277 1140060
994137 1142340 994821 1142940
992427 1141380 993111 1141980
990945 1130340 991629 1130940
990831 1132260 991515 1132860
950817 1148580 951501 1149180
949335 1157220 950019 1157820
943293 1160100 943977 1160700
938961 1157700 939645 1158300
890625 1135140 891309 1135740
886863 1134180 887547 1134780
1012263 1128420 1013745 1129500
1010211 1128420 1011693 1129500
1004739 1137060 1006221 1138140
1004511 1133220 1005993 1134300
999267 1137060 1000749 1138140
998583 1128420 1000065 1129500
994935 1135140 996417 1136220
994935 1130340 996417 1131420
993567 1144740 995049 1145820
991059 1138980 992541 1140060
1004739 1129380 1006335 1130460
995049 1144740 996645 1145820
994479 1126500 996075 1127580
1001661 1136100 1003257 1137180
991743 1144740 993339 1145820
991629 1142820 993225 1143900
989919 1133220 991515 1134300
989691 1141860 991287 1142940
989463 1139940 991059 1141020
956517 1138020 958113 1139100
954351 1138980 955947 1140060
949449 1138020 951045 1139100
949221 1144740 950817 1145820
947283 1160100 948879 1161180
946827 1148580 948423 1149660
946599 1154340 948195 1155420
942267 1148580 943863 1149660
881391 1137060 882987 1138140
879681 1136100 881277 1137180
1020927 1139940 1021725 1140540
1004055 1126020 1004853 1126620
995847 1136580 996645 1137180
956175 1128420 956973 1129020
948651 1136580 949449 1137180
948195 1133700 948993 1134300
941241 1150020 942039 1150620
926079 1144260 926877 1144860
906243 1159620 907041 1160220
889257 1150500 890055 1151100
938163 1156740 938733 1157340
993111 1137540 994935 1138140
957543 1150020 959367 1150620
1006221 1125540 1007361 1126140
988665 1136100 989805 1136700
955605 1130340 956745 1130940
948537 1132260 949677 1132860
878655 1130340 879795 1130940
952983 1138020 954009 1138620
952527 1130820 953553 1131420
1007931 1126500 1008387 1127100
1005423 1127940 1005879 1128540
1002915 1125540 1003371 1126140
1002003 1132740 1002459 1133340
1000407 1132260 1000863 1132860
999951 1126500 1000407 1127100
999723 1139940 1000179 1140540
994707 1131780 995163 1132380
991743 1132260 992199 1132860
990147 1130340 990603 1130940
990147 1129380 990603 1129980
958455 1129380 958911 1129980
953553 1139460 954009 1140060
948423 1153860 948879 1154460
945915 1152420 946371 1153020
945231 1149540 945687 1150140
944547 1155780 945003 1156380
943521 1150500 943977 1151100
934059 1149540 934515 1150140
901683 1159620 902139 1160220
895755 1125540 896211 1126140
884127 1127460 884583 1128060
1009299 1125540 1009869 1126140
1005879 1128420 1006449 1129020
1004283 1138500 1004853 1139100
1003143 1139940 1003713 1140540
1001775 1129380 1002345 1129980
994935 1142340 995505 1142940
993567 1127460 994137 1128060
991059 1131300 991629 1131900
990831 1145700 991401 1146300
989007 1135140 989577 1135740
957315 1126500 957885 1127100
956403 1131300 956973 1131900
955947 1160580 956517 1161180
952983 1162500 953553 1163100
950931 1158180 951501 1158780
950931 1135140 951501 1135740
950703 1149540 951273 1150140
949563 1153380 950133 1153980
949563 1146660 950133 1147260
949563 1142820 950133 1143420
948423 1144260 948993 1144860
947055 1152420 947625 1153020
946599 1156260 947169 1156860
944775 1147620 945345 1148220
939075 1150020 939645 1150620
882075 1127460 882645 1128060
881391 1139940 881961 1140540
880707 1131300 881277 1131900
877743 1125540 878313 1126140
876603 1138500 877173 1139100
931437 1133220 932121 1133820
928929 1139940 929613 1140540
928245 1131780 928929 1132380
924483 1152420 925167 1153020
921747 1150980 922431 1151580
919923 1149540 920607 1150140
913197 1131300 913881 1131900
910689 1163460 911373 1164060
910689 1147140 911373 1147740
910575 1126980 911259 1127580
907611 1139940 908295 1140540
902481 1158660 903165 1159260
902139 1157700 902823 1158300
900657 1157700 901341 1158300
896781 1139460 897465 1140060
893019 1162020 893703 1162620
892905 1144260 893589 1144860
890511 1145700 891195 1146300
885267 1127460 885951 1128060
1016481 1143300 1017393 1143900
996075 1158180 996987 1158780
996075 1156260 996987 1156860
986157 1128900 987069 1129500
984333 1143300 985245 1143900
958455 1151940 959367 1152540
958455 1144260 959367 1144860
945801 1138020 946713 1138620
860529 1127940 861441 1128540
860529 1126020 861441 1126620
1000407 1134180 1000977 1134780
960735 1154340 961305 1154940
938733 1152900 938961 1153500
936225 1158660 936453 1159260
919467 1143300 919695 1143900
906471 1127460 906699 1128060
896895 1153860 897123 1154460
895185 1139460 895413 1140060
894387 1154820 894615 1155420
889827 1147620 890055 1148220
886179 1128420 886407 1129020
1022523 1139940 1022751 1140540
1022523 1125540 1022751 1126140
1007589 1127940 1007817 1128540
1002003 1139460 1002231 1140060
989121 1140900 989349 1141500
986613 1137060 986841 1137660
956859 1135140 957087 1135740
944433 1156740 944661 1157340
940785 1159140 941013 1159740
940785 1126980 941013 1127580
938847 1146180 939075 1146780
938049 1145700 938277 1146300
937479 1146180 937707 1146780
936339 1141860 936567 1142460
933831 1152420 934059 1153020
932007 1139460 932235 1140060
924939 1146660 925167 1147260
914907 1156740 915135 1157340
914907 1136580 915135 1137180
911259 1138500 911487 1139100
908751 1126500 908979 1127100
903735 1140420 903963 1141020
902367 1151940 902595 1152540
899859 1146660 900087 1147260
896211 1127940 896439 1128540
893703 1132740 893931 1133340
890397 1134180 890625 1134780
889827 1160580 890055 1161180
887889 1126500 888117 1127100
887661 1131780 887889 1132380
887319 1137060 887547 1137660
881163 1132260 881391 1132860
879681 1129380 879909 1129980
878655 1135140 878883 1135740
1021953 1148580 1022751 1149180
1021953 1126500 1022751 1127100
939759 1127940 940557 1128540
925167 1125540 925965 1126140
919923 1126500 920721 1127100
919467 1156740 920265 1157340
916845 1134180 917643 1134780
914337 1130820 915135 1131420
911259 1157700 912057 1158300
903279 1160100 904077 1160700
900999 1154820 901797 1155420
898719 1137060 899517 1137660
898377 1135140 899175 1135740
893703 1140420 894501 1141020
995391 1154340 996987 1154940
933717 1140900 935313 1141500
927675 1127940 929271 1128540
865089 1131780 866685 1132380
862353 1138980 863949 1139580
996303 1150500 996987 1151100
996303 1149540 996987 1150140
991173 1136100 991857 1136700
955833 1129380 956517 1129980
921063 1132260 921747 1132860
915135 1160100 915819 1160700
912627 1146660 913311 1147260
897579 1145700 898263 1146300
896895 1130820 897579 1131420
895641 1160580 896325 1161180
895641 1159620 896325 1160220
895071 1155780 895755 1156380
892563 1148580 893247 1149180
883329 1148580 884013 1149180
1019217 1131300 1020585 1131900
1016025 1126020 1017393 1126620
995619 1153380 996987 1153980
957999 1152900 959367 1153500
957999 1149060 959367 1149660
957999 1145220 959367 1145820
949449 1129860 950817 1130460
927675 1149060 929043 1149660
876489 1137060 877857 1137660
991971 1125540 992997 1126140
951615 1126500 952641 1127100
919011 1127460 920037 1128060
916503 1127460 917529 1128060
1022295 1160580 1022751 1161180
1022295 1159620 1022751 1160220
1022295 1155780 1022751 1156380
1022295 1154820 1022751 1155420
1022295 1150980 1022751 1151580
1022295 1150020 1022751 1150620
998241 1130340 998697 1130940
996531 1146660 996987 1147260
996531 1141860 996987 1142460
958911 1163460 959367 1164060
958911 1157700 959367 1158300
948765 1156740 949221 1157340
944661 1150020 945117 1150620
931893 1128420 932349 1129020
926877 1158180 927333 1158780
924369 1156740 924825 1157340
924369 1149540 924825 1150140
923001 1139940 923457 1140540
921291 1148580 921747 1149180
913653 1143780 914109 1144380
910233 1149060 910689 1149660
906129 1134660 906585 1135260
903735 1145220 904191 1145820
902709 1144260 903165 1144860
1014543 1139460 1017393 1140060
989805 1148100 992655 1148700
987981 1138980 990831 1139580
987297 1130340 990147 1130940
986157 1142340 989007 1142940
983991 1135140 986841 1135740
983877 1133220 986727 1133820
983649 1131300 986499 1131900
983535 1138020 986385 1138620
948993 1139460 951843 1140060
946371 1142820 949221 1143420
943977 1144260 946827 1144860
879225 1127460 882075 1128060
873525 1126500 876375 1127100
857793 1138500 860643 1139100
857793 1137540 860643 1138140
1019217 1126500 1021155 1127100
1015227 1142340 1017165 1142940
1014771 1129860 1016709 1130460
994593 1162020 996531 1162620
994593 1147620 996531 1148220
990375 1154340 992313 1154940
990147 1151460 992085 1152060
988893 1131300 990831 1131900
987981 1129380 989919 1129980
987411 1139940 989349 1140540
984447 1126500 986385 1127100
961761 1161060 963699 1161660
957201 1127940 959139 1128540
947511 1138020 949449 1138620
946713 1145220 948651 1145820
858705 1133220 860643 1133820
1015911 1134660 1017393 1135260
957885 1158660 959367 1159260
957885 1154820 959367 1155420
935199 1137060 936681 1137660
990945 1160100 996531 1160700
994023 1161060 995961 1161660
993681 1157220 995619 1157820
905217 1129380 907155 1129980
890625 1157700 892563 1158300
890625 1132740 892563 1133340
994251 1128900 994821 1129500
994023 1134180 994593 1134780
948879 1147620 949449 1148220
948537 1149540 949107 1150140
946371 1159620 946941 1160220
925395 1158660 925965 1159260
921861 1156740 922431 1157340
919467 1157700 920037 1158300
919467 1140900 920037 1141500
918441 1136580 919011 1137180
907383 1131300 907953 1131900
936225 1135140 947283 1135740
872385 1145220 883443 1145820
988893 1126500 992655 1127100
942723 1130820 946485 1131420
963471 1150500 992769 1151100
960621 1155780 989919 1156380
960621 1145220 989919 1145820
960621 1144260 989919 1144860
979203 1153380 993909 1153980
977493 1159140 992199 1159740
967917 1149060 982623 1149660
967917 1129860 982623 1130460
862353 1129380 877059 1129980
850497 1163460 865203 1164060
850497 1158660 865203 1159260
850497 1153860 865203 1154460
998241 1160100 1012947 1160700
998241 1159140 1012947 1159740
998241 1158180 1012947 1158780
998241 1156260 1012947 1156860
998241 1155300 1012947 1155900
998241 1150500 1012947 1151100
998241 1149540 1012947 1150140
998241 1146660 1012947 1147260
998241 1144740 1012947 1145340
972819 1125540 987525 1126140
967917 1163460 982623 1164060
961875 1139940 976581 1140540
960621 1135620 975327 1136220
960621 1126980 975327 1127580
855057 1130340 869763 1130940
987867 1158180 995277 1158780
986157 1162980 993567 1163580
959595 1159140 967005 1159740
940785 1146660 948195 1147260
940557 1141380 947967 1141980
940329 1137060 947739 1137660
953097 1163460 954123 1164060
891195 1147620 892221 1148220
883101 1139460 884127 1140060
880593 1147620 881619 1148220
959025 1147140 960735 1147740
1001547 1130820 1001889 1131420
1001547 1125540 1001889 1126140
942837 1125540 943179 1126140
934515 1139940 934857 1140540
933717 1150980 934059 1151580
924483 1129860 924825 1130460
923001 1141860 923343 1142460
921177 1136580 921519 1137180
915477 1147140 915819 1147740
904419 1130340 904761 1130940
901455 1134180 901797 1134780
898605 1141380 898947 1141980
896895 1131780 897237 1132380
886065 1161060 886407 1161660
886065 1159140 886407 1159740
877515 1133220 877857 1133820
995733 1159140 996759 1159740
935199 1138980 936225 1139580
923001 1143780 924027 1144380
900885 1139940 901911 1140540
872385 1156740 883443 1157340
962103 1152420 991401 1153020
1017279 1140420 1018761 1141020
996873 1139940 998355 1140540
996873 1126500 998355 1127100
959253 1130820 960735 1131420
959253 1129860 960735 1130460
952071 1144260 955833 1144860
949791 1137060 953553 1137660
939417 1138020 943179 1138620
872385 1136580 876147 1137180
862695 1127940 866457 1128540
862695 1126020 866457 1126620
1826337 1162020 1841043 1162620
1826337 1157220 1841043 1157820
1826337 1152420 1841043 1153020
1826337 1147620 1841043 1148220
1826337 1142820 1841043 1143420
1826337 1138020 1841043 1138620
1826337 1133220 1841043 1133820
1826337 1128420 1841043 1129020
998241 1147620 1012947 1148220
998241 1143780 1012947 1144380
975213 1143300 982623 1143900
866685 1138020 874095 1138620
850497 1139460 857907 1140060
