950247 1161060 951615 1162140
940215 1160100 941583 1161180
937707 1161060 939075 1162140
936339 1151460 937479 1152060
935997 1156260 936681 1157340
940329 1128420 941583 1129020
928131 1153380 929385 1153980
927789 1162020 929043 1162620
897693 1154340 898947 1154940
942723 1162020 944091 1162620
935199 1154340 936567 1154940
932805 1131780 934173 1132380
927675 1136100 929043 1136700
935883 1148580 937137 1149180
928473 1150020 929727 1150620
927789 1143300 929043 1143900
911259 1144260 912513 1144860
898719 1143780 899517 1144380
936225 1150020 937707 1150620
928701 1157700 930183 1158300
925167 1162500 926649 1163100
932691 1162500 934059 1163100
932691 1161060 934059 1161660
930183 1162500 931551 1163100
890055 1142340 891423 1142940
892563 1141860 893361 1142460
912855 1130820 914451 1131420
908751 1162020 910347 1162620
896211 1155780 897807 1156380
937707 1154340 939303 1154940
933261 1154340 934059 1154940
930753 1156260 931551 1156860
925737 1135140 926535 1135740
905787 1140900 906585 1141500
896781 1128420 897579 1129020
898035 1133700 898833 1134300
1018647 1161540 1022751 1162140
1018647 1158660 1022751 1159260
1018647 1156740 1022751 1157340
1018647 1151940 1022751 1152540
1017165 1153860 1018761 1154460
886179 1149540 886407 1150140
922659 1135620 923343 1136220
941355 1158180 942153 1158780
939759 1162500 940557 1163100
937707 1141860 938505 1142460
937023 1131300 937821 1131900
934743 1155780 935541 1156380
914223 1129860 915021 1130460
908979 1158660 909777 1159260
1840929 1162020 1843437 1162620
1840929 1157220 1843437 1157820
1840929 1152420 1843437 1153020
1840929 1147620 1843437 1148220
1840929 1142820 1843437 1143420
1840929 1138020 1843437 1138620
1840929 1133220 1843437 1133820
1840929 1128420 1843437 1129020
1011693 1157700 1017279 1158300
1840929 1159620 1859283 1160220
1840929 1154820 1859283 1155420
1840929 1150020 1859283 1150620
1840929 1145220 1859283 1145820
1840929 1140420 1859283 1141020
1840929 1135620 1859283 1136220
1840929 1130820 1859283 1131420
1840929 1126020 1859283 1126620
931893 1153860 932349 1154460
928017 1162980 928473 1163580
918669 1150500 919125 1151100
913653 1156740 914109 1157340
913653 1132260 914109 1132860
918897 1125540 920265 1126620
938847 1152900 939873 1153500
936795 1136580 937821 1137180
931779 1142820 932805 1143420
927903 1161060 928929 1161660
913995 1136100 915021 1136700
890055 1140900 891081 1141500
937023 1127460 938049 1128060
935427 1131300 936453 1131900
934971 1127940 935997 1128540
926535 1157220 927561 1157820
897807 1127460 898833 1128060
895299 1134180 896325 1134780
987639 1138020 988779 1138620
938961 1142340 940101 1142940
937707 1152900 938847 1153500
937707 1143780 938847 1144380
937365 1158660 938505 1159260
932805 1127460 933945 1128060
932463 1156740 933603 1157340
926649 1153860 927789 1154460
925053 1141860 926193 1142460
922773 1139460 923913 1140060
922773 1129860 923913 1130460
921975 1162500 923115 1163100
921747 1158660 922887 1159260
920151 1129380 921291 1129980
919353 1146180 920493 1146780
919011 1158660 920151 1159260
915819 1160580 916959 1161180
915819 1128420 916959 1129020
914451 1147140 915591 1147740
911373 1131780 912513 1132380
910119 1153380 911259 1153980
909549 1131780 910689 1132380
907041 1158180 908181 1158780
906471 1143780 907611 1144380
906357 1131300 907497 1131900
903849 1131300 904989 1131900
903279 1159140 904419 1159740
891309 1156260 892449 1156860
890169 1146180 891309 1146780
890055 1156740 891195 1157340
889371 1134180 890511 1134780
886635 1131780 887775 1132380
884583 1140900 885723 1141500
1002459 1131780 1003599 1132380
939645 1157700 940785 1158300
935883 1160580 937023 1161180
935883 1152900 937023 1153500
935199 1158660 936339 1159260
933375 1159140 934515 1159740
928929 1159620 930069 1160220
926421 1159620 927561 1160220
925851 1158660 926991 1159260
923343 1147140 924483 1147740
922317 1156740 923457 1157340
918897 1162020 920037 1162620
914451 1140420 915591 1141020
912627 1162500 913767 1163100
906699 1135620 907839 1136220
890739 1130820 891879 1131420
888231 1131300 889371 1131900
896439 1134660 897009 1135260
942153 1126500 943521 1127580
941469 1130340 942837 1131420
939303 1129380 940671 1130460
938961 1125540 940329 1126620
935085 1132260 936453 1133340
933945 1137060 935313 1138140
932007 1133220 933375 1134300
931437 1139940 932805 1141020
929385 1130340 930753 1131420
927447 1139940 928815 1141020
927219 1133220 928587 1134300
926991 1151460 928359 1152540
926535 1137060 927903 1138140
926421 1141860 927789 1142940
924141 1158180 925509 1159260
924141 1130340 925509 1131420
924027 1134180 925395 1135260
923913 1143780 925281 1144860
920037 1148580 921405 1149660
920037 1135140 921405 1136220
919923 1140900 921291 1141980
918897 1138020 920265 1139100
917529 1148580 918897 1149660
917529 1146660 918897 1147740
917529 1138980 918897 1140060
916731 1141860 918099 1142940
914907 1145700 916275 1146780
914907 1138020 916275 1139100
914907 1132260 916275 1133340
914223 1152420 915591 1153500
912513 1154340 913881 1155420
912513 1128420 913881 1129500
912399 1135140 913767 1136220
912285 1139940 913653 1141020
912171 1145700 913539 1146780
911715 1142820 913083 1143900
911715 1133220 913083 1134300
911373 1148580 912741 1149660
910005 1157220 911373 1158300
910005 1154340 911373 1155420
909207 1162980 910575 1164060
908865 1147620 910233 1148700
907497 1152420 908865 1153500
906813 1155300 908181 1156380
904989 1158180 906357 1159260
904989 1126500 906357 1127580
904533 1138980 905901 1140060
904191 1142820 905559 1143900
903963 1153380 905331 1154460
903849 1148580 905217 1149660
902367 1156260 903735 1157340
902367 1147620 903735 1148700
901911 1136100 903279 1137180
901797 1127460 903165 1128540
901341 1153380 902709 1154460
899973 1152420 901341 1153500
899973 1133220 901341 1134300
899973 1127460 901341 1128540
899859 1162020 901227 1163100
899859 1138020 901227 1139100
898947 1145700 900315 1146780
898947 1129380 900315 1130460
897351 1152420 898719 1153500
896781 1136100 898149 1137180
896553 1147620 897921 1148700
896325 1145700 897693 1146780
896325 1132260 897693 1133340
896325 1129380 897693 1130460
894843 1148580 896211 1149660
894045 1128420 895413 1129500
893931 1143780 895299 1144860
892449 1127460 893817 1128540
892335 1138980 893703 1140060
892335 1137060 893703 1138140
891537 1146660 892905 1147740
891309 1154340 892677 1155420
891309 1144740 892677 1145820
889941 1162980 891309 1164060
889941 1155300 891309 1156380
889599 1153380 890967 1154460
889371 1129380 890739 1130460
889029 1148580 890397 1149660
889029 1144740 890397 1145820
888915 1126500 890283 1127580
886977 1148580 888345 1149660
886635 1142820 888003 1143900
886521 1138980 887889 1140060
886293 1135140 887661 1136220
939075 1137060 940443 1138140
938961 1145700 940329 1146780
936453 1144740 937821 1145820
934287 1142820 935655 1143900
933945 1144740 935313 1145820
933945 1138980 935313 1140060
933945 1130340 935313 1131420
932235 1128420 933603 1129500
931665 1130340 933033 1131420
931437 1137060 932805 1138140
929955 1134180 931323 1135260
929043 1154340 930411 1155420
928929 1147620 930297 1148700
927447 1128420 928815 1129500
926763 1131300 928131 1132380
926649 1155300 928017 1156380
926535 1145700 927903 1146780
925053 1146660 926421 1147740
924825 1139940 926193 1141020
924711 1156260 926079 1157340
924711 1149540 926079 1150620
924141 1161060 925509 1162140
924141 1153380 925509 1154460
919923 1130340 921291 1131420
919809 1162980 921177 1164060
919581 1154340 920949 1155420
917529 1162980 918897 1164060
917529 1161060 918897 1162140
917529 1159140 918897 1160220
917529 1131300 918897 1132380
917529 1129380 918897 1130460
917301 1135140 918669 1136220
916731 1137060 918099 1138140
916617 1143780 917985 1144860
915021 1150500 916389 1151580
915021 1130340 916389 1131420
915021 1126500 916389 1127580
914907 1155300 916275 1156380
913995 1143780 915363 1144860
912399 1161060 913767 1162140
912399 1151460 913767 1152540
911373 1138020 912741 1139100
910005 1159140 911373 1160220
909891 1151460 911259 1152540
909891 1135140 911259 1136220
909663 1144740 911031 1145820
909207 1130340 910575 1131420
908865 1149540 910233 1150620
908865 1138980 910233 1140060
908865 1137060 910233 1138140
908865 1133220 910233 1134300
908865 1128420 910233 1129500
907497 1162980 908865 1164060
907497 1126500 908865 1127580
907383 1161060 908751 1162140
907383 1150500 908751 1151580
907383 1132260 908751 1133340
906813 1146660 908181 1147740
906699 1141860 908067 1142940
904875 1151460 906243 1152540
904647 1162020 906015 1163100
903963 1145700 905331 1146780
903963 1129380 905331 1130460
902481 1151460 903849 1152540
902481 1141860 903849 1142940
902253 1161060 903621 1162140
901683 1134180 903051 1135260
901341 1129380 902709 1130460
899631 1139940 900999 1141020
899061 1135140 900429 1136220
898947 1148580 900315 1149660
897465 1160100 898833 1161180
897351 1162020 898719 1163100
897009 1138020 898377 1139100
896667 1139940 898035 1141020
896553 1150500 897921 1151580
896553 1143780 897921 1144860
894957 1138020 896325 1139100
893931 1135140 895299 1136220
893817 1150500 895185 1151580
892449 1130340 893817 1131420
892335 1151460 893703 1152540
891537 1159140 892905 1160220
891309 1148580 892677 1149660
889827 1151460 891195 1152540
889827 1136100 891195 1137180
886293 1154340 887661 1155420
886293 1146660 887661 1147740
882075 1154340 883443 1155420
882075 1136100 883443 1137180
938961 1147140 939645 1147740
937137 1138500 937821 1139100
936567 1134180 937251 1134780
926763 1134660 927447 1135260
919353 1160580 920037 1161180
914451 1127940 915135 1128540
914337 1159620 915021 1160220
910689 1146660 911373 1147260
893133 1161060 893817 1161660
893133 1153380 893817 1153980
890397 1161060 891081 1161660
953211 1140420 953895 1141020
925053 1152420 925737 1153020
908181 1144260 908865 1144860
893817 1147620 894501 1148220
936339 1143780 936681 1144380
935085 1134180 935427 1134780
934743 1146180 935085 1146780
932235 1149060 932577 1149660
919467 1134180 919809 1134780
916275 1140900 916617 1141500
914679 1154340 915021 1154940
913767 1148580 914109 1149180
911259 1125540 911601 1126140
903735 1126500 904077 1127100
901227 1143780 901569 1144380
888687 1147140 889029 1147740
936567 1146180 937593 1146780
931551 1150020 932577 1150620
931323 1150980 932349 1151580
927903 1146180 928929 1146780
911487 1158180 912513 1158780
907383 1145700 908409 1146300
893931 1146660 894957 1147260
891651 1135140 892677 1135740
888687 1140420 889713 1141020
887547 1145220 888573 1145820
940899 1126500 941469 1127100
1002459 1137540 1002801 1138140
944319 1129380 944661 1129980
939303 1140420 939645 1141020
939303 1126980 939645 1127580
938619 1151460 938961 1152060
933831 1142340 934173 1142940
932235 1138500 932577 1139100
931323 1158660 931665 1159260
929043 1132260 929385 1132860
928815 1155780 929157 1156380
926193 1130820 926535 1131420
925167 1126980 925509 1127580
923115 1163460 923457 1164060
919923 1152420 920265 1153020
906243 1147620 906585 1148220
905445 1136580 905787 1137180
903621 1130340 903963 1130940
902595 1149060 902937 1149660
902253 1137540 902595 1138140
901227 1135140 901569 1135740
900315 1141860 900657 1142460
898719 1144740 899061 1145340
893703 1157220 894045 1157820
891081 1128420 891423 1129020
888573 1135620 888915 1136220
888459 1156260 888801 1156860
887205 1127940 887547 1128540
886635 1158180 886977 1158780
886065 1132740 886407 1133340
886065 1130820 886407 1131420
945687 1159620 946485 1160220
945687 1158660 946485 1159260
1001319 1140420 1001775 1141020
939417 1159140 939873 1159740
933831 1157220 934287 1157820
931323 1152900 931779 1153500
931209 1131300 931665 1131900
928587 1126500 929043 1127100
926307 1161060 926763 1161660
923571 1140900 924027 1141500
923001 1160100 923457 1160700
923001 1155300 923457 1155900
916047 1157220 916503 1157820
914565 1151460 915021 1152060
914451 1139460 914907 1140060
913767 1134660 914223 1135260
894615 1161060 895071 1161660
894615 1153860 895071 1154460
942723 1156260 943293 1156860
942723 1154820 943293 1155420
941583 1156260 942153 1156860
940899 1159140 941469 1159740
927447 1126980 928017 1127580
925623 1128900 926193 1129500
924939 1155300 925509 1155900
919011 1130820 919581 1131420
914223 1137060 914793 1137660
911487 1160100 912057 1160700
904419 1134180 904989 1134780
990603 1137060 991857 1137660
935313 1147140 936567 1147740
890169 1133220 891423 1133820
949107 1159620 949905 1160220
939075 1149540 939873 1150140
937707 1162500 938505 1163100
937707 1147140 938505 1147740
933147 1150020 933945 1150620
932691 1146660 933489 1147260
931551 1135140 932349 1135740
930639 1139460 931437 1140060
930639 1132260 931437 1132860
930183 1151940 930981 1152540
930183 1136100 930981 1136700
929043 1146660 929841 1147260
917871 1153860 918669 1154460
911487 1150980 912285 1151580
901683 1151940 902481 1152540
901227 1145700 902025 1146300
898035 1148100 898833 1148700
887547 1150500 888345 1151100
885495 1153380 886293 1153980
992427 1135620 993453 1136220
937593 1146180 938277 1146780
1008615 1130340 1010097 1131420
1006791 1130340 1008273 1131420
1003599 1130340 1005081 1131420
1001775 1140900 1003257 1141980
1001775 1130340 1003257 1131420
999495 1133220 1001091 1134300
999495 1131300 1001091 1132380
999153 1140900 1000749 1141980
994821 1137060 996417 1138140
949791 1141860 951387 1142940
949221 1148580 950817 1149660
944547 1156260 946143 1157340
944319 1153380 945915 1154460
881277 1132260 882873 1133340
1004055 1129380 1004853 1129980
948537 1144740 949335 1145340
945231 1126980 946029 1127580
943863 1150500 944661 1151100
943407 1149540 944205 1150140
941241 1149540 942039 1150140
936111 1141380 936909 1141980
936111 1139460 936909 1140060
931323 1154820 932121 1155420
914109 1157220 914907 1157820
909321 1142340 910119 1142940
908409 1136100 909207 1136700
904989 1155780 905787 1156380
901797 1149540 902595 1150140
901683 1130820 902481 1131420
895641 1160100 896439 1160700
888687 1132260 889485 1132860
886749 1137540 887547 1138140
886179 1134180 886977 1134780
883101 1138980 884925 1139580
1006221 1126020 1007361 1126620
988665 1137060 989805 1137660
948081 1154820 949221 1155420
942495 1150500 943635 1151100
906813 1128420 907953 1129020
878655 1130820 879795 1131420
998583 1129860 1000293 1130460
987867 1133700 989577 1134300
910005 1127460 911715 1128060
887205 1158660 888915 1159260
885381 1151940 887091 1152540
883671 1138020 885381 1138620
883671 1134180 885381 1134780
952527 1136580 953553 1137180
952527 1135620 953553 1136220
880251 1135140 881277 1135740
879111 1138500 880137 1139100
887775 1134660 888801 1135260
948537 1159620 948993 1160220
945687 1150020 946143 1150620
943977 1159140 944433 1159740
942723 1152420 943179 1153020
930981 1150020 931437 1150620
908295 1160100 908751 1160700
882987 1135140 883443 1135740
882531 1135140 882987 1135740
1004739 1127460 1005309 1128060
994479 1129380 995049 1129980
956859 1137060 957429 1137660
956403 1129380 956973 1129980
949335 1137060 949905 1137660
949107 1126020 949677 1126620
948879 1133700 949449 1134300
943863 1158180 944433 1158780
943407 1157220 943977 1157820
878199 1127940 878769 1128540
952527 1143780 953211 1144380
931551 1138980 932235 1139580
929955 1139460 930639 1140060
923913 1156260 924597 1156860
923229 1141860 923913 1142460
921975 1142340 922659 1142940
920151 1156740 920835 1157340
919353 1144740 920037 1145340
918897 1140900 919581 1141500
916731 1150020 917415 1150620
915705 1147140 916389 1147740
912627 1153380 913311 1153980
909321 1143780 910005 1144380
908181 1158660 908865 1159260
908181 1135140 908865 1135740
905673 1159620 906357 1160220
905103 1147140 905787 1147740
903963 1160100 904647 1160700
903849 1147140 904533 1147740
903165 1145220 903849 1145820
901911 1140420 902595 1141020
901569 1157220 902253 1157820
900315 1159620 900999 1160220
900087 1156260 900771 1156860
899403 1147140 900087 1147740
898035 1126500 898719 1127100
895185 1152420 895869 1153020
892563 1156740 893247 1157340
890625 1162020 891309 1162620
888117 1155300 888801 1155900
887319 1126500 888003 1127100
884925 1145700 885609 1146300
991401 1143780 992313 1144380
956175 1135620 957087 1136220
946257 1152420 947169 1153020
946029 1148580 946941 1149180
945117 1151460 946029 1152060
939645 1150500 940557 1151100
935655 1129380 936567 1129980
908751 1146180 909663 1146780
901227 1160580 902139 1161180
896325 1126020 897237 1126620
888117 1133700 889029 1134300
886065 1155780 886977 1156380
883215 1130820 884127 1131420
881163 1130340 882075 1130940
880821 1138020 881733 1138620
993111 1142820 993681 1143420
1005081 1126500 1005309 1127100
1002117 1137060 1002345 1137660
995049 1140420 995277 1141020
992769 1140900 992997 1141500
992085 1136580 992313 1137180
948195 1159140 948423 1159740
940329 1155300 940557 1155900
940329 1143780 940557 1144380
940101 1158660 940329 1159260
939873 1156260 940101 1156860
937251 1128420 937479 1129020
936339 1125540 936567 1126140
933033 1144260 933261 1144860
932577 1158660 932805 1159260
931893 1159140 932121 1159740
931323 1127940 931551 1128540
930297 1146180 930525 1146780
929157 1127940 929385 1128540
926307 1136580 926535 1137180
924369 1157220 924597 1157820
922659 1143300 922887 1143900
917529 1134180 917757 1134780
915705 1134180 915933 1134780
913881 1158180 914109 1158780
911259 1140900 911487 1141500
906243 1153380 906471 1153980
905445 1160580 905673 1161180
904875 1137060 905103 1137660
902937 1144740 903165 1145340
902367 1132740 902595 1133340
902025 1159620 902253 1160220
898719 1155300 898947 1155900
896895 1153380 897123 1153980
894729 1152900 894957 1153500
894273 1159620 894501 1160220
892677 1140420 892905 1141020
888573 1160100 888801 1160700
886065 1146180 886293 1146780
885153 1149540 885381 1150140
883557 1140900 883785 1141500
1003257 1127460 1003485 1128060
1002345 1132740 1002573 1133340
1002117 1126500 1002345 1127100
1000293 1138500 1000521 1139100
999951 1138980 1000179 1139580
999951 1128420 1000179 1129020
994593 1140420 994821 1141020
992997 1141860 993225 1142460
992997 1134180 993225 1134780
992541 1130820 992769 1131420
949449 1150020 949677 1150620
948309 1153860 948537 1154460
947283 1157220 947511 1157820
944433 1157700 944661 1158300
943293 1158180 943521 1158780
943293 1151940 943521 1152540
941355 1162500 941583 1163100
941355 1154340 941583 1154940
940785 1152900 941013 1153500
937251 1153380 937479 1153980
936339 1162500 936567 1163100
935313 1126020 935541 1126620
932919 1152420 933147 1153020
932691 1149540 932919 1150140
932463 1126020 932691 1126620
929955 1163460 930183 1164060
923799 1131780 924027 1132380
923799 1126980 924027 1127580
923001 1138020 923229 1138620
923001 1134180 923229 1134780
919695 1132740 919923 1133340
915021 1134180 915249 1134780
913767 1160580 913995 1161180
913197 1160100 913425 1160700
912399 1162980 912627 1163580
911829 1137060 912057 1137660
909891 1141380 910119 1141980
904875 1147620 905103 1148220
901227 1141380 901455 1141980
897921 1149540 898149 1150140
896211 1141860 896439 1142460
894957 1131780 895185 1132380
894843 1142340 895071 1142940
892677 1134180 892905 1134780
892107 1160580 892335 1161180
891195 1150500 891423 1151100
885381 1155780 885609 1156380
882873 1138020 883101 1138620
945801 1162980 946599 1163580
945231 1161540 946029 1162140
942723 1160580 943521 1161180
941355 1152900 942153 1153500
941013 1142340 941811 1142940
937707 1159620 938505 1160220
936339 1155300 937137 1155900
931095 1160100 931893 1160700
931095 1144260 931893 1144860
924369 1162980 925167 1163580
923799 1152420 924597 1153020
923799 1133220 924597 1133820
921975 1161540 922773 1162140
921177 1145220 921975 1145820
920949 1153380 921747 1153980
920949 1134180 921747 1134780
920835 1158180 921633 1158780
920835 1142820 921633 1143420
920151 1133700 920949 1134300
919467 1143780 920265 1144380
918783 1142820 919581 1143420
915591 1153860 916389 1154460
913311 1150020 914109 1150620
913197 1138980 913995 1139580
911259 1163460 912057 1164060
911145 1161540 911943 1162140
900999 1131780 901797 1132380
900771 1137060 901569 1137660
898947 1136580 899745 1137180
895755 1154340 896553 1154940
895071 1155300 895869 1155900
895071 1145220 895869 1145820
893475 1149060 894273 1149660
893361 1141380 894159 1141980
889257 1139460 890055 1140060
888231 1151460 889029 1152060
887547 1136580 888345 1137180
886293 1140420 887091 1141020
906699 1139460 908409 1140060
906699 1138500 908409 1139100
899175 1157220 900885 1157820
1003257 1137540 1004853 1138140
1000635 1138980 1002231 1139580
1000179 1135620 1001775 1136220
993453 1127940 995049 1128540
993225 1131780 994821 1132380
990261 1131780 991857 1132380
951045 1128900 952641 1129500
948765 1158660 950361 1159260
943521 1127940 945117 1128540
910119 1143300 911715 1143900
1002915 1126020 1003599 1126620
995049 1131780 995733 1132380
991173 1135620 991857 1136220
957201 1134660 957885 1135260
956289 1133700 956973 1134300
951045 1143780 951729 1144380
946029 1157700 946713 1158300
943863 1160100 944547 1160700
943863 1152420 944547 1153020
942723 1153860 943407 1154460
941241 1157220 941925 1157820
940899 1150980 941583 1151580
938619 1131300 939303 1131900
935199 1162500 935883 1163100
934401 1149540 935085 1150140
933489 1155300 934173 1155900
931209 1126020 931893 1126620
928359 1138980 929043 1139580
925965 1132740 926649 1133340
925167 1136580 925851 1137180
923799 1128420 924483 1129020
923685 1137060 924369 1137660
921063 1159140 921747 1159740
919467 1131780 920151 1132380
919353 1137060 920037 1137660
917301 1157700 917985 1158300
915135 1142820 915819 1143420
913311 1125540 913995 1126140
908637 1153860 909321 1154460
908637 1141380 909321 1141980
906015 1149540 906699 1150140
905217 1132260 905901 1132860
903393 1139460 904077 1140060
900771 1155780 901455 1156380
900201 1132260 900885 1132860
899403 1144740 900087 1145340
896781 1126980 897465 1127580
895869 1151940 896553 1152540
890055 1159140 890739 1159740
890055 1138500 890739 1139100
890055 1135140 890739 1135740
889371 1160100 890055 1160700
888573 1161540 889257 1162140
888345 1150020 889029 1150620
888231 1157220 888915 1157820
888231 1138500 888915 1139100
887547 1157700 888231 1158300
886863 1153380 887547 1153980
886065 1145220 886749 1145820
878199 1135620 878883 1136220
1000635 1137540 1002003 1138140
998241 1136100 999609 1136700
992313 1138020 993681 1138620
952755 1161540 954123 1162140
948765 1156260 950133 1156860
948309 1143780 949677 1144380
947853 1140900 949221 1141500
945345 1126020 946713 1126620
940215 1161540 941583 1162140
935199 1161540 936567 1162140
930183 1161540 931551 1162140
925167 1148580 926535 1149180
892563 1133220 893931 1133820
887547 1152900 888915 1153500
886065 1160100 887433 1160700
881733 1134180 883101 1134780
878427 1136580 879795 1137180
916503 1126500 917871 1127100
906699 1148580 908067 1149180
906699 1136580 908067 1137180
929955 1126500 930981 1127100
920607 1126020 921633 1126620
918783 1127940 919809 1128540
916503 1125540 917529 1126140
914907 1125540 915933 1126140
906699 1137540 907725 1138140
1001433 1126980 1001889 1127580
998925 1138500 999381 1139100
948993 1136100 949449 1136700
948651 1162500 949107 1163100
947853 1162500 948309 1163100
947397 1158660 947853 1159260
945573 1152420 946029 1153020
941127 1155300 941583 1155900
939759 1144740 940215 1145340
938619 1127940 939075 1128540
937821 1156740 938277 1157340
935085 1159620 935541 1160220
935085 1153380 935541 1153980
935085 1126980 935541 1127580
931095 1147620 931551 1148220
929385 1145220 929841 1145820
926079 1127460 926535 1128060
924369 1129380 924825 1129980
923571 1148100 924027 1148700
923571 1126020 924027 1126620
921291 1162020 921747 1162620
921291 1138980 921747 1139580
921291 1127460 921747 1128060
916959 1130820 917415 1131420
916275 1162500 916731 1163100
913539 1133700 913995 1134300
908523 1157700 908979 1158300
906129 1134180 906585 1134780
904647 1135620 905103 1136220
899403 1161540 899859 1162140
896781 1131300 897237 1131900
893589 1126500 894045 1127100
892677 1126500 893133 1127100
891081 1134660 891537 1135260
884925 1126500 885381 1127100
883671 1131780 884127 1132380
883671 1126980 884127 1127580
866001 1135140 866457 1135740
1014429 1131780 1017279 1132380
1013745 1143300 1016595 1143900
1003143 1128420 1005993 1129020
997101 1126020 999951 1126620
991515 1128900 994365 1129500
989805 1146180 992655 1146780
986157 1141860 989007 1142460
955833 1139460 958683 1140060
954465 1126500 957315 1127100
953439 1128900 956289 1129500
946371 1130340 949221 1130940
884241 1162020 887091 1162620
880593 1148580 883443 1149180
878427 1132260 881277 1132860
878199 1126980 881049 1127580
877629 1134180 880479 1134780
876945 1129380 879795 1129980
875805 1138980 878655 1139580
858705 1136100 861555 1136700
996417 1141380 998355 1141980
994023 1143780 995961 1144380
989805 1145220 991743 1145820
989805 1141380 991743 1141980
989805 1134660 991743 1135260
987867 1135620 989805 1136220
987297 1140900 989235 1141500
954579 1138500 956517 1139100
948993 1138980 950931 1139580
946371 1149540 948309 1150140
940215 1148100 942153 1148700
893361 1158180 895299 1158780
882873 1147620 884811 1148220
882075 1149540 884013 1150140
881847 1139940 883785 1140540
880251 1129380 882189 1129980
879795 1126020 881733 1126620
879681 1139460 881619 1140060
876831 1137540 878769 1138140
996987 1126980 998469 1127580
996531 1131780 998013 1132380
955263 1162500 956745 1163100
955263 1161540 956745 1162140
952527 1160580 954009 1161180
932691 1147620 934173 1148220
916161 1151940 917643 1152540
901113 1126500 902595 1127100
887547 1128420 889029 1129020
883671 1155300 885153 1155900
999039 1126980 1000977 1127580
950247 1140420 952185 1141020
938049 1132260 939987 1132860
935997 1140420 937935 1141020
933717 1141380 935655 1141980
933261 1151460 935199 1152060
930183 1141860 932121 1142460
927675 1156740 929613 1157340
902025 1162500 903963 1163100
892677 1162500 894615 1163100
890625 1132260 892563 1132860
889827 1158180 891765 1158780
884241 1143780 886179 1144380
884241 1141860 886179 1142460
1016823 1130820 1018761 1131420
921177 1152420 923115 1153020
921177 1151460 923115 1152060
921177 1150500 923115 1151100
921177 1147620 923115 1148220
921177 1146660 923115 1147260
921177 1137060 923115 1137660
883557 1129860 885495 1130460
1008159 1127940 1008729 1128540
1002231 1129380 1002801 1129980
999039 1134660 999609 1135260
998127 1130820 998697 1131420
992883 1136580 993453 1137180
991971 1140420 992541 1141020
990375 1138500 990945 1139100
986271 1138020 986841 1138620
956175 1130820 956745 1131420
953895 1139460 954465 1140060
951843 1142820 952413 1143420
951159 1163460 951729 1164060
951159 1126500 951729 1127100
947739 1163460 948309 1164060
946371 1153860 946941 1154460
944775 1155300 945345 1155900
942723 1162980 943293 1163580
941127 1125540 941697 1126140
937707 1148100 938277 1148700
937707 1129380 938277 1129980
936567 1158180 937137 1158780
932463 1159620 933033 1160220
932007 1136100 932577 1136700
931323 1145700 931893 1146300
930981 1133220 931551 1133820
930411 1138020 930981 1138620
930183 1160580 930753 1161180
929955 1133220 930525 1133820
928473 1129860 929043 1130460
926307 1143780 926877 1144380
926193 1138980 926763 1139580
921063 1132740 921633 1133340
919923 1127460 920493 1128060
918441 1133220 919011 1133820
916161 1149060 916731 1149660
916047 1139460 916617 1140060
915933 1158660 916503 1159260
915933 1148100 916503 1148700
914565 1162980 915135 1163580
913539 1126980 914109 1127580
911259 1156260 911829 1156860
910233 1156260 910803 1156860
908523 1140420 909093 1141020
907155 1125540 907725 1126140
906129 1138020 906699 1138620
904419 1161060 904989 1161660
904305 1150500 904875 1151100
901227 1144740 901797 1145340
900885 1149060 901455 1149660
898377 1156740 898947 1157340
895869 1142820 896439 1143420
895299 1140900 895869 1141500
895299 1125540 895869 1126140
894501 1127460 895071 1128060
894501 1126500 895071 1127100
893703 1145700 894273 1146300
893475 1142820 894045 1143420
891195 1139460 891765 1140060
891195 1138500 891765 1139100
890967 1137540 891537 1138140
887547 1161540 888117 1162140
887547 1133220 888117 1133820
885837 1127460 886407 1128060
882303 1131300 882873 1131900
882075 1138020 882645 1138620
878427 1126020 878997 1126620
876261 1126500 876831 1127100
864519 1137540 865089 1138140
1006107 1126980 1017165 1127580
1004397 1158660 1015455 1159260
1004397 1150020 1015455 1150620
1003143 1135620 1014201 1136220
975213 1140420 986271 1141020
936225 1135620 947283 1136220
847761 1126500 858819 1127100
1859283 1162020 1863045 1162620
1859283 1157220 1863045 1157820
1859283 1152420 1863045 1153020
1859283 1147620 1863045 1148220
1859283 1142820 1863045 1143420
1859283 1138020 1863045 1138620
1859283 1133220 1863045 1133820
1859283 1128420 1863045 1129020
1018647 1150020 1022409 1150620
1018647 1146180 1022409 1146780
1018647 1145220 1022409 1145820
1018647 1141380 1022409 1141980
1018647 1140420 1022409 1141020
1018647 1139460 1022409 1140060
1018647 1131780 1022409 1132380
1018647 1126020 1022409 1126620
993339 1133700 997101 1134300
987867 1126980 991629 1127580
952755 1141380 956517 1141980
951273 1131300 955035 1131900
943065 1145220 946827 1145820
900315 1158180 904077 1158780
881049 1128420 884811 1129020
862011 1135620 865773 1136220
960621 1154820 989919 1155420
960621 1130820 989919 1131420
960621 1126020 989919 1126620
960393 1143780 989691 1144380
958341 1132260 987639 1132860
843201 1160580 872499 1161180
843201 1159620 872499 1160220
843201 1155780 872499 1156380
843201 1154820 872499 1155420
843201 1146180 872499 1146780
843201 1141380 872499 1141980
1840929 1158660 1855635 1159260
1840929 1153860 1855635 1154460
1840929 1149060 1855635 1149660
1840929 1144260 1855635 1144860
1840929 1139460 1855635 1140060
1840929 1134660 1855635 1135260
1840929 1129860 1855635 1130460
1006221 1129380 1020927 1129980
1005879 1133220 1020585 1133820
1003599 1138980 1018305 1139580
850497 1149060 865203 1149660
1826337 1161060 1841043 1161660
1826337 1156260 1841043 1156860
1826337 1151460 1841043 1152060
1826337 1146660 1841043 1147260
1826337 1141860 1841043 1142460
1826337 1137060 1841043 1137660
1826337 1132260 1841043 1132860
1826337 1127460 1841043 1128060
1006107 1137060 1020813 1137660
1005537 1148580 1020243 1149180
1004625 1134180 1019331 1134780
1003599 1139940 1018305 1140540
998241 1162980 1012947 1163580
998241 1161060 1012947 1161660
998241 1154340 1012947 1154940
998241 1153380 1012947 1153980
998241 1151460 1012947 1152060
997215 1145220 1011921 1145820
989805 1159620 1004511 1160220
989805 1155780 1004511 1156380
989805 1149060 1004511 1149660
975213 1139460 989919 1140060
972933 1134180 987639 1134780
960621 1153860 975327 1154460
958341 1137060 973047 1137660
947055 1127460 961761 1128060
946371 1151460 961077 1152060
857793 1139460 872499 1140060
843201 1135620 857907 1136220
843201 1131780 857907 1132380
1013631 1128420 1021041 1129020
1008729 1126020 1016139 1126620
1008615 1146180 1016025 1146780
970197 1159140 977607 1159740
958455 1149540 965865 1150140
958455 1135140 965865 1135740
954465 1160100 961875 1160700
952299 1159140 959709 1159740
950703 1144740 958113 1145340
950475 1156260 957885 1156860
950475 1145700 957885 1146300
950247 1150020 957657 1150620
950133 1155300 957543 1155900
948879 1157700 956289 1158300
948765 1153860 956175 1154460
947169 1134660 954579 1135260
941013 1131780 948423 1132380
940785 1147140 948195 1147740
876945 1161060 884355 1161660
876945 1160100 884355 1160700
876945 1156260 884355 1156860
876945 1150500 884355 1151100
876945 1146660 884355 1147260
876945 1145700 884355 1146300
876945 1142820 884355 1143420
868509 1131300 875919 1131900
857793 1134660 865203 1135260
857793 1130820 865203 1131420
843201 1162500 850611 1163100
843201 1158660 850611 1159260
843201 1157700 850611 1158300
843201 1153860 850611 1154460
843201 1144260 850611 1144860
1002687 1134660 1003713 1135260
997101 1129860 998127 1130460
995961 1126500 996987 1127100
994023 1141380 995049 1141980
994023 1130340 995049 1130940
958341 1133700 959367 1134300
958341 1128900 959367 1129500
953097 1162980 954123 1163580
952527 1126500 953553 1127100
951387 1138980 952413 1139580
950817 1159140 951843 1159740
948993 1132740 950019 1133340
930867 1148580 931893 1149180
918783 1151940 919809 1152540
916845 1152900 917871 1153500
911373 1126500 912399 1127100
905559 1127940 906585 1128540
902709 1128900 903735 1129500
898719 1162980 899745 1163580
895413 1161540 896439 1162140
885381 1157700 886407 1158300
885381 1128900 886407 1129500
921405 1149540 923115 1150140
1009071 1127940 1009413 1128540
1003143 1136580 1003485 1137180
1001547 1128420 1001889 1129020
1001433 1136580 1001775 1137180
1000863 1136580 1001205 1137180
1000179 1134660 1000521 1135260
999039 1142340 999381 1142940
996531 1145220 996873 1145820
994935 1136100 995277 1136700
994251 1126500 994593 1127100
992199 1134660 992541 1135260
989691 1131780 990033 1132380
956517 1125540 956859 1126140
949335 1128900 949677 1129500
947055 1160100 947397 1160700
947055 1156260 947397 1156860
947055 1150500 947397 1151100
946371 1162020 946713 1162620
945231 1150500 945573 1151100
945003 1159140 945345 1159740
944661 1158660 945003 1159260
944547 1151460 944889 1152060
944547 1126980 944889 1127580
939759 1151460 940101 1152060
937707 1157700 938049 1158300
937707 1126020 938049 1126620
934515 1140420 934857 1141020
933831 1126020 934173 1126620
930183 1158660 930525 1159260
929841 1141380 930183 1141980
927675 1129860 928017 1130460
925167 1126020 925509 1126620
923001 1133220 923343 1133820
923001 1128420 923343 1129020
919467 1153380 919809 1153980
917643 1133220 917985 1133820
916161 1129380 916503 1129980
903735 1137060 904077 1137660
903735 1132260 904077 1132860
901227 1146660 901569 1147260
901113 1142340 901455 1142940
898605 1149540 898947 1150140
898035 1144740 898377 1145340
896097 1130820 896439 1131420
894957 1157220 895299 1157820
893589 1144740 893931 1145340
892677 1144260 893019 1144860
888687 1137060 889029 1137660
888573 1146180 888915 1146780
887547 1130820 887889 1131420
887547 1129860 887889 1130460
882759 1126980 883101 1127580
876945 1130340 877287 1130940
876717 1136100 877059 1136700
866343 1127940 866685 1128540
866343 1126020 866685 1126620
1021725 1127460 1022751 1128060
1003827 1136580 1004853 1137180
995163 1158180 996189 1158780
945915 1155300 946941 1155900
940899 1145700 941925 1146300
936225 1126500 937251 1127100
933603 1158180 934629 1158780
923001 1154340 924027 1154940
921291 1131780 922317 1132380
921177 1155780 922203 1156380
918213 1156260 919239 1156860
918099 1126980 919125 1127580
914451 1158660 915477 1159260
911145 1162500 912171 1163100
903621 1133220 904647 1133820
902595 1155300 903621 1155900
900087 1154820 901113 1155420
898377 1142340 899403 1142940
898035 1158660 899061 1159260
895869 1162980 896895 1163580
893589 1154340 894615 1154940
892335 1125540 893361 1126140
886179 1125540 887205 1126140
1004397 1156740 1015455 1157340
975213 1138500 986271 1139100
975213 1137540 986271 1138140
972933 1128420 983991 1129020
872385 1151940 883443 1152540
865089 1128900 876147 1129500
847761 1128420 858819 1129020
960621 1148100 989919 1148700
960279 1142820 989577 1143420
958683 1158180 987981 1158780
958113 1162020 987411 1162620
956973 1162980 986271 1163580
850497 1148100 879795 1148700
843201 1161540 872499 1162140
843201 1147140 872499 1147740
843201 1142340 872499 1142940
996873 1158180 998355 1158780
996873 1138980 998355 1139580
996873 1137060 998355 1137660
996873 1135140 998355 1135740
884013 1132740 885495 1133340
1855521 1163460 1859283 1164060
1018533 1138020 1022295 1138620
992427 1138980 996189 1139580
980343 1135140 984105 1135740
958113 1161060 961875 1161660
943293 1143780 947055 1144380
895413 1157700 899175 1158300
885381 1163460 889143 1164060
872385 1126980 876147 1127580
862353 1127460 866115 1128060
862353 1125540 866115 1126140
862011 1133220 865773 1133820
1000635 1142340 1015341 1142940
998241 1152420 1012947 1153020
989805 1147140 1004511 1147740
957999 1138020 972705 1138620
947511 1152420 962217 1153020
862353 1162980 877059 1163580
862353 1158180 877059 1158780
862353 1153380 877059 1153980
862353 1144740 877059 1145340
862353 1143780 877059 1144380
847761 1138020 862467 1138620
847761 1129380 862467 1129980
843201 1132740 857907 1133340
986385 1157220 993795 1157820
980685 1129380 988095 1129980
958797 1138980 966207 1139580
950817 1148100 958227 1148700
938163 1133700 945573 1134300
867483 1133220 874893 1133820
867483 1127940 874893 1128540
