929271 1153380 930639 1154460
909321 1162500 910347 1163100
890169 1126980 891195 1127580
910803 1147620 912627 1148220
889599 1156260 891423 1156860
923001 1158180 924255 1158780
893817 1138020 895071 1138620
513 1154340 39615 1159260
513 1144740 39615 1149660
513 1135140 39615 1140060
513 1125540 39615 1130460
936111 1152420 937935 1153020
907611 1157220 909435 1157820
900087 1159140 901911 1159740
900087 1149540 901911 1150140
892563 1131300 894387 1131900
921633 1148580 924027 1149180
921633 1131300 924027 1131900
884013 1126980 886407 1127580
954009 1161060 955377 1162140
951501 1161060 952869 1162140
948993 1162020 950361 1163100
946485 1162980 947853 1164060
946485 1161060 947853 1162140
942039 1158180 943407 1159260
941469 1162020 942837 1163100
941469 1154340 942837 1155420
938961 1161060 940329 1162140
937023 1148580 938391 1149660
936453 1161060 937821 1162140
936453 1146660 937821 1147740
934629 1148580 935997 1149660
934059 1146660 935427 1147740
933945 1162020 935313 1163100
933945 1160100 935313 1161180
933945 1152420 935313 1153500
933945 1150500 935313 1151580
931437 1162020 932805 1163100
929499 1156260 930867 1157340
928929 1148580 930297 1149660
927219 1158180 928587 1159260
925053 1162980 926421 1164060
943977 1162020 945345 1163100
939189 1154340 940557 1155420
936795 1162980 938163 1164060
936567 1150500 937935 1151580
936453 1157220 937821 1158300
936453 1154340 937821 1155420
934173 1157220 935541 1158300
932235 1155300 933603 1156380
932235 1153380 933603 1154460
929043 1150500 930411 1151580
928929 1162020 930297 1163100
928929 1160100 930297 1161180
928929 1158180 930297 1159260
926763 1162980 928131 1164060
926649 1161060 928017 1162140
931209 1134660 932691 1135260
928017 1144740 929499 1145340
923001 1162980 924483 1163580
907953 1141860 909435 1142460
903621 1155780 905103 1156380
928929 1136100 930297 1138140
898833 1153380 900201 1155420
893817 1155300 895185 1157340
886293 1149540 887661 1151580
886293 1132260 887661 1134300
886293 1128420 887661 1130460
913653 1150500 915135 1151580
905103 1154340 906585 1155420
898377 1151460 899859 1152540
897579 1132260 899061 1133340
937821 1156260 939531 1156860
905217 1146180 906927 1146780
883329 1133220 885039 1133820
939987 1156260 941697 1156860
932691 1143300 934401 1143900
930183 1126980 931893 1127580
912399 1131780 914109 1132380
908295 1151460 910005 1152060
898263 1126980 899973 1127580
891423 1162020 893133 1162620
933033 1152420 933945 1153020
932805 1149540 933717 1150140
926307 1130340 927447 1130940
917643 1145700 918783 1146300
917643 1132740 918783 1133340
915135 1143300 916275 1143900
903735 1159620 904875 1160220
901227 1133220 902367 1133820
892563 1152900 893703 1153500
891195 1127460 892335 1128060
887547 1154820 888687 1155420
925167 1131300 926193 1132380
916275 1136100 917301 1137180
915135 1141860 916161 1142940
912969 1142820 913995 1143900
902937 1154340 903963 1155420
888687 1153380 889713 1154460
913767 1162980 914679 1163580
913767 1138500 914679 1139100
912399 1158180 913311 1158780
903735 1135140 904647 1135740
890055 1141860 890967 1142460
887547 1135140 888459 1135740
926307 1152420 927333 1153020
919011 1152420 920037 1153020
906015 1126020 907041 1126620
893703 1161060 894729 1161660
941241 1127460 942381 1128060
918783 1159140 919923 1159740
916161 1138020 917301 1138620
905901 1130820 907041 1131420
903963 1158180 905103 1158780
901113 1138500 902253 1139100
900429 1128420 901569 1129020
900315 1142820 901455 1143420
897807 1144260 898947 1144860
892791 1129380 893931 1129980
890853 1153380 891993 1153980
885495 1138980 886635 1139580
884241 1151460 885381 1152060
943179 1154820 944091 1155420
938733 1146660 939645 1147260
925737 1157220 926649 1157820
896667 1137540 897579 1138140
893589 1139940 894501 1140540
938619 1153380 939189 1154460
936339 1132260 936909 1133340
930981 1146660 931551 1147740
926079 1137060 926649 1138140
918441 1138020 919011 1139100
913767 1128420 914337 1129500
898719 1128420 899289 1129500
888345 1140900 888915 1141980
908979 1140420 910005 1141020
936453 1141860 937821 1143900
928929 1141860 930297 1143900
926421 1147620 927789 1149660
923913 1125540 925281 1127580
919923 1160100 921291 1162140
910005 1140900 911373 1142940
903849 1139940 905217 1141980
893817 1132260 895185 1134300
891423 1139940 892791 1141980
938049 1140900 939417 1141980
935199 1144740 936567 1145820
935199 1130340 936567 1131420
932691 1144740 934059 1145820
931323 1157220 932691 1158300
916275 1162980 917643 1164060
910917 1144740 912285 1145820
908751 1159140 910119 1160220
908637 1161060 910005 1162140
900087 1150500 901455 1151580
892563 1150500 893931 1151580
890055 1142820 891423 1143900
930867 1151460 932007 1152060
998241 1141860 999381 1142460
938049 1155300 939189 1155900
933717 1156260 934857 1156860
931893 1129860 933033 1130460
931323 1163460 932463 1164060
930639 1130340 931779 1130940
923343 1128900 924483 1129500
918783 1162980 919923 1163580
903165 1136100 904305 1136700
900885 1140420 902025 1141020
890283 1149060 891423 1149660
991401 1133220 992085 1134300
951273 1141860 951957 1142940
948765 1160100 949449 1161180
933831 1129380 934515 1130460
928701 1128420 929385 1129500
916959 1138980 917643 1140060
908295 1138980 908979 1140060
908295 1129380 908979 1130460
903393 1145700 904077 1146780
934059 1131780 935085 1132380
930411 1138500 931437 1139100
926535 1132740 927561 1133340
921519 1132740 922545 1133340
919011 1150500 920037 1151100
919011 1149540 920037 1150140
919011 1139940 920037 1140540
916503 1140420 917529 1141020
915363 1140900 916389 1141500
914223 1131300 915249 1131900
913995 1158180 915021 1158780
913995 1156740 915021 1157340
909891 1143780 910917 1144380
909207 1153860 910233 1154460
906471 1140900 907497 1141500
902823 1143780 903849 1144380
900315 1141380 901341 1141980
898947 1138500 899973 1139100
890283 1145220 891309 1145820
886635 1145220 887661 1145820
885267 1149540 886293 1150140
885267 1144740 886293 1145340
942609 1129380 943521 1129980
938961 1127940 939873 1128540
930639 1133700 931437 1134300
927447 1139460 928245 1140060
923799 1129860 924597 1130460
921291 1140420 922089 1141020
918783 1131780 919581 1132380
908751 1158180 909549 1158780
906243 1160580 907041 1161180
896211 1134180 897009 1134780
895527 1152900 896325 1153500
923001 1157220 923799 1157820
923001 1137060 923799 1137660
921861 1146180 922659 1146780
911373 1158660 912171 1159260
895413 1148100 896211 1148700
891993 1126500 892791 1127100
885381 1132740 886179 1133340
885153 1135140 885951 1135740
940329 1128900 941583 1129500
925395 1142820 926649 1143420
923799 1139460 925053 1140060
920607 1158660 921861 1159260
918783 1147620 920037 1148220
918783 1146660 920037 1147260
917757 1126020 919011 1126620
916275 1150500 917529 1151100
913767 1149060 915021 1149660
912855 1136100 914109 1136700
911145 1139940 912399 1140540
910461 1130820 911715 1131420
910233 1152900 911487 1153500
910233 1148580 911487 1149180
903393 1138980 904647 1139580
903279 1160580 904533 1161180
893703 1136100 894957 1136700
893703 1130340 894957 1130940
890169 1128900 891423 1129500
887889 1144740 889143 1145340
940215 1130340 941583 1130940
938277 1126500 939645 1127100
937707 1130820 939075 1131420
937707 1125540 939075 1126140
933033 1126980 934401 1127580
932691 1137060 934059 1137660
928815 1152420 930183 1153020
926877 1140900 928245 1141500
925965 1150020 927333 1150620
925395 1153860 926763 1154460
925167 1159620 926535 1160220
925167 1136100 926535 1136700
918783 1148580 920151 1149180
918441 1134660 919809 1135260
916275 1144740 917643 1145340
913653 1151940 915021 1152540
913653 1135140 915021 1135740
912969 1129860 914337 1130460
912741 1126020 914109 1126620
912627 1141380 913995 1141980
911259 1154820 912627 1155420
911259 1134660 912627 1135260
911145 1135620 912513 1136220
911145 1132740 912513 1133340
906243 1156260 907611 1156860
905103 1157220 906471 1157820
898719 1133700 900087 1134300
897579 1156260 898947 1156860
897579 1141860 898947 1142460
895185 1135620 896553 1136220
1000635 1140900 1001889 1141500
947397 1159620 948651 1160220
940671 1157700 941925 1158300
940329 1153380 941583 1153980
940329 1143300 941583 1143900
933261 1133220 934515 1133820
930867 1149540 932121 1150140
926307 1146660 927561 1147260
921747 1126980 923001 1127580
921519 1126020 922773 1126620
918783 1141860 920037 1142460
917871 1144260 919125 1144860
917757 1140900 919011 1141500
916161 1155300 917415 1155900
913767 1155300 915021 1155900
908751 1135620 910005 1136220
905673 1147140 906927 1147740
903735 1151460 904989 1152060
902709 1147140 903963 1147740
900201 1129860 901455 1130460
898605 1158180 899859 1158780
895185 1143300 896439 1143900
891651 1158180 892905 1158780
890169 1133700 891423 1134300
885153 1136100 886407 1136700
931323 1139460 932121 1140060
928815 1126980 929613 1127580
922659 1144260 923457 1144860
916275 1142820 917073 1143420
916275 1130820 917073 1131420
913767 1146660 914565 1147260
901227 1152420 902025 1153020
894387 1147620 895185 1148220
945231 1154340 946713 1154940
938619 1151940 940101 1152540
938391 1162500 939873 1163100
937707 1144740 939189 1145340
936339 1126980 937821 1127580
928587 1134180 930069 1134780
928017 1130820 929499 1131420
926079 1128900 927561 1129500
918783 1129380 920265 1129980
916161 1148580 917643 1149180
916161 1129860 917643 1130460
913653 1162020 915135 1162620
913653 1161060 915135 1161660
908637 1154820 910119 1155420
905217 1150020 906699 1150620
903621 1148100 905103 1148700
897579 1146180 899061 1146780
896097 1130340 897579 1130940
895299 1150020 896781 1150620
890055 1135620 891537 1136220
887547 1147620 889029 1148220
887547 1126980 889029 1127580
885609 1139940 887091 1140540
998241 1131300 999609 1131900
950361 1162980 951729 1163580
933717 1135140 935085 1135740
923799 1160580 925167 1161180
923229 1135620 924597 1136220
920151 1150020 921519 1150620
917643 1133700 919011 1134300
916275 1161540 917643 1162140
913767 1127460 915135 1128060
908637 1132740 910005 1133340
907611 1137060 908979 1137660
906243 1159140 907611 1159740
906243 1148100 907611 1148700
905445 1141860 906813 1142460
893703 1127940 895071 1128540
891195 1130340 892563 1130940
885381 1126020 886749 1126620
940443 1152420 941241 1153020
933147 1146180 933945 1146780
931779 1148580 932577 1149180
921291 1135620 922089 1136220
913767 1139460 914565 1140060
912855 1127940 913653 1128540
907611 1138020 908409 1138620
899403 1134660 900201 1135260
937935 1158180 939531 1158780
927903 1155300 929499 1155900
925395 1158180 926991 1158780
908751 1131300 910347 1131900
907839 1127460 909435 1128060
900315 1135620 901911 1136220
895299 1128420 896895 1129020
889599 1140420 891195 1141020
887775 1139460 889371 1140060
880251 1135620 881847 1136220
937137 1138020 938391 1138620
922089 1155780 923343 1156380
922089 1147140 923343 1147740
920721 1162500 921975 1163100
917529 1149540 918783 1150140
915705 1131780 916959 1132380
912513 1153860 913767 1154460
903165 1150500 904419 1151100
888117 1134180 889371 1134780
998241 1132260 999837 1132860
925281 1134660 926877 1135260
920151 1138020 921747 1138620
913425 1145700 915021 1146300
910119 1150020 911715 1150620
908181 1144740 909777 1145340
906015 1152420 907611 1153020
905445 1142820 907041 1143420
903393 1138020 904989 1138620
900771 1137540 902367 1138140
900657 1148100 902253 1148700
897579 1142820 899175 1143420
893133 1126980 894729 1127580
952755 1140900 953553 1141500
943863 1129860 944661 1130460
932007 1141860 932805 1142460
931095 1142820 931893 1143420
928245 1151460 929043 1152060
926877 1125540 927675 1126140
913539 1152900 914337 1153500
911829 1137540 912627 1138140
911031 1133700 911829 1134300
908181 1142820 908979 1143420
905787 1131780 906585 1132380
903507 1142820 904305 1143420
899289 1127940 900087 1128540
897579 1161060 898377 1161660
896781 1162980 897579 1163580
896097 1136580 896895 1137180
889257 1148100 890055 1148700
888687 1129860 889485 1130460
888117 1138020 888915 1138620
885609 1147620 886407 1148220
994935 1138020 996303 1138620
935655 1133700 937023 1134300
931323 1132740 932691 1133340
903735 1162980 905103 1163580
903051 1127460 904419 1128060
898605 1162020 899973 1162620
891195 1162980 892563 1163580
888687 1127940 890055 1128540
887547 1142340 888915 1142940
922887 1127940 923913 1128540
920379 1128900 921405 1129500
920379 1127940 921405 1128540
912627 1126980 913653 1127580
910347 1128420 911373 1129020
906471 1128900 907497 1129500
903963 1126500 904989 1127100
902823 1129380 903849 1129980
949449 1130340 951045 1131420
949335 1133220 950931 1134300
881619 1138980 883215 1140060
999039 1135620 999951 1136220
941355 1126500 942267 1127100
910575 1131780 911487 1132380
906243 1158180 907155 1158780
898719 1137540 899631 1138140
898605 1147620 899517 1148220
890511 1154820 891423 1155420
888231 1148580 889143 1149180
883557 1125540 884469 1126140
1004397 1160580 1015455 1161180
1004397 1159620 1015455 1160220
1004397 1155780 1015455 1156380
1004397 1154820 1015455 1155420
1004397 1150980 1015455 1151580
1003485 1131780 1014543 1132380
946257 1126980 957315 1127580
938049 1136100 949107 1136700
872385 1141380 883443 1141980
867483 1133700 878541 1134300
867483 1126020 878541 1126620
1012833 1162980 1022751 1163580
1012833 1162020 1022751 1162620
1012833 1158180 1022751 1158780
1012833 1157220 1022751 1157820
1012833 1153380 1022751 1153980
1012833 1152420 1022751 1153020
1012833 1149540 1022751 1150140
1012833 1147620 1022751 1148220
1012833 1146660 1022751 1147260
1012833 1144740 1022751 1145340
1012833 1143780 1022751 1144380
959253 1143300 975327 1143900
919809 1156260 920493 1156860
910119 1158180 910803 1158780
1826337 1162980 1841043 1164060
1826337 1160100 1841043 1161180
1826337 1158180 1841043 1159260
1826337 1155300 1841043 1156380
1826337 1153380 1841043 1154460
1826337 1150500 1841043 1151580
1826337 1148580 1841043 1149660
1826337 1145700 1841043 1146780
1826337 1143780 1841043 1144860
1826337 1140900 1841043 1141980
1826337 1138980 1841043 1140060
1826337 1136100 1841043 1137180
1826337 1134180 1841043 1135260
1826337 1131300 1841043 1132380
1826337 1129380 1841043 1130460
1826337 1126500 1841043 1127580
1018647 1138500 1022751 1139100
1018647 1130820 1022751 1131420
1018647 1128900 1022751 1129500
1018647 1127940 1022751 1128540
921519 1154340 923115 1154940
921519 1142820 923115 1143420
1016595 1132740 1018761 1133340
1016595 1129860 1018761 1130460
883329 1156740 885495 1157340
883329 1155780 885495 1156380
883329 1154820 885495 1155420
883329 1153860 885495 1154460
883329 1152900 885495 1153500
883329 1143300 885495 1143900
940215 1140420 949449 1141020
868281 1135140 877515 1135740
1014087 1135620 1018761 1136220
865089 1163460 883443 1164060
865089 1158660 883443 1159260
862353 1154340 880707 1154940
862353 1149540 880707 1150140
1826337 1161540 1865439 1162140
1826337 1156740 1865439 1157340
1826337 1151940 1865439 1152540
1826337 1147140 1865439 1147740
1826337 1142340 1865439 1142940
1826337 1137540 1865439 1138140
1826337 1132740 1865439 1133340
1826337 1127940 1865439 1128540
1859169 1163460 1865439 1164060
1859169 1159620 1865439 1160220
1859169 1158660 1865439 1159260
1859169 1154820 1865439 1155420
1859169 1153860 1865439 1154460
1859169 1150020 1865439 1150620
1859169 1149060 1865439 1149660
1859169 1145220 1865439 1145820
1859169 1144260 1865439 1144860
1859169 1140420 1865439 1141020
1859169 1139460 1865439 1140060
1859169 1135620 1865439 1136220
1859169 1134660 1865439 1135260
1859169 1130820 1865439 1131420
1859169 1129860 1865439 1130460
1859169 1126020 1865439 1126620
850497 1162500 883443 1163100
850497 1157700 883443 1158300
847761 1147620 880707 1148220
1859169 1160580 1863615 1161180
1859169 1155780 1863615 1156380
1859169 1150980 1863615 1151580
1859169 1146180 1863615 1146780
1859169 1141380 1863615 1141980
1859169 1136580 1863615 1137180
1859169 1131780 1863615 1132380
1859169 1126980 1863615 1127580
936909 1136100 937137 1136700
926307 1126980 926535 1127580
922773 1141380 923001 1141980
916275 1133220 916503 1133820
916161 1151460 916389 1152060
896097 1146660 896325 1147260
892449 1146180 892677 1146780
890169 1146660 890397 1147260
890169 1144260 890397 1144860
885609 1140900 885837 1141500
879909 1138980 880137 1139580
1002687 1127940 1003371 1128540
944091 1158660 944775 1159260
930639 1154820 931437 1155420
930639 1143780 931437 1144380
928131 1138500 928929 1139100
925623 1145700 926421 1146300
925623 1143780 926421 1144380
921975 1157700 922773 1158300
919011 1132740 919809 1133340
918783 1157700 919581 1158300
918783 1130340 919581 1130940
916503 1147620 917301 1148220
916503 1146660 917301 1147260
915135 1137540 915933 1138140
911259 1153860 912057 1154460
907611 1162500 908409 1163100
906699 1132740 907497 1133340
905559 1153380 906357 1153980
900087 1155780 900885 1156380
896667 1141380 897465 1141980
896439 1151940 897237 1152540
896211 1160580 897009 1161180
893931 1153860 894729 1154460
893703 1160100 894501 1160700
891423 1160580 892221 1161180
888687 1156260 889485 1156860
861327 1127940 862809 1128540
861327 1126020 862809 1126620
860643 1135620 862125 1136220
986955 1128420 987981 1129500
986727 1137060 987753 1138140
866571 1131300 867597 1132380
866343 1135140 867369 1136220
864975 1137060 866001 1138140
1020243 1132260 1022751 1132860
996189 1128900 998697 1129500
884241 1158180 886749 1158780
875805 1131300 878313 1131900
862353 1138020 864861 1138620
858705 1131300 861213 1131900
991287 1152420 996873 1153020
991287 1145700 996873 1146300
943065 1144740 948651 1145340
876945 1155300 882531 1155900
1003143 1140900 1021497 1141500
914451 1134180 915135 1134780
930525 1128420 930981 1129020
926193 1139460 926649 1140060
926079 1141860 926535 1142460
923799 1143300 924255 1143900
923571 1151460 924027 1152060
923571 1141380 924027 1141980
921291 1144260 921747 1144860
917985 1142340 918441 1142940
916845 1128900 917301 1129500
915477 1128420 915933 1129020
913767 1137540 914223 1138140
906129 1143780 906585 1144380
903621 1156740 904077 1157340
901113 1162980 901569 1163580
901113 1162020 901569 1162620
897921 1145220 898377 1145820
896781 1135140 897237 1135740
891195 1146660 891651 1147260
888573 1145700 889029 1146300
904989 1137060 906357 1138140
899973 1143780 901341 1144860
921519 1127940 922089 1128540
907611 1125540 908181 1126140
898947 1144740 899517 1145340
882759 1135620 883101 1136220
952299 1138980 953667 1140060
942039 1152900 943065 1153500
939987 1150980 941013 1151580
938163 1129380 939189 1129980
936339 1158660 937365 1159260
935199 1139460 936225 1140060
934059 1155300 935085 1155900
934059 1142340 935085 1142940
932919 1159620 933945 1160220
930639 1153380 931665 1153980
928815 1147140 929841 1147740
928131 1132260 929157 1132860
925395 1161060 926421 1161660
924027 1146660 925053 1147260
922431 1145220 923457 1145820
917643 1160100 918669 1160700
907839 1150020 908865 1150620
907839 1134180 908865 1134780
907611 1140420 908637 1141020
903735 1161540 904761 1162140
903735 1130820 904761 1131420
903051 1144740 904077 1145340
902823 1149060 903849 1149660
902595 1153380 903621 1153980
900543 1154340 901569 1154940
900543 1134180 901569 1134780
898035 1136580 899061 1137180
897807 1134660 898833 1135260
897123 1157220 898149 1157820
896211 1159620 897237 1160220
896211 1138980 897237 1139580
888915 1160580 889941 1161180
883899 1148580 884925 1149180
883671 1140900 884697 1141500
935427 1126020 936453 1126620
935199 1159140 936225 1159740
935199 1127460 936225 1128060
934059 1127940 935085 1128540
930411 1159620 931437 1160220
930411 1158660 931437 1159260
929043 1126020 930069 1126620
927219 1153380 928245 1153980
925395 1126020 926421 1126620
896895 1125540 897921 1126140
895299 1129380 896325 1129980
894387 1131300 895413 1131900
892791 1134180 893817 1134780
892791 1126020 893817 1126620
891651 1138500 892677 1139100
891423 1137540 892449 1138140
890283 1126020 891309 1126620
887775 1132260 888801 1132860
887775 1130820 888801 1131420
951501 1160100 952185 1160700
949563 1155300 950247 1155900
946485 1152900 947169 1153500
945003 1152420 945687 1153020
944091 1159620 944775 1160220
943977 1151460 944661 1152060
943293 1152420 943977 1153020
987867 1135140 989007 1135740
987867 1133220 989007 1133820
987867 1131300 989007 1131900
987867 1126500 989007 1127100
957771 1138980 958911 1139580
957315 1134180 958455 1134780
953439 1137060 954579 1137660
953439 1136100 954579 1136700
950019 1132260 951159 1132860
943407 1156740 944547 1157340
942267 1156740 943407 1157340
942267 1143780 943407 1144380
941469 1131300 942609 1131900
939987 1141860 941127 1142460
938391 1138020 939531 1138620
937479 1139940 938619 1140540
937479 1131780 938619 1132380
937023 1145700 938163 1146300
935313 1128900 936453 1129500
934059 1134180 935199 1134780
933945 1153860 935085 1154460
932805 1142340 933945 1142940
931437 1159620 932577 1160220
931437 1127940 932577 1128540
930297 1145700 931437 1146300
928929 1133220 930069 1133820
928359 1145700 929499 1146300
928359 1139460 929499 1140060
926535 1126500 927675 1127100
925281 1155780 926421 1156380
924141 1152900 925281 1153500
923913 1142340 925053 1142940
922773 1161540 923913 1162140
921975 1159620 923115 1160220
921633 1139460 922773 1140060
920151 1143780 921291 1144380
918897 1136580 920037 1137180
917643 1158660 918783 1159260
916503 1160100 917643 1160700
916389 1153860 917529 1154460
915249 1139940 916389 1140540
915135 1146660 916275 1147260
908979 1125540 910119 1126140
907725 1146180 908865 1146780
907611 1143780 908751 1144380
907497 1149060 908637 1149660
907383 1136100 908523 1136700
907269 1160100 908409 1160700
903849 1131780 904989 1132380
902709 1133700 903849 1134300
902139 1157220 903279 1157820
895755 1145220 896895 1145820
894957 1161060 896097 1161660
894273 1134660 895413 1135260
894273 1125540 895413 1126140
888801 1158180 889941 1158780
885039 1148580 886179 1149180
883785 1137060 884925 1137660
882645 1131780 883785 1132380
878199 1127460 879339 1128060
867483 1127460 868623 1128060
866229 1132740 867369 1133340
863835 1138980 864975 1139580
936567 1153380 937365 1153980
1003599 1134180 1004739 1134780
1002231 1137060 1003371 1137660
953439 1160100 954579 1160700
945915 1159140 947055 1159740
943407 1160580 944547 1161180
941583 1159620 942723 1160220
940215 1159620 941355 1160220
940215 1158660 941355 1159260
938391 1159620 939531 1160220
938391 1157220 939531 1157820
937593 1127940 938733 1128540
937023 1160100 938163 1160700
935883 1160100 937023 1160700
931893 1152420 933033 1153020
931551 1158660 932691 1159260
923343 1155780 924483 1156380
923343 1149540 924483 1150140
921633 1151940 922773 1152540
920835 1156740 921975 1157340
920151 1152420 921291 1153020
915819 1152900 916959 1153500
915819 1134180 916959 1134780
913311 1133220 914451 1133820
910803 1162980 911943 1163580
891309 1125540 892449 1126140
888231 1150500 889371 1151100
883785 1131300 884925 1131900
881733 1128900 882873 1129500
878883 1126500 880023 1127100
922431 1150980 923001 1151580
895299 1139460 895869 1140060
939759 1131300 941127 1132380
932463 1138020 933831 1139100
931551 1131300 932919 1132380
929499 1139940 930867 1141020
920037 1131300 921405 1132380
914679 1147620 916047 1148700
914337 1153380 915705 1154460
912399 1156260 913767 1157340
909435 1146660 910803 1147740
908865 1134180 910233 1135260
903849 1128420 905217 1129500
902481 1132260 903849 1133340
901455 1143780 902823 1144860
901341 1155300 902709 1156380
899745 1131300 901113 1132380
897465 1148580 898833 1149660
897009 1153380 898377 1154460
894615 1162980 895983 1164060
894159 1145700 895527 1146780
894045 1140900 895413 1141980
892107 1155300 893475 1156380
892107 1147620 893475 1148700
891423 1143780 892791 1144860
886635 1156260 888003 1157340
886293 1152420 887661 1153500
946599 1125540 947967 1126620
940101 1144740 941469 1145820
935085 1141860 936453 1142940
934971 1138020 936339 1139100
932577 1125540 933945 1126620
929955 1131300 931323 1132380
926763 1138020 928131 1139100
924711 1129380 926079 1130460
923913 1154340 925281 1155420
923913 1138020 925281 1139100
920037 1138980 921405 1140060
919923 1144740 921291 1145820
919695 1153380 921063 1154460
917529 1154340 918897 1155420
916959 1156260 918327 1157340
915021 1156260 916389 1157340
914907 1159140 916275 1160220
912399 1159140 913767 1160220
910005 1138020 911373 1139100
906471 1134180 907839 1135260
904989 1135140 906357 1136220
904875 1161060 906243 1162140
904533 1133220 905901 1134300
904077 1144740 905445 1145820
902481 1139940 903849 1141020
902367 1130340 903735 1131420
899973 1146660 901341 1147740
899061 1160100 900429 1161180
897465 1138980 898833 1140060
894615 1151460 895983 1152540
892449 1132260 893817 1133340
892221 1160100 893589 1161180
889941 1160100 891309 1161180
889941 1150500 891309 1151580
889941 1138980 891309 1140060
889941 1131300 891309 1132380
889713 1137060 891081 1138140
887319 1160100 888687 1161180
886293 1143780 887661 1144860
881961 1130340 883329 1131420
894159 1152900 894843 1153500
892107 1134180 892791 1134780
891423 1134660 892107 1135260
890511 1134660 891195 1135260
888801 1136100 889485 1136700
885609 1131300 886293 1131900
885267 1138020 885951 1138620
990033 1137540 990717 1138140
942723 1161060 943407 1161660
935769 1162500 936453 1163100
933945 1138500 934629 1139100
931893 1136580 932577 1137180
931437 1125540 932121 1126140
924255 1137060 924939 1137660
921405 1161540 922089 1162140
920607 1136580 921291 1137180
919695 1127940 920379 1128540
919239 1160100 919923 1160700
917757 1127940 918441 1128540
914337 1136580 915021 1137180
913881 1140420 914565 1141020
912057 1162500 912741 1163100
911943 1128900 912627 1129500
911829 1161540 912513 1162140
911373 1160580 912057 1161180
910575 1129860 911259 1130460
908181 1153380 908865 1153980
900087 1156740 900771 1157340
898149 1159620 898833 1160220
895641 1140420 896325 1141020
895071 1159620 895755 1160220
890625 1159140 891309 1159740
888003 1161540 888687 1162140
886749 1137060 887433 1137660
930753 1135620 931437 1136220
927903 1129860 928587 1130460
923229 1152420 923913 1153020
923229 1133220 923913 1133820
923115 1142340 923799 1142940
923115 1138020 923799 1138620
922659 1146180 923343 1146780
921519 1129860 922203 1130460
918897 1156740 919581 1157340
918897 1153380 919581 1153980
916731 1157700 917415 1158300
915135 1134180 915819 1134780
911715 1156260 912399 1156860
910689 1156260 911373 1156860
910689 1150980 911373 1151580
908865 1138020 909549 1138620
907383 1131780 908067 1132380
905673 1149060 906357 1149660
903849 1134180 904533 1134780
901341 1136580 902025 1137180
900657 1145700 901341 1146300
893817 1151940 894501 1152540
893133 1146660 893817 1147260
893019 1144740 893703 1145340
892905 1149060 893589 1149660
888801 1151940 889485 1152540
888117 1146660 888801 1147260
888003 1152420 888687 1153020
888003 1149540 888687 1150140
885495 1155780 886179 1156380
885495 1152900 886179 1153500
925167 1151940 925509 1152540
922545 1160580 922887 1161180
916161 1145700 916503 1146300
915021 1126020 915363 1126620
913767 1147620 914109 1148220
912627 1149060 912969 1149660
912171 1150980 912513 1151580
911259 1126020 911601 1126620
908751 1156260 909093 1156860
908751 1152420 909093 1153020
905103 1148580 905445 1149180
1000863 1127460 1001889 1128060
951615 1143780 952641 1144380
931551 1150500 932577 1151100
929043 1163460 930069 1164060
895527 1141380 896553 1141980
892563 1142820 893589 1143420
895299 1132740 896097 1133340
892791 1135140 893589 1135740
891651 1136580 892449 1137180
944775 1126980 945345 1127580
944319 1128420 944889 1129020
944091 1126980 944661 1127580
943407 1126980 943977 1127580
940671 1125540 941241 1126140
939759 1157220 940329 1157820
956859 1131300 957201 1131900
945573 1149540 945915 1150140
944319 1152900 944661 1153500
938847 1149540 939189 1150140
936567 1136580 936909 1137180
935427 1155780 935769 1156380
933603 1163460 933945 1164060
932235 1135620 932577 1136220
929499 1146180 929841 1146780
925167 1148100 925509 1148700
920037 1136100 920379 1136700
917415 1127460 917757 1128060
912627 1138500 912969 1139100
910119 1133220 910461 1133820
904533 1152420 904875 1153020
901227 1132260 901569 1132860
900999 1161060 901341 1161660
899631 1162980 899973 1163580
896097 1156740 896439 1157340
895071 1144740 895413 1145340
892335 1135620 892677 1136220
890511 1162500 890853 1163100
886065 1157220 886407 1157820
886065 1141860 886407 1142460
883671 1126500 884013 1127100
1005423 1126980 1006221 1127580
1001775 1125540 1002573 1126140
999495 1134660 1000293 1135260
999267 1138500 1000065 1139100
998355 1126980 999153 1127580
993339 1141380 994137 1141980
993339 1136580 994137 1137180
992427 1134660 993225 1135260
991743 1135620 992541 1136220
949563 1150020 950361 1150620
948195 1155300 948993 1155900
944547 1150500 945345 1151100
944091 1155300 944889 1155900
942723 1159620 943521 1160220
942495 1150980 943293 1151580
884583 1129380 885381 1129980
882987 1134180 883785 1134780
992541 1148100 992997 1148700
946143 1150500 946599 1151100
935313 1143780 935769 1144380
924369 1132260 924825 1132860
923001 1132260 923457 1132860
922431 1152900 922887 1153500
922431 1150020 922887 1150620
919809 1158180 920265 1158780
919581 1151460 920037 1152060
916047 1138980 916503 1139580
911259 1136580 911715 1137180
906129 1151460 906585 1152060
903507 1157700 903963 1158300
902937 1134660 903393 1135260
902139 1135140 902595 1135740
901113 1126020 901569 1126620
886977 1162020 887433 1162620
886065 1145700 886521 1146300
996075 1139940 996645 1140540
950019 1156260 950589 1156860
949107 1159140 949677 1159740
948195 1162500 948765 1163100
943407 1162500 943977 1163100
941811 1145700 942381 1146300
941583 1150500 942153 1151100
940899 1162500 941469 1163100
940899 1154820 941469 1155420
923115 1138980 923685 1139580
923115 1134180 923685 1134780
916503 1135140 917073 1135740
909663 1127940 910233 1128540
901911 1151460 902481 1152060
927903 1157220 928929 1157820
927447 1159620 928473 1160220
1001547 1129860 1002801 1130460
998355 1133700 999609 1134300
958113 1130820 959367 1131420
955491 1163460 956745 1164060
950361 1140900 951615 1141500
896211 1162020 897465 1162620
1006791 1129860 1007589 1130460
994251 1136100 995049 1136700
952299 1160100 953097 1160700
952299 1142820 953097 1143420
946599 1157700 947397 1158300
946371 1160100 947169 1160700
945231 1155300 946029 1155900
942723 1155780 943521 1156380
940215 1146180 941013 1146780
931323 1140900 932121 1141500
923115 1153380 923913 1153980
900315 1132740 901113 1133340
894159 1148580 894957 1149180
894159 1142340 894957 1142940
893019 1145700 893817 1146300
889371 1146180 890169 1146780
998127 1136580 999153 1137180
998127 1134660 999153 1135260
996759 1134660 997785 1135260
995619 1132260 996645 1132860
994479 1134180 995505 1134780
881619 1149540 882189 1150140
1003485 1126020 1004169 1126620
1002231 1133700 1002915 1134300
1000065 1138980 1000749 1139580
998013 1129860 998697 1130460
992427 1139460 993111 1140060
992199 1140900 992883 1141500
991629 1134660 992313 1135260
950247 1159140 950931 1159740
947739 1158660 948423 1159260
947055 1150020 947739 1150620
946485 1155780 947169 1156380
945687 1152900 946371 1153500
944889 1158660 945573 1159260
933147 1150980 933831 1151580
896325 1131780 897009 1132380
895527 1144260 896211 1144860
889713 1134660 890397 1135260
889485 1125540 890169 1126140
888915 1137060 889599 1137660
887775 1136100 888459 1136700
1009983 1130340 1011465 1131420
1004967 1130340 1006449 1131420
1004739 1136100 1006221 1137180
992655 1130340 994137 1131420
991743 1137060 993225 1138140
994935 1140900 996531 1141980
1009299 1127460 1010895 1128540
1007247 1125540 1008843 1126620
1004739 1125540 1006335 1126620
1002459 1138020 1004055 1139100
1001661 1135140 1003257 1136220
1000065 1128420 1001661 1129500
989691 1136100 991287 1137180
956973 1135140 958569 1136220
956859 1128420 958455 1129500
956745 1125540 958341 1126620
956631 1162020 958227 1163100
949563 1143780 951159 1144860
949563 1128420 951159 1129500
949563 1125540 951159 1126620
949449 1135140 951045 1136220
949335 1147620 950931 1148700
947397 1157220 948993 1158300
944547 1157220 946143 1158300
939759 1149540 941355 1150620
881277 1126500 882873 1127580
879681 1133220 881277 1134300
879681 1130340 881277 1131420
879567 1128420 881163 1129500
877059 1138020 878655 1139100
876945 1136100 878541 1137180
876945 1132260 878541 1133340
1021953 1134180 1022751 1134780
1011579 1128900 1012377 1129500
1004055 1129860 1004853 1130460
1004055 1127460 1004853 1128060
1000977 1133700 1001775 1134300
999039 1139940 999837 1140540
995961 1126980 996759 1127580
995163 1139460 995961 1140060
994023 1132260 994821 1132860
993453 1142340 994251 1142940
992655 1143780 993453 1144380
992199 1154340 992997 1154940
990945 1143300 991743 1143900
990945 1140420 991743 1141020
986271 1126500 987069 1127100
956175 1133220 956973 1133820
948195 1128900 948993 1129500
946143 1148100 946941 1148700
944547 1149540 945345 1150140
943407 1150020 944205 1150620
938391 1143300 939189 1143900
930753 1148100 931551 1148700
925737 1127940 926535 1128540
914337 1144740 915135 1145340
884241 1145700 885039 1146300
883899 1149540 884697 1150140
883329 1150980 884127 1151580
883329 1147140 884127 1147740
876033 1126980 876831 1127580
995163 1148580 996987 1149180
990489 1129380 992313 1129980
987525 1132260 989349 1132860
950817 1136580 952641 1137180
947625 1137060 949449 1137660
882303 1127940 884127 1128540
876033 1128900 877857 1129500
997101 1132740 998241 1133340
992085 1132260 993225 1132860
948081 1154340 949221 1154940
1000065 1138020 1001775 1138620
993111 1128420 994821 1129020
992883 1129380 994593 1129980
991287 1149540 992997 1150140
955263 1136580 956973 1137180
891195 1157220 892905 1157820
952755 1126020 953781 1126620
952527 1133220 953553 1133820
952527 1128900 953553 1129500
879111 1137540 880137 1138140
879111 1131780 880137 1132380
885267 1137060 886293 1137660
885267 1134180 886293 1134780
884355 1132260 885381 1132860
883899 1130340 884925 1130940
1002231 1126500 1002687 1127100
1001091 1136580 1001547 1137180
999495 1129380 999951 1129980
999381 1125540 999837 1126140
995163 1143300 995619 1143900
995163 1136100 995619 1136700
994251 1140420 994707 1141020
992541 1136100 992997 1136700
990831 1138500 991287 1139100
989919 1131780 990375 1132380
985131 1143300 985587 1143900
950931 1160580 951387 1161180
949107 1156740 949563 1157340
948423 1158660 948879 1159260
948195 1149540 948651 1150140
946941 1156740 947397 1157340
945915 1161540 946371 1162140
944775 1151460 945231 1152060
943407 1125540 943863 1126140
939531 1156260 939987 1156860
938163 1145700 938619 1146300
937935 1152420 938391 1153020
935427 1153380 935883 1153980
933147 1130820 933603 1131420
884127 1139940 884583 1140540
882531 1138020 882987 1138620
881961 1131780 882417 1132380
1008615 1127940 1009185 1128540
1007703 1127940 1008273 1128540
1004739 1135140 1005309 1135740
1003371 1136580 1003941 1137180
1001091 1130820 1001661 1131420
1000407 1134660 1000977 1135260
996531 1136580 997101 1137180
989463 1142820 990033 1143420
989463 1133700 990033 1134300
989235 1140900 989805 1141500
956631 1134180 957201 1134780
954123 1139940 954693 1140540
950931 1138980 951501 1139580
950019 1145700 950589 1146300
942039 1148100 942609 1148700
881619 1138020 882189 1138620
881391 1130820 881961 1131420
881163 1134660 881733 1135260
880479 1137060 881049 1137660
878199 1135140 878769 1135740
922659 1140420 923343 1141020
922203 1134660 922887 1135260
921405 1136580 922089 1137180
920721 1133220 921405 1133820
917871 1157700 918555 1158300
916389 1158660 917073 1159260
911943 1163460 912627 1164060
907839 1128420 908523 1129020
906585 1144260 907269 1144860
906471 1162020 907155 1162620
899517 1125540 900201 1126140
897351 1126980 898035 1127580
896325 1126500 897009 1127100
895641 1155780 896325 1156380
895185 1158180 895869 1158780
895185 1157220 895869 1157820
894957 1126500 895641 1127100
894159 1157700 894843 1158300
893133 1156740 893817 1157340
893133 1153860 893817 1154460
889371 1155300 890055 1155900
888915 1162020 889599 1162620
888801 1157220 889485 1157820
888117 1157700 888801 1158300
885039 1150500 885723 1151100
1003713 1133220 1004625 1133820
1001661 1132260 1002573 1132860
996075 1138980 996987 1139580
996075 1125540 996987 1126140
993795 1139460 994707 1140060
992541 1126500 993453 1127100
988893 1141860 989805 1142460
986157 1135620 987069 1136220
986157 1133700 987069 1134300
986157 1131780 987069 1132380
958455 1142340 959367 1142940
958455 1129860 959367 1130460
955719 1138020 956631 1138620
948651 1138500 949563 1139100
946029 1149060 946941 1149660
943749 1148580 944661 1149180
925965 1144740 926877 1145340
903051 1158660 903963 1159260
901227 1160100 902139 1160700
900771 1157220 901683 1157820
898719 1130820 899631 1131420
888117 1125540 889029 1126140
880593 1139940 881505 1140540
860529 1137540 861441 1138140
990147 1140900 990717 1141500
992541 1128420 992769 1129020
960621 1154340 960849 1154940
947853 1162020 948081 1162620
946941 1143780 947169 1144380
944889 1155780 945117 1156380
941697 1142340 941925 1142940
939531 1157700 939759 1158300
937251 1128900 937479 1129500
935541 1158180 935769 1158780
935199 1140900 935427 1141500
927789 1146180 928017 1146780
924369 1157700 924597 1158300
923001 1151460 923229 1152060
923001 1130340 923229 1130940
921861 1133700 922089 1134300
921177 1157700 921405 1158300
919467 1142820 919695 1143420
911601 1143300 911829 1143900
911145 1161060 911373 1161660
908751 1148100 908979 1148700
908637 1140900 908865 1141500
906471 1127940 906699 1128540
904305 1125540 904533 1126140
895641 1126980 895869 1127580
886293 1160580 886521 1161180
885039 1125540 885267 1126140
881505 1148100 881733 1148700
878655 1131300 878883 1131900
1022523 1141860 1022751 1142460
1022523 1137060 1022751 1137660
1022523 1136100 1022751 1136700
1000977 1131780 1001205 1132380
1000749 1129860 1000977 1130460
1000065 1127460 1000293 1128060
998241 1139940 998469 1140540
994935 1144740 995163 1145340
992997 1142340 993225 1142940
990033 1130340 990261 1130940
955833 1160580 956061 1161180
952869 1138020 953097 1138620
940785 1126500 941013 1127100
938847 1148100 939075 1148700
936339 1148100 936567 1148700
919581 1145700 919809 1146300
919581 1144260 919809 1144860
913767 1160100 913995 1160700
913197 1139460 913425 1140060
911259 1146660 911487 1147260
909891 1155780 910119 1156380
907383 1163460 907611 1164060
902595 1150980 902823 1151580
902139 1161060 902367 1161660
896211 1142340 896439 1142940
896211 1127460 896439 1128060
885381 1146180 885609 1146780
885381 1130820 885609 1131420
860529 1138500 860757 1139100
860529 1133220 860757 1133820
1021953 1142820 1022751 1143420
925167 1140900 925965 1141500
924141 1140420 924939 1141020
920949 1134660 921747 1135260
915819 1125540 916617 1126140
915135 1160580 915933 1161180
912627 1147140 913425 1147740
911259 1157220 912057 1157820
906243 1145220 907041 1145820
904419 1147140 905217 1147740
898377 1135620 899175 1136220
898035 1155300 898833 1155900
896211 1153860 897009 1154460
895755 1154820 896553 1155420
893247 1143780 894045 1144380
955833 1138980 957429 1139580
954921 1131300 956517 1131900
948309 1141860 949905 1142460
948309 1131780 949905 1132380
948081 1146660 949677 1147260
925737 1133700 927333 1134300
884697 1128420 886293 1129020
865089 1133700 866685 1134300
1000977 1126020 1001661 1126620
999837 1126020 1000521 1126620
996303 1142820 996987 1143420
996303 1133220 996987 1133820
996303 1130340 996987 1130940
986157 1138500 986841 1139100
953439 1162500 954123 1163100
953325 1142340 954009 1142940
933717 1158660 934401 1159260
921177 1150980 921861 1151580
920151 1140420 920835 1141020
918783 1161540 919467 1162140
916959 1151460 917643 1152060
911145 1126980 911829 1127580
906129 1138500 906813 1139100
901911 1162980 902595 1163580
901911 1141860 902595 1142460
898605 1157220 899289 1157820
897237 1147140 897921 1147740
866001 1127460 866685 1128060
866001 1125540 866685 1126140
989805 1139460 991173 1140060
948309 1153380 949677 1153980
911145 1151940 912513 1152540
906243 1126980 907611 1127580
887547 1159140 888915 1159740
908865 1126500 910233 1127100
1021611 1139940 1022637 1140540
946599 1138020 947625 1138620
919011 1126980 920037 1127580
903963 1137060 904989 1137660
1022295 1133220 1022751 1133820
1022295 1126980 1022751 1127580
1022295 1126020 1022751 1126620
1005081 1127940 1005537 1128540
1000065 1139940 1000521 1140540
996531 1144740 996987 1145340
996531 1138020 996987 1138620
993225 1144740 993681 1145340
991401 1132260 991857 1132860
990717 1131300 991173 1131900
989805 1129380 990261 1129980
963585 1161060 964041 1161660
958911 1159620 959367 1160220
958911 1134660 959367 1135260
941925 1149060 942381 1149660
936225 1149540 936681 1150140
931095 1161060 931551 1161660
924369 1145220 924825 1145820
921291 1145700 921747 1146300
913653 1144260 914109 1144860
907041 1161060 907497 1161660
899289 1140420 899745 1141020
898491 1150500 898947 1151100
896781 1155300 897237 1155900
893589 1138980 894045 1139580
889485 1151460 889941 1152060
888573 1133220 889029 1133820
886749 1141380 887205 1141980
885951 1154820 886407 1155420
883671 1135620 884127 1136220
1018191 1139940 1021041 1140540
1014429 1127940 1017279 1128540
993795 1146660 996645 1147260
993567 1150500 996417 1151100
993567 1149540 996417 1150140
993453 1162980 996303 1163580
992883 1125540 995733 1126140
990831 1127460 993681 1128060
987639 1138500 990489 1139100
986157 1140420 989007 1141020
983877 1137060 986727 1137660
983877 1128420 986727 1129020
966891 1159140 969741 1159740
956403 1160580 959253 1161180
956403 1141380 959253 1141980
956175 1157700 959025 1158300
955719 1144260 958569 1144860
949449 1139940 952299 1140540
946371 1130820 949221 1131420
945459 1133700 948309 1134300
943065 1138020 945915 1138620
874779 1127940 877629 1128540
873981 1138020 876831 1138620
873981 1136100 876831 1136700
858705 1134180 861555 1134780
857793 1135620 860643 1136220
857793 1127940 860643 1128540
857793 1126020 860643 1126620
1020129 1148580 1022067 1149180
1019217 1134180 1021155 1134780
1005765 1127940 1007703 1128540
996303 1135620 998241 1136220
982509 1143300 984447 1143900
957087 1163460 959025 1164060
956745 1156740 958683 1157340
956631 1151940 958569 1152540
955035 1135140 956973 1135740
947283 1148100 949221 1148700
947169 1135140 949107 1135740
887889 1162980 889827 1163580
874437 1132260 876375 1132860
1008843 1128900 1010325 1129500
995505 1157220 996987 1157820
932691 1148100 934173 1148700
930183 1129380 931665 1129980
901113 1126980 902595 1127580
893589 1162020 895071 1162620
862353 1137060 863835 1137660
1020813 1135140 1022751 1135740
994251 1156260 996189 1156860
993909 1155300 995847 1155900
993795 1153380 995733 1153980
993567 1154340 995505 1154940
942723 1163460 944661 1164060
933717 1136100 935655 1136700
932691 1140420 934629 1141020
927675 1135140 929613 1135740
905217 1129860 907155 1130460
884241 1161060 886179 1161660
884241 1160100 886179 1160700
884241 1159140 886179 1159740
874665 1137060 876603 1137660
1016823 1133700 1018761 1134300
996417 1162020 998355 1162620
996417 1160100 998355 1160700
996417 1147620 998355 1148220
996417 1143780 998355 1144380
1001775 1139940 1002345 1140540
996987 1133700 997557 1134300
991971 1151460 992541 1152060
991515 1130340 992085 1130940
990489 1130340 991059 1130940
949107 1142820 949677 1143420
943863 1153860 944433 1154460
936339 1140900 936909 1141500
934515 1163460 935085 1164060
929499 1138980 930069 1139580
926079 1162020 926649 1162620
926079 1140420 926649 1141020
920151 1126020 920721 1126620
919467 1137540 920037 1138140
918783 1145220 919353 1145820
917871 1162500 918441 1163100
917073 1143300 917643 1143900
912627 1152420 913197 1153020
910347 1136580 910917 1137180
907725 1154340 908295 1154940
906243 1163460 906813 1164060
905217 1156260 905787 1156860
904419 1143780 904989 1144380
902025 1158660 902595 1159260
897579 1133700 898149 1134300
888459 1128900 889029 1129500
881847 1125540 882417 1126140
1009755 1125540 1020813 1126140
975213 1141860 986271 1142460
975213 1126980 986271 1127580
972705 1131300 983763 1131900
872385 1160580 883443 1161180
872385 1159620 883443 1160220
872385 1146180 883443 1146780
1018647 1160580 1022409 1161180
1018647 1159620 1022409 1160220
1018647 1155780 1022409 1156380
1018647 1154820 1022409 1155420
1018647 1150980 1022409 1151580
1015569 1126500 1019331 1127100
995619 1127940 999381 1128540
951957 1130340 955719 1130940
964839 1161060 994137 1161660
961761 1160100 991059 1160700
961191 1154340 990489 1154940
960963 1151460 990261 1152060
960621 1150020 989919 1150620
960621 1146180 989919 1146780
847761 1156260 877059 1156860
847761 1151460 877059 1152060
847761 1150500 877059 1151100
843201 1145220 872499 1145820
843201 1140420 872499 1141020
965751 1135140 980457 1135740
964725 1155300 979431 1155900
850497 1144260 865203 1144860
847761 1159140 862467 1159740
847761 1153380 862467 1153980
847761 1148580 862467 1149180
1000635 1141860 1015341 1142460
998241 1145700 1012947 1146300
989805 1158660 1004511 1159260
972705 1130340 987411 1130940
966093 1138980 980799 1139580
961761 1140900 976467 1141500
960621 1136580 975327 1137180
958911 1126500 973617 1127100
847761 1132260 862467 1132860
843201 1134660 857907 1135260
843201 1130820 857907 1131420
843201 1129860 857907 1130460
975213 1158660 982623 1159260
973389 1129380 980799 1129980
973275 1148580 980685 1149180
972591 1144740 980001 1145340
971907 1153380 979317 1153980
960621 1149060 968031 1149660
960621 1129860 968031 1130460
951387 1148580 958797 1149180
951159 1149540 958569 1150140
950703 1145220 958113 1145820
950589 1154820 957999 1155420
950019 1146660 957429 1147260
876945 1144740 884355 1145340
869649 1130340 877059 1130940
843201 1163460 850611 1164060
843201 1143300 850611 1143900
843201 1139460 850611 1140060
843201 1138500 850611 1139100
843201 1133700 850611 1134300
843201 1128900 850611 1129500
1015683 1138500 1016709 1139100
997443 1138500 998469 1139100
993339 1133220 994365 1133820
991059 1125540 992085 1126140
990831 1144740 991857 1145340
958341 1136580 959367 1137180
958341 1132740 959367 1133340
950931 1138020 951957 1138620
950019 1158180 951045 1158780
943863 1147620 944889 1148220
902709 1128420 903735 1129020
887889 1143300 888915 1143900
883101 1128900 884127 1129500
865089 1132740 866115 1133340
1017051 1142340 1018761 1142940
1017051 1137540 1018761 1138140
1017051 1136580 1018761 1137180
959025 1155780 960735 1156380
959025 1127940 960735 1128540
1002915 1139940 1003257 1140540
1000179 1136100 1000521 1136700
1000179 1132260 1000521 1132860
999039 1137540 999381 1138140
995163 1133220 995505 1133820
994707 1142340 995049 1142940
994251 1126980 994593 1127580
993339 1138500 993681 1139100
993339 1135620 993681 1136220
993111 1140420 993453 1141020
992655 1150500 992997 1151100
991515 1131300 991857 1131900
990603 1145700 990945 1146300
990603 1132260 990945 1132860
989463 1135140 989805 1135740
989235 1139940 989577 1140540
952755 1162500 953097 1163100
948879 1163460 949221 1164060
947967 1150500 948309 1151100
943863 1126020 944205 1126620
939417 1150980 939759 1151580
931551 1160580 931893 1161180
931323 1152420 931665 1153020
930525 1132740 930867 1133340
928701 1140420 929043 1141020
927675 1156260 928017 1156860
924483 1156260 924825 1156860
921177 1142340 921519 1142940
919695 1157220 920037 1157820
918783 1151460 919125 1152060
916275 1127940 916617 1128540
916275 1126980 916617 1127580
910461 1163460 910803 1164060
901911 1145700 902253 1146300
898605 1140900 898947 1141500
890055 1130340 890397 1130940
887775 1146180 888117 1146780
886065 1146660 886407 1147260
1021041 1126500 1022067 1127100
995847 1161060 996873 1161660
942723 1128420 943749 1129020
941241 1151940 942267 1152540
927675 1127460 928701 1128060
923001 1150500 924027 1151100
901227 1139460 902253 1140060
893589 1137060 894615 1137660
893019 1158660 894045 1159260
881163 1136580 882189 1137180
1003599 1139460 1014657 1140060
972933 1133220 983991 1133820
972591 1138020 983649 1138620
938049 1132740 949107 1133340
872385 1161540 883443 1162140
872385 1142340 883443 1142940
960621 1162500 989919 1163100
960621 1157700 989919 1158300
960621 1156740 989919 1157340
960621 1147140 989919 1147740
847761 1152420 877059 1153020
1017279 1134660 1018761 1135260
996873 1156260 998355 1156860
996873 1155300 998355 1155900
996873 1154340 998355 1154940
996873 1153380 998355 1153980
996873 1150500 998355 1151100
996873 1149540 998355 1150140
996873 1146660 998355 1147260
959253 1163460 960735 1164060
959253 1161540 960735 1162140
959253 1158660 960735 1159260
959253 1152900 960735 1153500
959253 1151940 960735 1152540
959253 1148100 960735 1148700
959253 1145220 960735 1145820
959253 1144260 960735 1144860
959253 1140420 960735 1141020
959253 1135620 960735 1136220
993111 1151460 996873 1152060
942723 1142820 946485 1143420
862467 1131300 866229 1131900
997101 1157700 1011807 1158300
843201 1137540 857907 1138140
982509 1163460 989919 1164060
982509 1149060 989919 1149660
950019 1153380 957429 1153980
872385 1139460 879795 1140060
