941469 1161060 942837 1162140
931437 1161060 932805 1162140
928929 1151460 930297 1152540
943065 1157700 944547 1158300
935199 1150500 936681 1151580
937821 1150980 939531 1151580
938391 1162020 940101 1162620
932691 1142820 934401 1143420
927675 1153860 929385 1154460
902595 1155780 903735 1156380
892563 1152420 893703 1153020
938049 1162980 939075 1164060
938049 1160100 939075 1161180
933033 1160100 934059 1161180
931323 1155300 932349 1156380
928017 1160100 929043 1161180
912969 1141860 913995 1142940
900087 1155300 900999 1155900
935427 1157220 936567 1157820
927903 1161540 929043 1162140
905787 1155300 906927 1155900
901113 1138020 902253 1138620
943293 1158660 944205 1159260
930753 1156740 931665 1157340
896667 1137060 897579 1137660
928473 1158180 929043 1159260
926307 1162980 926877 1164060
926307 1160100 926877 1161180
893361 1155300 893931 1156380
926763 1143780 928131 1145820
923913 1147620 925281 1149660
891309 1141860 892677 1143900
950247 1162020 951615 1163100
947739 1161060 949107 1162140
940215 1162980 941583 1164060
918783 1138980 920151 1140060
905103 1139940 906471 1141020
902595 1140900 903963 1141980
890055 1152420 891423 1153500
934401 1131300 935541 1131900
933033 1143780 934173 1144380
931323 1162980 932463 1163580
897807 1150980 898947 1151580
936225 1162980 936909 1164060
907725 1151460 908409 1152540
926763 1152900 927789 1153500
913995 1132260 915021 1132860
912855 1138500 913881 1139100
910347 1144260 911373 1144860
897807 1143780 898833 1144380
885267 1151460 886293 1152060
940443 1127940 941355 1128540
908067 1158180 908865 1158780
896211 1138020 897009 1138620
889827 1145700 890625 1146300
892677 1141380 893475 1141980
935313 1144260 936567 1144860
927789 1162500 929043 1163100
921291 1149060 922545 1149660
918783 1147140 920037 1147740
916275 1139940 917529 1140540
897693 1154820 898947 1155420
896211 1152900 897465 1153500
937707 1142340 939075 1142940
937707 1130340 939075 1130940
935199 1154820 936567 1155420
933831 1132260 935199 1132860
933489 1155780 934857 1156380
930297 1150500 931665 1151100
930183 1158180 931551 1158780
928815 1157220 930183 1157820
927789 1150500 929157 1151100
927675 1136580 929043 1137180
918783 1131300 920151 1131900
918669 1150980 920037 1151580
912627 1140900 913995 1141500
910233 1162020 911601 1162620
900087 1153380 901455 1153980
898719 1127460 900087 1128060
895071 1156260 896439 1156860
887547 1141860 888915 1142460
885381 1131780 886749 1132380
940329 1155780 941583 1156380
940329 1153860 941583 1154460
935883 1149060 937137 1149660
935313 1147620 936567 1148220
933831 1150020 935085 1150620
930867 1151940 932121 1152540
928473 1149540 929727 1150140
912855 1149540 914109 1150140
911259 1159140 912513 1159740
900201 1129380 901455 1129980
903735 1143780 904533 1144380
901227 1141860 902025 1142460
947739 1162980 949221 1163580
945231 1162500 946713 1163100
942723 1155300 944205 1155900
933831 1127460 935313 1128060
933603 1162980 935085 1163580
930183 1149060 931665 1149660
926079 1139940 927561 1140540
925167 1126500 926649 1127100
923571 1138980 925053 1139580
921177 1148100 922659 1148700
915135 1141380 916617 1141980
913653 1156260 915135 1156860
913653 1126500 915135 1127100
887547 1144260 889029 1144860
884925 1133220 886407 1133820
945231 1161060 946599 1161660
942723 1154340 944091 1154940
937821 1155780 939189 1156380
935199 1162020 936567 1162620
935199 1161060 936567 1161660
933489 1156740 934857 1157340
932691 1152900 934059 1153500
930183 1137060 931551 1137660
913767 1130340 915135 1130940
908637 1160100 910005 1160700
916275 1161060 917073 1161660
937935 1127460 939531 1128060
921975 1136580 923571 1137180
920379 1146180 921975 1146780
901227 1133700 902823 1134300
893703 1134180 895299 1134780
938277 1152420 939531 1153020
937137 1126500 938391 1127100
923913 1127460 925167 1128060
917301 1134660 918555 1135260
912513 1162020 913767 1162620
912057 1131300 913311 1131900
891993 1126980 893247 1127580
884469 1139940 885723 1140540
937707 1154820 939303 1155420
923001 1135140 924597 1135740
920151 1125540 921747 1126140
915249 1150020 916845 1150620
913425 1146180 915021 1146780
901797 1159140 903393 1159740
895071 1150500 896667 1151100
892563 1128420 894159 1129020
940671 1158180 941469 1158780
937707 1157220 938505 1157820
937707 1145220 938505 1145820
936339 1131300 937137 1131900
935199 1152900 935997 1153500
933261 1154820 934059 1155420
931551 1153380 932349 1153980
931323 1133700 932121 1134300
930753 1139940 931551 1140540
929385 1152900 930183 1153500
928701 1130340 929499 1130940
928587 1127460 929385 1128060
926307 1151940 927105 1152540
925737 1135620 926535 1136220
913653 1153860 914451 1154460
909321 1157220 910119 1157820
906813 1156740 907611 1157340
898263 1138500 899061 1139100
897579 1133220 898377 1133820
896781 1128900 897579 1129500
892563 1131780 893361 1132380
888573 1154820 889371 1155420
886293 1149060 887091 1149660
885609 1150500 886407 1151100
925395 1161540 926763 1162140
898035 1134180 898833 1134780
922431 1128900 923457 1129500
912855 1127460 913881 1128060
910347 1131300 911373 1131900
910347 1127940 911373 1128540
907839 1131300 908865 1131900
906471 1131780 907497 1132380
904875 1131780 905901 1132380
884811 1138980 885609 1139580
937479 1158180 938049 1158780
906927 1160580 907497 1161180
898947 1158660 899517 1159260
938277 1149060 939189 1149660
936909 1152900 937821 1153500
903393 1138500 904305 1139100
890511 1154340 891423 1154940
937707 1136580 948765 1137180
1012833 1161060 1022751 1161660
1012833 1160100 1022751 1160700
1012833 1159140 1022751 1159740
1012833 1156260 1022751 1156860
1012833 1155300 1022751 1155900
1012833 1154340 1022751 1154940
1012833 1151460 1022751 1152060
1012833 1150500 1022751 1151100
902709 1150980 903393 1151580
1826337 1159140 1841043 1160220
1826337 1154340 1841043 1155420
1826337 1149540 1841043 1150620
1826337 1144740 1841043 1145820
1826337 1139940 1841043 1141020
1826337 1135140 1841043 1136220
1826337 1130340 1841043 1131420
1826337 1125540 1841043 1126620
1018647 1163460 1022751 1164060
1018647 1152900 1022751 1153500
1018647 1149060 1022751 1149660
1018647 1148100 1022751 1148700
1018647 1147140 1022751 1147740
1018647 1144260 1022751 1144860
880023 1138500 884127 1139100
1017165 1162500 1018761 1163100
1017165 1157700 1018761 1158300
1017165 1127940 1018761 1128540
921519 1158180 923115 1158780
883329 1145220 885495 1145820
883329 1144260 885495 1144860
883329 1141380 885495 1141980
876945 1157220 886179 1157820
995505 1143300 1013859 1143900
881619 1134660 885495 1135260
1826337 1162500 1865439 1163100
1826337 1157700 1865439 1158300
1826337 1152900 1865439 1153500
1826337 1148100 1865439 1148700
1826337 1143300 1865439 1143900
1826337 1138500 1865439 1139100
1826337 1133700 1865439 1134300
1826337 1128900 1865439 1129500
927561 1159140 927789 1159740
922545 1130820 922773 1131420
921861 1162500 922089 1163100
914337 1147140 914565 1147740
904875 1126500 905103 1127100
902709 1143780 902937 1144380
895185 1143780 895413 1144380
891195 1145220 891423 1145820
889941 1156740 890169 1157340
889257 1134180 889485 1134780
937707 1143300 938505 1143900
929499 1126980 930297 1127580
923115 1130340 923913 1130940
919467 1129860 920265 1130460
909435 1158180 910233 1158780
908751 1140900 909549 1141500
905559 1160580 906357 1161180
894843 1152900 895641 1153500
891651 1139460 892449 1140060
891195 1155780 891993 1156380
887547 1138500 888345 1139100
1001775 1128420 1003257 1129020
987639 1137540 990147 1138140
1011807 1145220 1017393 1145820
987525 1134180 993111 1134780
876945 1140900 882531 1141500
998241 1135140 1000749 1135740
884241 1156260 886749 1156860
884241 1142820 886749 1143420
1840929 1160580 1859283 1161180
1840929 1155780 1859283 1156380
1840929 1150980 1859283 1151580
1840929 1146180 1859283 1146780
1840929 1141380 1859283 1141980
1840929 1136580 1859283 1137180
1840929 1131780 1859283 1132380
1840929 1126980 1859283 1127580
1000977 1131300 1019331 1131900
937137 1134180 955491 1134780
940557 1129380 941013 1129980
933717 1136580 934173 1137180
933717 1135620 934173 1136220
926079 1142340 926535 1142940
918669 1158660 919125 1159260
918669 1149540 919125 1150140
913653 1135620 914109 1136220
912969 1129380 913425 1129980
903621 1147620 904077 1148220
906243 1142340 906813 1142940
939531 1146660 940899 1147740
941355 1156740 942381 1157340
935655 1158180 936681 1158780
930183 1161060 931209 1161660
930183 1160100 931209 1160700
930183 1147620 931209 1148220
929727 1133700 930753 1134300
926763 1157700 927789 1158300
925395 1130340 926421 1130940
910347 1134660 911373 1135260
899403 1159620 900429 1160220
898947 1146660 899973 1147260
897807 1147140 898833 1147740
892791 1140420 893817 1141020
891423 1158660 892449 1159260
890055 1141380 891081 1141980
888915 1147620 889941 1148220
886407 1145700 887433 1146300
937707 1131300 938733 1131900
932919 1129860 933945 1130460
931551 1129380 932577 1129980
927903 1155780 928929 1156380
927903 1152420 928929 1153020
925395 1153380 926421 1153980
925167 1159140 926193 1159740
925167 1127460 926193 1128060
922887 1126980 923913 1127580
922659 1126020 923685 1126620
922203 1163460 923229 1164060
901455 1132740 902481 1133340
895299 1134660 896325 1135260
891423 1135620 892449 1136220
890283 1130340 891309 1130940
887775 1131780 888801 1132380
887775 1129860 888801 1130460
987867 1128420 989007 1129020
954807 1160580 955947 1161180
939873 1156740 941013 1157340
936567 1143780 937707 1144380
935883 1145700 937023 1146300
934743 1145700 935883 1146300
934515 1158180 935655 1158780
933375 1145700 934515 1146300
933375 1126500 934515 1127100
930867 1128420 932007 1129020
926649 1138980 927789 1139580
926421 1130820 927561 1131420
925851 1140900 926991 1141500
925851 1125540 926991 1126140
923343 1145220 924483 1145820
922773 1160580 923913 1161180
922773 1143300 923913 1143900
921405 1138500 922545 1139100
920265 1136100 921405 1136700
919125 1150020 920265 1150620
918327 1160580 919467 1161180
918327 1146180 919467 1146780
917187 1160580 918327 1161180
915819 1128900 916959 1129500
915135 1131300 916275 1131900
914109 1137540 915249 1138140
913881 1139940 915021 1140540
913881 1125540 915021 1126140
912627 1158660 913767 1159260
910803 1137540 911943 1138140
910119 1153860 911259 1154460
908295 1162500 909435 1163100
907725 1135620 908865 1136220
907155 1144260 908295 1144860
907041 1162020 908181 1162620
906585 1138020 907725 1138620
906357 1145700 907497 1146300
905217 1159140 906357 1159740
904419 1160580 905559 1161180
904305 1146660 905445 1147260
901455 1162020 902595 1162620
898833 1144260 899973 1144860
898833 1141860 899973 1142460
897123 1159620 898263 1160220
896895 1145220 898035 1145820
895755 1139460 896895 1140060
894387 1148100 895527 1148700
893931 1157220 895071 1157820
893247 1125540 894387 1126140
892563 1138500 893703 1139100
891423 1146180 892563 1146780
891423 1138020 892563 1138620
890739 1162500 891879 1163100
889257 1139940 890397 1140540
887547 1145700 888687 1146300
885723 1140900 886863 1141500
882645 1155300 883785 1155900
881733 1135620 882873 1136220
867483 1131300 868623 1131900
867255 1135140 868395 1135740
865659 1138020 866799 1138620
1002231 1127460 1003371 1128060
1001661 1140420 1002801 1141020
953439 1140900 954579 1141500
951501 1160580 952641 1161180
941469 1129860 942609 1130460
939987 1142340 941127 1142940
939759 1159140 940899 1159740
939759 1152900 940899 1153500
938391 1158660 939531 1159260
935883 1153860 937023 1154460
934059 1159620 935199 1160220
932691 1141860 933831 1142460
932577 1158180 933717 1158780
932007 1159140 933147 1159740
923343 1156740 924483 1157340
923343 1155300 924483 1155900
921975 1137540 923115 1138140
919695 1162500 920835 1163100
919125 1140420 920265 1141020
919011 1136100 920151 1136700
918327 1162500 919467 1163100
918327 1137060 919467 1137660
914109 1134660 915249 1135260
886749 1134660 887889 1135260
923115 1151460 923685 1152060
901455 1162980 902025 1163580
896895 1134180 897465 1134780
896439 1135620 897009 1136220
945003 1127460 946371 1128540
944547 1129380 945915 1130460
942267 1127460 943635 1128540
941811 1144740 943179 1145820
941583 1125540 942951 1126620
939531 1126500 940899 1127580
939075 1128420 940443 1129500
937365 1128420 938733 1129500
936795 1132260 938163 1133340
931779 1126500 933147 1127580
929955 1125540 931323 1126620
929271 1132260 930639 1133340
927561 1125540 928929 1126620
927333 1134180 928701 1135260
926421 1129380 927789 1130460
924711 1132260 926079 1133340
924483 1157220 925851 1158300
924141 1142820 925509 1143900
923913 1151460 925281 1152540
923913 1140900 925281 1141980
923913 1136100 925281 1137180
919923 1137060 921291 1138140
919809 1159140 921177 1160220
919695 1134180 921063 1135260
919581 1142820 920949 1143900
918897 1128420 920265 1129500
917529 1144740 918897 1145820
917529 1142820 918897 1143900
917187 1138020 918555 1139100
917187 1128420 918555 1129500
916389 1133220 917757 1134300
915021 1162980 916389 1164060
915021 1133220 916389 1134300
914907 1154340 916275 1155420
914907 1151460 916275 1152540
914907 1148580 916275 1149660
914223 1128420 915591 1129500
912513 1147620 913881 1148700
912513 1137060 913881 1138140
912399 1150500 913767 1151580
912399 1132260 913767 1133340
911487 1125540 912855 1126620
911373 1152420 912741 1153500
909891 1139940 911259 1141020
908979 1152420 910347 1153500
908979 1148580 910347 1149660
908865 1142820 910233 1143900
908865 1129380 910233 1130460
907041 1129380 908409 1130460
906927 1142820 908295 1143900
906585 1127460 907953 1128540
906357 1153380 907725 1154460
904989 1162980 906357 1164060
904875 1143780 906243 1144860
904761 1152420 906129 1153500
904305 1127460 905673 1128540
903963 1156260 905331 1157340
903963 1149540 905331 1150620
903849 1154340 905217 1155420
902481 1162980 903849 1164060
902481 1137060 903849 1138140
902481 1135140 903849 1136220
902481 1126500 903849 1127580
902367 1152420 903735 1153500
901455 1128420 902823 1129500
901341 1142820 902709 1143900
899859 1162980 901227 1164060
899403 1147620 900771 1148700
899061 1142820 900429 1143900
898947 1132260 900315 1133340
897465 1162980 898833 1164060
897123 1135140 898491 1136220
894843 1146660 896211 1147740
894843 1136100 896211 1137180
894843 1130340 896211 1131420
894501 1154340 895869 1155420
892449 1162980 893817 1164060
891879 1153380 893247 1154460
891537 1129380 892905 1130460
889941 1147620 891309 1148700
889941 1127460 891309 1128540
888801 1138020 890169 1139100
888801 1135140 890169 1136220
888801 1130340 890169 1131420
887433 1153380 888801 1154460
887433 1127460 888801 1128540
886293 1157220 887661 1158300
886293 1147620 887661 1148700
886293 1130340 887661 1131420
941469 1142820 942837 1143900
939303 1140900 940671 1141980
936795 1140900 938163 1141980
936795 1138980 938163 1140060
934971 1135140 936339 1136220
934743 1139940 936111 1141020
934401 1133220 935769 1134300
932121 1138980 933489 1140060
931437 1147620 932805 1148700
931437 1144740 932805 1145820
930069 1140900 931437 1141980
929727 1144740 931095 1145820
929499 1135140 930867 1136220
929157 1138020 930525 1139100
926421 1156260 927789 1157340
926421 1127460 927789 1128540
924369 1128420 925737 1129500
923913 1162020 925281 1163100
919923 1157220 921291 1158300
919923 1155300 921291 1156380
919809 1132260 921177 1133340
917301 1155300 918669 1156380
917301 1130340 918669 1131420
916617 1162020 917985 1163100
915021 1144740 916389 1145820
915021 1136100 916389 1137180
914793 1157220 916161 1158300
913881 1160100 915249 1161180
912513 1162980 913881 1164060
912399 1143780 913767 1144860
911943 1160100 913311 1161180
911943 1157220 913311 1158300
910005 1155300 911373 1156380
909891 1132260 911259 1133340
909549 1145700 910917 1146780
909093 1136100 910461 1137180
907497 1147620 908865 1148700
906585 1149540 907953 1150620
906357 1133220 907725 1134300
904989 1147620 906357 1148700
904875 1138020 906243 1139100
904875 1134180 906243 1135260
904647 1130340 906015 1131420
904191 1141860 905559 1142940
904191 1136100 905559 1137180
902481 1149540 903849 1150620
902139 1145700 903507 1146780
902025 1160100 903393 1161180
901683 1154340 903051 1155420
901683 1131300 903051 1132380
899973 1144740 901341 1145820
899973 1138980 901341 1140060
899745 1161060 901113 1162140
899745 1151460 901113 1152540
899631 1136100 900999 1137180
899517 1130340 900885 1131420
897465 1130340 898833 1131420
897351 1140900 898719 1141980
896667 1149540 898035 1150620
896325 1127460 897693 1128540
894957 1162020 896325 1163100
894957 1141860 896325 1142940
894957 1127460 896325 1128540
894387 1160100 895755 1161180
894387 1139940 895755 1141020
893817 1144740 895185 1145820
892449 1136100 893817 1137180
891879 1161060 893247 1162140
891423 1149540 892791 1150620
891309 1133220 892677 1134300
889371 1132260 890739 1133340
889143 1161060 890511 1162140
888915 1149540 890283 1150620
888801 1159140 890169 1160220
887433 1137060 888801 1138140
886977 1139940 888345 1141020
886293 1161060 887661 1162140
886293 1159140 887661 1160220
932007 1149540 932805 1150140
896325 1130820 897009 1131420
894843 1126020 895527 1126620
890625 1138500 891309 1139100
890055 1125540 890739 1126140
887547 1133700 888231 1134300
942723 1162500 943407 1163100
940443 1143780 941127 1144380
939189 1131300 939873 1131900
935541 1141380 936225 1141980
929727 1146180 930411 1146780
925737 1136580 926421 1137180
925281 1134180 925965 1134780
921861 1145220 922545 1145820
919353 1161540 920037 1162140
919353 1141380 920037 1141980
916389 1138980 917073 1139580
912969 1133700 913653 1134300
909435 1141860 910119 1142460
907725 1160580 908409 1161180
905673 1136580 906357 1137180
905217 1132740 905901 1133340
903849 1130340 904533 1130940
899061 1152900 899745 1153500
896895 1160580 897579 1161180
887889 1156260 888573 1156860
1001889 1137540 1002573 1138140
930753 1132740 931437 1133340
929385 1139460 930069 1140060
928929 1140420 929613 1141020
925395 1155300 926079 1155900
921975 1154820 922659 1155420
919011 1135140 919695 1135740
918897 1143780 919581 1144380
917415 1153380 918099 1153980
916617 1152420 917301 1153020
916617 1149060 917301 1149660
915705 1142820 916389 1143420
915363 1158660 916047 1159260
911373 1134180 912057 1134780
910689 1158180 911373 1158780
910575 1149060 911259 1149660
908979 1131780 909663 1132380
903051 1144260 903735 1144860
900657 1135140 901341 1135740
900543 1142340 901227 1142940
900315 1149060 900999 1149660
893133 1148580 893817 1149180
888801 1146180 889485 1146780
885381 1154820 886065 1155420
932235 1135140 932577 1135740
928815 1146180 929157 1146780
922545 1153860 922887 1154460
921291 1127940 921633 1128540
918555 1134180 918897 1134780
917415 1157220 917757 1157820
916161 1132260 916503 1132860
908751 1156740 909093 1157340
908751 1125540 909093 1126140
908067 1125540 908409 1126140
897807 1148100 898149 1148700
891195 1144260 891537 1144860
952755 1162020 953781 1162620
949335 1140420 950361 1141020
937707 1144260 938733 1144860
932235 1146180 933261 1146780
930411 1146180 931437 1146780
922887 1133700 923913 1134300
919695 1152900 920721 1153500
896211 1146660 897237 1147260
895071 1131780 895869 1132380
940899 1126980 941469 1127580
953211 1136100 953553 1136700
948879 1159620 949221 1160220
946257 1152900 946599 1153500
945687 1159140 946029 1159740
943065 1152420 943407 1153020
938733 1126020 939075 1126620
936339 1134180 936681 1134780
933717 1138500 934059 1139100
928815 1131780 929157 1132380
928701 1137540 929043 1138140
928131 1139460 928473 1140060
923685 1142340 924027 1142940
921177 1161540 921519 1162140
919809 1149060 920151 1149660
919695 1151940 920037 1152540
916275 1160100 916617 1160700
914565 1138980 914907 1139580
911259 1150980 911601 1151580
911145 1160580 911487 1161180
909777 1126020 910119 1126620
906243 1149060 906585 1149660
903735 1162020 904077 1162620
903621 1128420 903963 1129020
902139 1156740 902481 1157340
902139 1148100 902481 1148700
900999 1146180 901341 1146780
900087 1141380 900429 1141980
900087 1134660 900429 1135260
896439 1141380 896781 1141980
893703 1153860 894045 1154460
893703 1146660 894045 1147260
893475 1160100 893817 1160700
891195 1160580 891537 1161180
889371 1156260 889713 1156860
886065 1152900 886407 1153500
884811 1148580 885153 1149180
881163 1136100 881505 1136700
999495 1136100 1000293 1136700
944319 1159140 945117 1159740
943179 1156260 943977 1156860
942039 1152420 942837 1153020
882987 1126980 883785 1127580
1000065 1134180 1000521 1134780
998241 1126500 998697 1127100
990603 1137540 991059 1138140
949107 1130340 949563 1130940
946713 1144260 947169 1144860
941241 1159620 941697 1160220
935313 1125540 935769 1126140
933831 1157700 934287 1158300
931209 1131780 931665 1132380
930297 1154820 930753 1155420
925965 1149540 926421 1150140
924939 1155780 925395 1156380
923799 1158660 924255 1159260
923799 1152900 924255 1153500
923001 1149540 923457 1150140
921291 1139460 921747 1140060
921177 1152900 921633 1153500
919581 1148100 920037 1148700
918669 1132740 919125 1133340
918441 1157700 918897 1158300
917073 1150980 917529 1151580
916161 1146660 916617 1147260
915477 1152900 915933 1153500
912057 1135140 912513 1135740
910461 1162980 910917 1163580
908637 1150980 909093 1151580
906243 1135140 906699 1135740
899517 1126500 899973 1127100
897921 1126980 898377 1127580
895983 1132740 896439 1133340
893475 1129860 893931 1130460
888573 1160580 889029 1161180
885951 1129380 886407 1129980
883443 1131300 883899 1131900
882303 1131780 882759 1132380
952983 1159620 953553 1160220
946599 1126500 947169 1127100
945231 1151940 945801 1152540
941811 1159140 942381 1159740
923343 1139940 923913 1140540
913311 1160100 913881 1160700
913311 1139460 913881 1140060
910803 1136580 911373 1137180
906927 1141380 907497 1141980
898263 1144740 898833 1145340
952071 1140420 953325 1141020
950361 1141380 951615 1141980
926307 1147140 927561 1147740
882873 1148100 884127 1148700
882873 1137540 884127 1138140
881163 1129860 882417 1130460
1002231 1126020 1003029 1126620
991743 1136100 992541 1136700
951387 1144260 952185 1144860
946371 1127460 947169 1128060
945003 1155780 945801 1156380
944319 1126500 945117 1127100
939075 1144740 939873 1145340
938163 1146180 938961 1146780
937707 1147620 938505 1148220
935655 1155780 936453 1156380
928131 1140900 928929 1141500
925167 1138500 925965 1139100
922887 1141380 923685 1141980
919239 1145220 920037 1145820
916275 1151460 917073 1152060
915363 1143780 916161 1144380
905331 1149540 906129 1150140
901455 1138980 902253 1139580
901455 1137060 902253 1137660
898035 1139940 898833 1140540
888687 1150980 889485 1151580
887547 1150980 888345 1151580
867483 1125540 868281 1126140
997443 1133700 998469 1134300
994707 1132260 995733 1132860
993111 1134180 994137 1134780
1000863 1126980 1001547 1127580
992883 1136100 993567 1136700
951501 1159620 952185 1160220
949335 1155780 950019 1156380
948993 1149540 949677 1150140
946827 1159620 947511 1160220
946827 1158660 947511 1159260
945801 1153860 946485 1154460
945003 1150020 945687 1150620
944433 1152420 945117 1153020
944091 1150020 944775 1150620
943977 1150980 944661 1151580
942495 1151460 943179 1152060
932577 1150500 933261 1151100
893931 1126500 894615 1127100
892107 1134660 892791 1135260
890511 1134180 891195 1134780
888003 1126500 888687 1127100
885495 1130820 886179 1131420
1004283 1132260 1005765 1133340
1002687 1129380 1004169 1130460
1002459 1132260 1003941 1133340
999267 1141860 1000749 1142940
998583 1130340 1000065 1131420
993567 1138020 995049 1139100
993567 1135140 995049 1136220
994707 1128420 996303 1129500
1002117 1138980 1003713 1140060
991743 1131300 993339 1132380
989691 1135140 991287 1136220
956859 1136100 958455 1137180
956859 1133220 958455 1134300
956631 1161060 958227 1162140
956631 1130340 958227 1131420
954009 1162980 955605 1164060
951843 1141860 953439 1142940
951615 1162980 953211 1164060
949335 1160100 950931 1161180
949335 1136100 950931 1137180
949107 1154340 950703 1155420
947283 1156260 948879 1157340
946827 1153380 948423 1154460
944547 1148580 946143 1149660
941925 1149540 943521 1150620
878769 1135140 880365 1136220
877173 1130340 878769 1131420
876717 1126500 878313 1127580
1011579 1128420 1012377 1129020
1007247 1126500 1008045 1127100
1006107 1127460 1006905 1128060
1004739 1126980 1005537 1127580
1004055 1137060 1004853 1137660
998811 1131780 999609 1132380
996075 1138500 996873 1139100
956175 1128900 956973 1129500
948879 1144260 949677 1144860
948537 1145220 949335 1145820
943635 1128420 944433 1129020
940899 1150500 941697 1151100
935883 1127940 936681 1128540
929385 1162980 930183 1163580
926079 1131780 926877 1132380
919125 1156260 919923 1156860
916275 1156260 917073 1156860
901797 1139940 902595 1140540
901683 1130340 902481 1130940
891765 1130820 892563 1131420
888687 1157700 889485 1158300
886293 1126980 887091 1127580
883329 1150020 884127 1150620
883329 1149060 884127 1149660
883329 1140420 884127 1141020
883329 1136580 884127 1137180
883329 1133700 884127 1134300
883215 1130340 884013 1130940
881619 1126020 882417 1126620
878427 1131780 879225 1132380
877515 1127940 878313 1128540
876261 1132260 877059 1132860
865659 1135620 866457 1136220
993111 1137060 994935 1137660
989919 1142820 991743 1143420
951045 1126020 952869 1126620
950817 1133220 952641 1133820
947853 1125540 949677 1126140
1005651 1126500 1006791 1127100
998241 1138980 999381 1139580
998241 1137060 999381 1137660
988893 1133220 990033 1133820
951045 1128420 952185 1129020
946029 1150020 947169 1150620
883557 1129380 884697 1129980
880593 1149540 881733 1150140
1003143 1136100 1004853 1136700
1003143 1135140 1004853 1135740
950931 1135620 952641 1136220
950931 1130820 952641 1131420
878883 1132740 879909 1133340
878883 1126020 879909 1126620
877743 1128900 878769 1129500
892791 1157220 893817 1157820
886635 1126020 887661 1126620
885267 1126500 886293 1127100
999951 1138500 1000407 1139100
996645 1126980 997101 1127580
994707 1140420 995163 1141020
993111 1142340 993567 1142940
991629 1140420 992085 1141020
950247 1158660 950703 1159260
945687 1158180 946143 1158780
943407 1151940 943863 1152540
943065 1125540 943521 1126140
939645 1150980 940101 1151580
934971 1153860 935427 1154460
898149 1145700 898605 1146300
897123 1126020 897579 1126620
882759 1128900 883215 1129500
1001547 1126020 1002117 1126620
1000863 1140420 1001433 1141020
996759 1145220 997329 1145820
992199 1143780 992769 1144380
957771 1134660 958341 1135260
957315 1138980 957885 1139580
956631 1163460 957201 1164060
952527 1143300 953097 1143900
950703 1129860 951273 1130460
949563 1132260 950133 1132860
948879 1158180 949449 1158780
948879 1128900 949449 1129500
947739 1159140 948309 1159740
946827 1155300 947397 1155900
946827 1148100 947397 1148700
943863 1152900 944433 1153500
879795 1129380 880365 1129980
877743 1137060 878313 1137660
877743 1133220 878313 1133820
931437 1136100 932121 1136700
927561 1132260 928245 1132860
923229 1132740 923913 1133340
923229 1131780 923913 1132380
922545 1142340 923229 1142940
921405 1150020 922089 1150620
920721 1140420 921405 1141020
919239 1158180 919923 1158780
919125 1157220 919809 1157820
918897 1152900 919581 1153500
918213 1141860 918897 1142460
917643 1158180 918327 1158780
913881 1158660 914565 1159260
911943 1153860 912627 1154460
908181 1154340 908865 1154940
908181 1145220 908865 1145820
906927 1159620 907611 1160220
906813 1136100 907497 1136700
906357 1144740 907041 1145340
905673 1156260 906357 1156860
905445 1153860 906129 1154460
902937 1157700 903621 1158300
901341 1136100 902025 1136700
900657 1156740 901341 1157340
900543 1158660 901227 1159260
899745 1158180 900429 1158780
899403 1134180 900087 1134780
899289 1138020 899973 1138620
898833 1161540 899517 1162140
898035 1157220 898719 1157820
896325 1151460 897009 1152060
892791 1158180 893475 1158780
892677 1143780 893361 1144380
891993 1156740 892677 1157340
890625 1157220 891309 1157820
887547 1146660 888231 1147260
885495 1145700 886179 1146300
884583 1149540 885267 1150140
1008501 1127460 1009413 1128060
992541 1146180 993453 1146780
991629 1141380 992541 1141980
988893 1142340 989805 1142940
988893 1136580 989805 1137180
986157 1126980 987069 1127580
958455 1135620 959367 1136220
953553 1138980 954465 1139580
935655 1129860 936567 1130460
931209 1154340 932121 1154940
918783 1154820 919695 1155420
908067 1155300 908979 1155900
900885 1159620 901797 1160220
898719 1125540 899631 1126140
896097 1125540 897009 1126140
895527 1126500 896439 1127100
890739 1159620 891651 1160220
886065 1155300 886977 1155900
884469 1127460 885381 1128060
884241 1150500 885153 1151100
877401 1135140 878313 1135740
1009755 1128420 1010325 1129020
993339 1139460 993909 1140060
992883 1140900 993453 1141500
992655 1128420 993225 1129020
990603 1140900 991173 1141500
1003257 1137060 1003485 1137660
957771 1126500 957999 1127100
943863 1162500 944091 1163100
937251 1158660 937479 1159260
936909 1160100 937137 1160700
936339 1126020 936567 1126620
932121 1134180 932349 1134780
931323 1159620 931551 1160220
930525 1153380 930753 1153980
930525 1139460 930753 1140060
930525 1127940 930753 1128540
929385 1159140 929613 1159740
928701 1147140 928929 1147740
928017 1138500 928245 1139100
923229 1147140 923457 1147740
923001 1153380 923229 1153980
922659 1161540 922887 1162140
922317 1150980 922545 1151580
920265 1144260 920493 1144860
920265 1127940 920493 1128540
917985 1150020 918213 1150620
916617 1158180 916845 1158780
916275 1153860 916503 1154460
912285 1156260 912513 1156860
911601 1142820 911829 1143420
911259 1141380 911487 1141980
908751 1134180 908979 1134780
908181 1139940 908409 1140540
907725 1134180 907953 1134780
903621 1130820 903849 1131420
900201 1146180 900429 1146780
899403 1137060 899631 1137660
896211 1129380 896439 1129980
895185 1138980 895413 1139580
892905 1145700 893133 1146300
892449 1157700 892677 1158300
891993 1155300 892221 1155900
882531 1127460 882759 1128060
881505 1147620 881733 1148220
881505 1139460 881733 1140060
881163 1131300 881391 1131900
1002801 1133700 1003029 1134300
1001661 1129380 1001889 1129980
1000863 1138500 1001091 1139100
999951 1128900 1000179 1129500
995505 1138500 995733 1139100
994935 1145220 995163 1145820
991629 1145220 991857 1145820
988893 1135140 989121 1135740
958341 1129380 958569 1129980
957201 1126500 957429 1127100
956403 1138500 956631 1139100
950817 1138980 951045 1139580
950703 1148580 950931 1149180
950361 1163460 950589 1164060
949335 1138020 949563 1138620
948309 1158660 948537 1159260
948309 1144260 948537 1144860
947283 1157700 947511 1158300
945573 1152900 945801 1153500
944433 1155780 944661 1156380
942609 1159620 942837 1160220
941355 1154820 941583 1155420
939417 1156260 939645 1156860
937821 1152420 938049 1153020
937251 1151940 937479 1152540
936339 1159620 936567 1160220
936339 1142340 936567 1142940
934971 1142340 935199 1142940
929955 1155780 930183 1156380
929841 1131300 930069 1131900
926307 1148100 926535 1148700
923001 1138980 923229 1139580
922545 1146180 922773 1146780
914907 1161540 915135 1162140
911829 1162980 912057 1163580
911259 1147140 911487 1147740
908751 1150020 908979 1150620
904419 1133700 904647 1134300
903963 1144740 904191 1145340
903735 1139940 903963 1140540
902367 1151460 902595 1152060
897351 1139460 897579 1140060
894273 1131300 894501 1131900
893703 1132260 893931 1132860
891195 1150980 891423 1151580
891195 1131780 891423 1132380
885381 1152900 885609 1153500
884241 1132260 884469 1132860
881961 1127460 882189 1128060
881847 1131780 882075 1132380
881847 1130820 882075 1131420
860529 1135620 860757 1136220
946029 1157220 946827 1157820
945801 1163460 946599 1164060
943407 1159620 944205 1160220
943293 1161060 944091 1161660
935199 1160100 935997 1160700
933375 1146660 934173 1147260
932463 1156260 933261 1156860
924369 1160100 925167 1160700
923229 1146180 924027 1146780
921975 1135620 922773 1136220
920835 1154340 921633 1154940
918213 1156740 919011 1157340
917643 1132260 918441 1132860
916845 1131780 917643 1132380
910119 1147620 910917 1148220
900087 1150020 900885 1150620
893475 1142340 894273 1142940
916503 1126980 918213 1127580
906699 1138980 908409 1139580
1003257 1125540 1004853 1126140
991173 1138500 992769 1139100
950019 1143300 951615 1143900
935085 1136580 936681 1137180
889029 1162500 890625 1163100
880593 1154340 882189 1154940
1008729 1125540 1009413 1126140
1006221 1129860 1006905 1130460
1001091 1136100 1001775 1136700
996303 1137060 996987 1137660
996303 1135140 996987 1135740
996303 1134180 996987 1134780
988893 1140420 989577 1141020
986385 1131300 987069 1131900
986157 1137540 986841 1138140
951729 1139460 952413 1140060
950133 1149540 950817 1150140
946029 1156260 946713 1156860
933489 1128420 934173 1129020
932007 1125540 932691 1126140
923343 1144260 924027 1144860
921291 1128900 921975 1129500
921063 1162980 921747 1163580
916959 1147140 917643 1147740
915933 1147620 916617 1148220
913653 1152420 914337 1153020
911145 1129860 911829 1130460
910233 1156740 910917 1157340
910233 1150500 910917 1151100
909435 1138020 910119 1138620
908295 1138020 908979 1138620
905901 1162020 906585 1162620
891081 1136580 891765 1137180
888231 1151940 888915 1152540
886179 1137060 886863 1137660
878541 1138500 879225 1139100
998241 1129380 999609 1129980
957999 1138500 959367 1139100
952755 1161060 954123 1161660
947853 1141380 949221 1141980
945345 1125540 946713 1126140
937821 1137540 939189 1138140
927675 1148580 929043 1149180
927675 1142340 929043 1142940
906243 1126500 907611 1127100
882759 1132740 884127 1133340
879225 1137060 880593 1137660
878427 1133700 879795 1134300
916503 1126020 917871 1126620
910119 1126500 911487 1127100
901683 1144740 903051 1145340
1020471 1131300 1021497 1131900
920607 1126500 921633 1127100
919011 1126500 920037 1127100
911715 1126980 912741 1127580
906699 1137060 907725 1137660
1022295 1146180 1022751 1146780
1022295 1145220 1022751 1145820
1022295 1141380 1022751 1141980
1022295 1140420 1022751 1141020
1022295 1139460 1022751 1140060
1022295 1131780 1022751 1132380
1022295 1130340 1022751 1130940
1003941 1138500 1004397 1139100
999609 1126500 1000065 1127100
998241 1128420 998697 1129020
996531 1139940 996987 1140540
996531 1132260 996987 1132860
993225 1145220 993681 1145820
990717 1138980 991173 1139580
986613 1133220 987069 1133820
986613 1128420 987069 1129020
956403 1126020 956859 1126620
946941 1160580 947397 1161180
943749 1125540 944205 1126140
941925 1148580 942381 1149180
939417 1157220 939873 1157820
938733 1143780 939189 1144380
937251 1149540 937707 1150140
936111 1146660 936567 1147260
926877 1158660 927333 1159260
923799 1153860 924255 1154460
921291 1156260 921747 1156860
921291 1135140 921747 1135740
921291 1133220 921747 1133820
921291 1131300 921747 1131900
921177 1129860 921633 1130460
918669 1127460 919125 1128060
916161 1135140 916617 1135740
900999 1140900 901455 1141500
898719 1160580 899175 1161180
896211 1144740 896667 1145340
896211 1143780 896667 1144380
895983 1161060 896439 1161660
893589 1139460 894045 1140060
892791 1146660 893247 1147260
891081 1140420 891537 1141020
880935 1126980 881391 1127580
876717 1138020 877173 1138620
1006335 1128420 1009185 1129020
993795 1141860 996645 1142460
991515 1126980 994365 1127580
957885 1154340 960735 1154940
953439 1133220 956289 1133820
953439 1130820 956289 1131420
953097 1129380 955947 1129980
874779 1133220 877629 1133820
862011 1138500 864861 1139100
858705 1128420 861555 1129020
858705 1126500 861555 1127100
1020129 1142820 1022067 1143420
999039 1132740 1000977 1133340
996303 1130820 998241 1131420
989577 1143780 991515 1144380
987867 1131780 989805 1132380
953895 1138020 955833 1138620
947169 1135620 949107 1136220
905331 1125540 907269 1126140
895755 1158180 897693 1158780
883329 1154340 885267 1154940
862695 1137540 864633 1138140
1015911 1146180 1017393 1146780
995505 1136100 996987 1136700
993111 1143300 994593 1143900
935199 1137540 936681 1138140
905103 1128900 906585 1129500
895755 1157220 897237 1157820
1863501 1160580 1865439 1161180
1863501 1155780 1865439 1156380
1863501 1150980 1865439 1151580
1863501 1146180 1865439 1146780
1863501 1141380 1865439 1141980
1863501 1136580 1865439 1137180
1863501 1131780 1865439 1132380
1863501 1126980 1865439 1127580
1020813 1129380 1022751 1129980
1020699 1137060 1022637 1137660
1020699 1136100 1022637 1136700
1020699 1125540 1022637 1126140
1020471 1133220 1022409 1133820
1000863 1134660 1002801 1135260
1000179 1139460 1002117 1140060
999267 1127940 1001205 1128540
933261 1151940 935199 1152540
910119 1138980 912057 1139580
900885 1125540 902823 1126140
885381 1153860 887319 1154460
885381 1127940 887319 1128540
884241 1146660 886179 1147260
996417 1140900 998355 1141500
1022181 1138020 1022751 1138620
1007475 1127460 1008045 1128060
1001547 1132740 1002117 1133340
997671 1134660 998241 1135260
991287 1137540 991857 1138140
989691 1140900 990261 1141500
948879 1157220 949449 1157820
945915 1160100 946485 1160700
945231 1154820 945801 1155420
944091 1162980 944661 1163580
941127 1152420 941697 1153020
941013 1131300 941583 1131900
940443 1154820 941013 1155420
940215 1125540 940785 1126140
938619 1156740 939189 1157340
938505 1157700 939075 1158300
934971 1128420 935541 1129020
934515 1138500 935085 1139100
933489 1153860 934059 1154460
933489 1130820 934059 1131420
932007 1140900 932577 1141500
931323 1143780 931893 1144380
930411 1159140 930981 1159740
930183 1143780 930753 1144380
928473 1133220 929043 1133820
927675 1135620 928245 1136220
925167 1145700 925737 1146300
924369 1137540 924939 1138140
921177 1151940 921747 1152540
913767 1131300 914337 1131900
911259 1133220 911829 1133820
909435 1135140 910005 1135740
908409 1128420 908979 1129020
900087 1154340 900657 1154940
898377 1155780 898947 1156380
896211 1140420 896781 1141020
896097 1148100 896667 1148700
895869 1163460 896439 1164060
893475 1135140 894045 1135740
892563 1144740 893133 1145340
891195 1126020 891765 1126620
889371 1151940 889941 1152540
887547 1152420 888117 1153020
887547 1149540 888117 1150140
885837 1138020 886407 1138620
885837 1135140 886407 1135740
884811 1137060 885381 1137660
880935 1137060 881505 1137660
878655 1137540 879225 1138140
877287 1125540 877857 1126140
866115 1131300 866685 1131900
1006107 1136580 1017165 1137180
1004967 1134660 1016025 1135260
1004397 1163460 1015455 1164060
1004397 1149060 1015455 1149660
1004397 1144260 1015455 1144860
1003143 1141380 1014201 1141980
976467 1139940 987525 1140540
975213 1136580 986271 1137180
975213 1135620 986271 1136220
975213 1131780 986271 1132380
973503 1126500 984561 1127100
945117 1150980 956175 1151580
876945 1162980 888003 1163580
864861 1138980 875919 1139580
863493 1132260 874551 1132860
862581 1126500 873639 1127100
847761 1136100 858819 1136700
847761 1131300 858819 1131900
1018647 1126980 1022409 1127580
982509 1153860 1011807 1154460
960621 1160580 989919 1161180
960621 1159620 989919 1160220
960621 1150980 989919 1151580
957771 1156260 987069 1156860
957315 1146660 986613 1147260
847761 1161060 877059 1161660
847761 1160100 877059 1160700
847761 1155300 877059 1155900
847761 1146660 877059 1147260
847761 1145700 877059 1146300
847761 1141860 877059 1142460
843201 1150980 872499 1151580
843201 1150020 872499 1150620
1840929 1163460 1855635 1164060
982509 1129860 997215 1130460
980571 1148580 995277 1149180
979317 1155300 994023 1155900
965751 1149540 980457 1150140
865089 1149060 879795 1149660
863037 1134180 877743 1134780
862581 1128420 877287 1129020
847761 1162980 862467 1163580
847761 1158180 862467 1158780
847761 1154340 862467 1154940
847761 1144740 862467 1145340
847761 1143780 862467 1144380
847761 1139940 862467 1140540
847761 1125540 862467 1126140
994023 1146180 1008729 1146780
989805 1150020 1004511 1150620
960621 1158660 975327 1159260
960621 1141860 975327 1142460
960621 1140420 975327 1141020
940899 1146180 955605 1146780
847761 1137060 862467 1137660
847761 1127460 862467 1128060
989805 1162500 997215 1163100
989805 1157700 997215 1158300
989805 1126020 997215 1126620
980685 1138980 988095 1139580
972363 1145700 979773 1146300
960621 1139460 968031 1140060
957429 1155300 964839 1155900
953097 1143780 960507 1144380
951387 1158180 958797 1158780
951273 1131780 958683 1132380
942495 1131300 949905 1131900
941241 1132260 948651 1132860
876945 1162020 884355 1162620
876945 1159140 884355 1159740
876945 1158180 884355 1158780
876945 1153380 884355 1153980
876945 1152420 884355 1153020
876945 1151460 884355 1152060
868509 1127460 875919 1128060
867369 1137060 874779 1137660
857793 1129860 865203 1130460
843201 1152900 850611 1153500
843201 1149060 850611 1149660
843201 1148100 850611 1148700
994023 1130820 995049 1131420
958227 1126020 959253 1126620
948309 1148580 949335 1149180
943407 1129380 944433 1129980
936339 1128900 937365 1129500
933717 1148580 934743 1149180
903393 1125540 904419 1126140
901227 1157700 902253 1158300
889029 1163460 890055 1164060
887889 1142820 888915 1143420
881163 1133700 882189 1134300
879795 1131300 880821 1131900
876033 1136580 877059 1137180
865659 1133220 866685 1133820
996645 1159140 998355 1159740
959025 1126980 960735 1127580
1004283 1133700 1004625 1134300
994023 1140420 994365 1141020
989919 1132260 990261 1132860
986727 1135140 987069 1135740
946371 1154820 946713 1155420
943863 1126980 944205 1127580
939531 1150020 939873 1150620
938847 1150020 939189 1150620
937707 1146660 938049 1147260
936339 1151940 936681 1152540
935313 1146660 935655 1147260
933831 1125540 934173 1126140
932919 1130820 933261 1131420
926307 1145700 926649 1146300
923685 1138020 924027 1138620
923001 1152420 923343 1153020
904647 1161540 904989 1162140
903735 1132740 904077 1133340
903735 1129380 904077 1129980
901227 1147140 901569 1147740
898719 1149060 899061 1149660
898605 1152420 898947 1153020
897579 1142340 897921 1142940
895071 1132740 895413 1133340
895071 1129380 895413 1129980
894387 1151940 894729 1152540
892563 1126020 892905 1126620
889485 1137060 889827 1137660
887547 1136100 887889 1136700
886065 1143780 886407 1144380
864747 1137060 865089 1137660
1021041 1134180 1022067 1134780
1020927 1128420 1021953 1129020
942723 1153380 943749 1153980
933147 1134180 934173 1134780
930183 1142820 931209 1143420
925167 1144260 926193 1144860
923799 1150020 924825 1150620
923001 1159620 924027 1160220
921975 1127940 923001 1128540
921177 1147140 922203 1147740
915819 1137540 916845 1138140
910119 1133700 911145 1134300
905331 1145220 906357 1145820
902937 1134180 903963 1134780
884697 1147620 885723 1148220
1006107 1137540 1017165 1138140
1005879 1133700 1016937 1134300
1004739 1138500 1015797 1139100
1004397 1152900 1015455 1153500
1004397 1147140 1015455 1147740
979887 1144740 990945 1145340
975213 1133700 986271 1134300
975213 1128900 986271 1129500
938163 1133220 949221 1133820
847761 1134180 858819 1134780
847761 1133220 858819 1133820
960621 1161540 989919 1162140
960621 1152900 989919 1153500
960621 1151940 989919 1152540
958113 1147620 987411 1148220
957201 1157220 986499 1157820
847761 1142820 877059 1143420
843201 1156740 872499 1157340
843201 1151940 872499 1152540
1013631 1128900 1018761 1129500
1017279 1143300 1018761 1143900
1017279 1139460 1018761 1140060
1017279 1126020 1018761 1126620
996873 1141860 998355 1142460
996873 1138020 998355 1138620
959253 1162500 960735 1163100
959253 1150020 960735 1150620
959253 1149060 960735 1149660
959253 1136580 960735 1137180
921633 1132260 923115 1132860
884013 1130820 885495 1131420
1855521 1158660 1859283 1159260
1855521 1153860 1859283 1154460
1855521 1149060 1859283 1149660
1855521 1144260 1859283 1144860
1855521 1139460 1859283 1140060
1855521 1134660 1859283 1135260
1855521 1129860 1859283 1130460
992085 1159140 995847 1159740
954807 1142340 958569 1142940
998241 1162020 1012947 1162620
989805 1156740 1004511 1157340
960621 1137540 975327 1138140
958797 1129380 973503 1129980
958341 1128420 973047 1129020
957999 1144740 972705 1145340
1008273 1126500 1015683 1127100
1008045 1148100 1015455 1148700
1007475 1129860 1014885 1130460
982509 1158660 989919 1159260
975213 1132740 982623 1133340
960621 1163460 968031 1164060
949449 1156740 956859 1157340
865089 1153860 872499 1154460
850497 1138500 857907 1139100
847761 1135140 855171 1135740
847761 1130340 855171 1130940
