940215 1161060 941583 1161660
936339 1155780 937935 1156380
937707 1162020 938505 1162620
905103 1140900 905901 1141500
939417 1152420 940557 1153020
936453 1131780 937593 1132380
928359 1162980 929499 1163580
931665 1143300 932805 1143900
931437 1156260 932577 1156860
922773 1158660 923913 1159260
941469 1128420 942837 1129500
938961 1130340 940329 1131420
936567 1137060 937935 1138140
932577 1132260 933945 1133340
927219 1149540 928587 1150620
926535 1142820 927903 1143900
917415 1150500 918783 1151580
917415 1139940 918783 1141020
916389 1145700 917757 1146780
914907 1135140 916275 1136220
914793 1138980 916161 1140060
911715 1141860 913083 1142940
911715 1129380 913083 1130460
911601 1136100 912969 1137180
906927 1130340 908295 1131420
906471 1154340 907839 1155420
906471 1151460 907839 1152540
906357 1157220 907725 1158300
903849 1157220 905217 1158300
899175 1128420 900543 1129500
897465 1128420 898833 1129500
897123 1151460 898491 1152540
896439 1154340 897807 1155420
896325 1156260 897693 1157340
893817 1129380 895185 1130460
891309 1128420 892677 1129500
889257 1154340 890625 1155420
888915 1146660 890283 1147740
888915 1143780 890283 1144860
886293 1141860 887661 1142940
939075 1142820 940443 1143900
932463 1140900 933831 1141980
928929 1143780 930297 1144860
928929 1129380 930297 1130460
926421 1154340 927789 1155420
923913 1159140 925281 1160220
923913 1150500 925281 1151580
923913 1145700 925281 1146780
923913 1131300 925281 1132380
919923 1141860 921291 1142940
917529 1147620 918897 1148700
917187 1136100 918555 1137180
914907 1129380 916275 1130460
913995 1149540 915363 1150620
913881 1142820 915249 1143900
912513 1155300 913881 1156380
912171 1144740 913539 1145820
911601 1149540 912969 1150620
911601 1127460 912969 1128540
911373 1146660 912741 1147740
909891 1161060 911259 1162140
906357 1139940 907725 1141020
904761 1150500 906129 1151580
901455 1146660 902823 1147740
901341 1150500 902709 1151580
901341 1148580 902709 1149660
898833 1140900 900201 1141980
897465 1137060 898833 1138140
897123 1131300 898491 1132380
896325 1133220 897693 1134300
894501 1137060 895869 1138140
894045 1149540 895413 1150620
893931 1142820 895299 1143900
893931 1138980 895299 1140060
891309 1152420 892677 1153500
891309 1150500 892677 1151580
889371 1157220 890739 1158300
888801 1140900 890169 1141980
886293 1138020 887661 1139100
886293 1136100 887661 1137180
896553 1144740 897237 1145340
927789 1145700 928473 1146300
917985 1137540 918669 1138140
909549 1153380 910233 1153980
916731 1134660 917415 1135260
913197 1146660 913881 1147260
906813 1146180 907497 1146780
937479 1144260 937821 1144860
924939 1142340 925281 1142940
920151 1128900 920493 1129500
916161 1132740 916503 1133340
915135 1140900 915477 1141500
908751 1152900 909093 1153500
891195 1146180 891537 1146780
934971 1146180 935997 1146780
913767 1154340 914793 1154940
910119 1129380 911145 1129980
895299 1138980 896325 1139580
890283 1144260 891309 1144860
951273 1160580 951615 1161180
939075 1129380 939417 1129980
911259 1158180 911601 1158780
911145 1149060 911487 1149660
910119 1134660 910461 1135260
910119 1127940 910461 1128540
908751 1158660 909093 1159260
903735 1149540 904077 1150140
903507 1161540 903849 1162140
902595 1129380 902937 1129980
896211 1134660 896553 1135260
892221 1127460 892563 1128060
891879 1155780 892221 1156380
887547 1147140 887889 1147740
887319 1145700 887661 1146300
882417 1155300 882759 1155900
933033 1159140 933489 1159740
932463 1129380 932919 1129980
928701 1146660 929157 1147260
923799 1130340 924255 1130940
919923 1162020 920379 1162620
913539 1140420 913995 1141020
908637 1150500 909093 1151100
899631 1152900 900087 1153500
893475 1160580 893931 1161180
940443 1162500 941013 1163100
897579 1143300 898149 1143900
934287 1158660 935313 1159260
927903 1126980 928929 1127580
892791 1147140 894045 1147740
935655 1143780 936453 1144380
934059 1146180 934857 1146780
930183 1148580 930981 1149180
925623 1152420 926421 1153020
918783 1134180 919581 1134780
913995 1147620 914793 1148220
913083 1148580 913881 1149180
910119 1149540 910917 1150140
910119 1148100 910917 1148700
892563 1138020 893361 1138620
886179 1146180 886977 1146780
893817 1148100 894501 1148700
887319 1131300 888003 1131900
944433 1160100 946029 1161180
939417 1158180 940215 1158780
936111 1138980 936909 1139580
933375 1127940 934173 1128540
930183 1151460 930981 1152060
927219 1152420 928017 1153020
926079 1131300 926877 1131900
925737 1149060 926535 1149660
908637 1143780 909435 1144380
889257 1131300 890055 1131900
949791 1159620 951615 1160220
930525 1128900 932349 1129500
925167 1138020 926877 1138620
945915 1126980 946371 1127580
931551 1152420 932007 1153020
989691 1137060 990261 1137660
945231 1159140 945801 1159740
942039 1150500 942609 1151100
878199 1131300 878769 1131900
927447 1130820 928131 1131420
920037 1158660 920721 1159260
915705 1160100 916389 1160700
905217 1155300 905901 1155900
903165 1159620 903849 1160220
899973 1134180 900657 1134780
893133 1161540 893817 1162140
892335 1145700 893019 1146300
888801 1158660 889485 1159260
887889 1156740 888573 1157340
887547 1158180 888231 1158780
886977 1126980 887661 1127580
943749 1149060 944661 1149660
943179 1150980 944091 1151580
933147 1150500 934059 1151100
928701 1135620 929613 1136220
927447 1132740 928359 1133340
925965 1145220 926877 1145820
918783 1154340 919695 1154940
903849 1162500 904761 1163100
898719 1130340 899631 1130940
886179 1151460 887091 1152060
940101 1159620 940329 1160220
937479 1127940 937707 1128540
932463 1158180 932691 1158780
928815 1161060 929043 1161660
923229 1155780 923457 1156380
920721 1156740 920949 1157340
917529 1160100 917757 1160700
915249 1143780 915477 1144380
911145 1153860 911373 1154460
909321 1141860 909549 1142460
908751 1147620 908979 1148220
907497 1162500 907725 1163100
902367 1132260 902595 1132860
900657 1156260 900885 1156860
897921 1139940 898149 1140540
893703 1156740 893931 1157340
888687 1130820 888915 1131420
992427 1136100 992655 1136700
950817 1160580 951045 1161180
945573 1150020 945801 1150620
943293 1162500 943521 1163100
932463 1150500 932691 1151100
931893 1151460 932121 1152060
930867 1150020 931095 1150620
927561 1126500 927789 1127100
925053 1127460 925281 1128060
919809 1160100 920037 1160700
914907 1126980 915135 1127580
911259 1138020 911487 1138620
910233 1152420 910461 1153020
906813 1141380 907041 1141980
900429 1142340 900657 1142940
900201 1149060 900429 1149660
896895 1138500 897123 1139100
895185 1134180 895413 1134780
892335 1136580 892563 1137180
891993 1134660 892221 1135260
891195 1131300 891423 1131900
885381 1145220 885609 1145820
882873 1135140 883101 1135740
943863 1157220 944661 1157820
943863 1156260 944661 1156860
943635 1153380 944433 1153980
942039 1156260 942837 1156860
937707 1159140 938505 1159740
935199 1160580 935997 1161180
929385 1155300 930183 1155900
928815 1156260 929613 1156860
924369 1147140 925167 1147740
923799 1133700 924597 1134300
923685 1157220 924483 1157820
918783 1143300 919581 1143900
918783 1129860 919581 1130460
918555 1160100 919353 1160700
916959 1158660 917757 1159260
916845 1149540 917643 1150140
916275 1156740 917073 1157340
916047 1157700 916845 1158300
916047 1141860 916845 1142460
914337 1145220 915135 1145820
914337 1133220 915135 1133820
914109 1157700 914907 1158300
913767 1134180 914565 1134780
913653 1159620 914451 1160220
913197 1158180 913995 1158780
912627 1138020 913425 1138620
910119 1137540 910917 1138140
903507 1143300 904305 1143900
901797 1135620 902595 1136220
900999 1151940 901797 1152540
900999 1131300 901797 1131900
898719 1134660 899517 1135260
896211 1153380 897009 1153980
895983 1149540 896781 1150140
893361 1140900 894159 1141500
889257 1138980 890055 1139580
887433 1134180 888231 1134780
1003599 1126500 1005195 1127100
1000635 1137060 1002231 1137660
994593 1139940 996189 1140540
925737 1133220 927333 1133820
910119 1142820 911715 1143420
890397 1161540 891993 1162140
879795 1132740 881391 1133340
879681 1134660 881277 1135260
946029 1158180 946713 1158780
942837 1126020 943521 1126620
942723 1160100 943407 1160700
942495 1129860 943179 1130460
938391 1147620 939075 1148220
936339 1133220 937023 1133820
935313 1153860 935997 1154460
935313 1148100 935997 1148700
933717 1138020 934401 1138620
930867 1136100 931551 1136700
928359 1159620 929043 1160220
924369 1155300 925053 1155900
923343 1151940 924027 1152540
920151 1133220 920835 1133820
918783 1144740 919467 1145340
916959 1161060 917643 1161660
916959 1142820 917643 1143420
916047 1143780 916731 1144380
913653 1161540 914337 1162140
912057 1153380 912741 1153980
911943 1134180 912627 1134780
910803 1152420 911487 1153020
909435 1140900 910119 1141500
908637 1132260 909321 1132860
907611 1153380 908295 1153980
907611 1135140 908295 1135740
905103 1149060 905787 1149660
903393 1153860 904077 1154460
899403 1143780 900087 1144380
896097 1147140 896781 1147740
895755 1131780 896439 1132380
893589 1152900 894273 1153500
889371 1150980 890055 1151580
888459 1145220 889143 1145820
887547 1154340 888231 1154940
998241 1133220 999609 1133820
955377 1134180 956745 1134780
952869 1139940 954237 1140540
942723 1161540 944091 1162140
941241 1151460 942609 1152060
932691 1162020 934059 1162620
930183 1162020 931551 1162620
930183 1137540 931551 1138140
927675 1147620 929043 1148220
925167 1147620 926535 1148220
906129 1161540 907497 1162140
900999 1161540 902367 1162140
897579 1161540 898947 1162140
878427 1136100 879795 1136700
916503 1127940 917871 1128540
1002573 1126500 1003029 1127100
992997 1141380 993453 1141980
953667 1162020 954123 1162620
948651 1162020 949107 1162620
943065 1157220 943521 1157820
936111 1159140 936567 1159740
928815 1138500 929271 1139100
926307 1155780 926763 1156380
924369 1144740 924825 1145340
923799 1161540 924255 1162140
923799 1153380 924255 1153980
921291 1136100 921747 1136700
916275 1162020 916731 1162620
911145 1160100 911601 1160700
907155 1147620 907611 1148220
905331 1146660 905787 1147260
900315 1135140 900771 1135740
898719 1160100 899175 1160700
897123 1138980 897579 1139580
895185 1144260 895641 1144860
893589 1135620 894045 1136220
892563 1149060 893019 1149660
891195 1159140 891651 1159740
888573 1149540 889029 1150140
888459 1159620 888915 1160220
886749 1140900 887205 1141500
1000977 1133220 1003827 1133820
996303 1137540 999153 1138140
994023 1127460 996873 1128060
993567 1142820 996417 1143420
989805 1130820 992655 1131420
986157 1136580 989007 1137180
953667 1126020 956517 1126620
953439 1135620 956289 1136220
1003257 1127940 1005195 1128540
994023 1136580 995961 1137180
991173 1142340 993111 1142940
957201 1126980 959139 1127580
950019 1142820 951957 1143420
947625 1150020 949563 1150620
940101 1149060 942039 1149660
880023 1131780 881961 1132380
879681 1148100 881619 1148700
999495 1140420 1000977 1141020
955263 1162020 956745 1162620
955263 1161060 956745 1161660
932691 1147140 934173 1147740
880023 1137540 881505 1138140
1000863 1134180 1002801 1134780
1000293 1126500 1002231 1127100
999951 1130340 1001889 1130940
999837 1129380 1001775 1129980
999723 1125540 1001661 1126140
998241 1127460 1000179 1128060
953439 1136580 955377 1137180
947055 1155780 948993 1156380
939417 1127460 941355 1128060
937821 1150500 939759 1151100
934401 1126500 936339 1127100
933489 1128900 935427 1129500
932691 1139940 934629 1140540
930525 1127460 932463 1128060
925623 1128420 927561 1129020
919923 1126980 921861 1127580
917187 1152420 919125 1153020
910119 1139460 912057 1140060
908751 1126980 910689 1127580
908067 1155780 910005 1156380
907953 1126020 909891 1126620
907839 1127940 909777 1128540
905445 1160100 907383 1160700
892563 1154820 894501 1155420
890169 1126500 892107 1127100
888117 1155780 890055 1156380
887547 1132740 889485 1133340
887547 1129380 889485 1129980
887547 1126020 889485 1126620
885381 1158660 887319 1159260
884241 1152420 886179 1153020
883329 1136100 885267 1136700
883329 1135140 885267 1135740
921177 1161060 923115 1161660
921177 1160100 923115 1160700
921177 1157220 923115 1157820
921177 1155300 923115 1155900
921177 1144740 923115 1145340
921177 1143780 923115 1144380
921177 1140900 923115 1141500
921177 1130340 923115 1130940
921177 1129380 923115 1129980
883557 1126020 885495 1126620
1002459 1125540 1003029 1126140
1001775 1127460 1002345 1128060
1001205 1135140 1001775 1135740
955491 1162980 956061 1163580
952983 1160100 953553 1160700
947283 1158180 947853 1158780
945231 1162020 945801 1162620
945003 1126500 945573 1127100
941355 1159140 941925 1159740
940899 1156740 941469 1157340
938619 1144260 939189 1144860
938505 1145700 939075 1146300
936909 1153860 937479 1154460
934971 1155300 935541 1155900
933603 1149540 934173 1150140
931323 1141380 931893 1141980
929955 1159620 930525 1160220
929499 1134660 930069 1135260
928815 1132740 929385 1133340
927447 1157220 928017 1157820
925167 1143780 925737 1144380
923457 1136580 924027 1137180
920265 1145700 920835 1146300
919581 1135140 920151 1135740
918555 1135140 919125 1135740
918555 1130820 919125 1131420
918327 1127940 918897 1128540
917415 1153860 917985 1154460
914679 1137060 915249 1137660
914565 1162500 915135 1163100
913767 1137060 914337 1137660
911943 1161060 912513 1161660
911943 1151460 912513 1152060
910233 1150980 910803 1151580
908637 1136580 909207 1137180
908523 1149060 909093 1149660
908409 1134660 908979 1135260
906243 1148580 906813 1149180
906243 1136580 906813 1137180
906243 1135620 906813 1136220
906129 1144260 906699 1144860
904533 1135140 905103 1135740
901911 1152420 902481 1153020
901227 1134660 901797 1135260
900999 1132740 901569 1133340
900885 1155300 901455 1155900
900201 1145700 900771 1146300
898605 1152900 899175 1153500
898491 1146660 899061 1147260
898491 1145700 899061 1146300
897123 1146660 897693 1147260
895869 1151460 896439 1152060
894501 1162500 895071 1163100
894501 1153380 895071 1153980
893475 1144260 894045 1144860
891195 1135140 891765 1135740
890853 1141860 891423 1142460
889371 1136100 889941 1136700
888345 1136100 888915 1136700
888345 1135140 888915 1135740
888231 1150980 888801 1151580
888231 1140420 888801 1141020
883671 1139940 884241 1140540
883671 1127460 884241 1128060
879681 1129860 880251 1130460
878427 1132740 878997 1133340
1011351 1130340 1022409 1130940
947055 1152900 958113 1153500
938505 1139940 949563 1140540
872385 1140420 883443 1141020
993225 1131300 998355 1131900
996531 1139460 1000293 1140060
993111 1134660 996873 1135260
988893 1128420 992655 1129020
988665 1138020 992427 1138620
950931 1138500 954693 1139100
940329 1144260 944091 1144860
940215 1147620 943977 1148220
926193 1141380 929955 1141980
902367 1126020 906129 1126620
897465 1126020 901227 1126620
878655 1127940 882417 1128540
878199 1125540 881961 1126140
961647 1127460 990945 1128060
960621 1141380 989919 1141980
843201 1136580 872499 1137180
843201 1126980 872499 1127580
1003941 1138020 1018647 1138620
847761 1149540 862467 1150140
1006221 1135140 1020927 1135740
1006107 1136100 1020813 1136700
1005651 1132260 1020357 1132860
1002687 1140420 1017393 1141020
993453 1148100 1008159 1148700
989805 1163460 1004511 1164060
989805 1160580 1004511 1161180
989805 1154820 1004511 1155420
989805 1150980 1004511 1151580
989805 1144260 1004511 1144860
982509 1132740 997215 1133340
975213 1134660 989919 1135260
960621 1131780 975327 1132380
940329 1137540 955035 1138140
932577 1134660 947283 1135260
843201 1126020 857907 1126620
1015227 1141860 1022637 1142460
986955 1156260 994365 1156860
986499 1146660 993909 1147260
951159 1129860 958569 1130460
951045 1132740 958455 1133340
950703 1149060 958113 1149660
950589 1158660 957999 1159260
942723 1145700 950133 1146300
942495 1142340 949905 1142940
940557 1140900 947967 1141500
892791 1159140 900201 1159740
876945 1143780 884355 1144380
876945 1141860 884355 1142460
872385 1154820 879795 1155420
857793 1131780 865203 1132380
1001547 1138500 1002573 1139100
991173 1136580 992199 1137180
948309 1149060 949335 1149660
936339 1128420 937365 1129020
931323 1138500 932349 1139100
927789 1137540 928815 1138140
917985 1153380 919011 1153980
905559 1127460 906585 1128060
903621 1152420 904647 1153020
901227 1156740 902253 1157340
899745 1157700 900771 1158300
890169 1128420 891195 1129020
888231 1161060 889257 1161660
885381 1161540 886407 1162140
885381 1160580 886407 1161180
885381 1159620 886407 1160220
885381 1144260 886407 1144860
878655 1128900 879681 1129500
878541 1138020 879567 1138620
1017051 1126980 1018761 1127580
952299 1143300 952641 1143900
949107 1148100 949449 1148700
948879 1159140 949221 1159740
948651 1158180 948993 1158780
946257 1161540 946599 1162140
942951 1152900 943293 1153500
933831 1144260 934173 1144860
928815 1126020 929157 1126620
928701 1139940 929043 1140540
928017 1131780 928359 1132380
923685 1156260 924027 1156860
921177 1137540 921519 1138140
917985 1141860 918327 1142460
916275 1126500 916617 1127100
911145 1151460 911487 1152060
909663 1132260 910005 1132860
908637 1137540 908979 1138140
905217 1153860 905559 1154460
902709 1157700 903051 1158300
901455 1154340 901797 1154940
898719 1148580 899061 1149180
897579 1127460 897921 1128060
893589 1151940 893931 1152540
892563 1135140 892905 1135740
891195 1139940 891537 1140540
890283 1134660 890625 1135260
888573 1152420 888915 1153020
882075 1129380 882417 1129980
881163 1130820 881505 1131420
881049 1126500 881391 1127100
1005195 1127460 1006221 1128060
1000749 1132260 1001775 1132860
946029 1156740 947055 1157340
940557 1129860 941583 1130460
937707 1129860 938733 1130460
936111 1127460 937137 1128060
935199 1152420 936225 1153020
931323 1146180 932349 1146780
930867 1126500 931893 1127100
930297 1154340 931323 1154940
930183 1142340 931209 1142940
929385 1145700 930411 1146300
926307 1153380 927333 1153980
923799 1132740 924825 1133340
923799 1127940 924825 1128540
923229 1140420 924255 1141020
923001 1162500 924027 1163100
923001 1147620 924027 1148220
923001 1126500 924027 1127100
920493 1149540 921519 1150140
915591 1153380 916617 1153980
909435 1144260 910461 1144860
908751 1145220 909777 1145820
907269 1158660 908295 1159260
905787 1132740 906813 1133340
904305 1159140 905331 1159740
901227 1145220 902253 1145820
900315 1160580 901341 1161180
898719 1139940 899745 1140540
898719 1136100 899745 1136700
897921 1150020 898947 1150620
896895 1134660 897921 1135260
895413 1126020 896439 1126620
892563 1142340 893589 1142940
891195 1148100 892221 1148700
886065 1148580 887091 1149180
885381 1129860 886407 1130460
882873 1137060 883899 1137660
1004397 1161540 1015455 1162140
1004397 1151940 1015455 1152540
980343 1149540 991401 1150140
979659 1145700 990717 1146300
975213 1142340 986271 1142940
948081 1147140 959139 1147740
946257 1127940 957315 1128540
945687 1151940 956745 1152540
938049 1138980 949107 1139580
872385 1147140 883443 1147740
865887 1137540 876945 1138140
865659 1138500 876717 1139100
865089 1130820 876147 1131420
847761 1162020 877059 1162620
847761 1157220 877059 1157820
1017279 1146180 1018761 1146780
1017279 1145220 1018761 1145820
996873 1136100 998355 1136700
996873 1130340 998355 1130940
996873 1125540 998355 1126140
959253 1159620 960735 1160220
959253 1157700 960735 1158300
959253 1154820 960735 1155420
921633 1156260 923115 1156860
921633 1153380 923115 1153980
921633 1139940 923115 1140540
921633 1138980 923115 1139580
921633 1138020 923115 1138620
921633 1135140 923115 1135740
921633 1134180 923115 1134780
921633 1133220 923115 1133820
921633 1128420 923115 1129020
884013 1137540 885495 1138140
884013 1131780 885495 1132380
884013 1128900 885495 1129500
1018191 1138980 1021953 1139580
1010781 1127940 1014543 1128540
987411 1125540 991173 1126140
955491 1146180 959253 1146780
947511 1126500 951273 1127100
945801 1129860 949563 1130460
885381 1162500 889143 1163100
879681 1149060 883443 1149660
997101 1162500 1011807 1163100
989805 1152900 1004511 1153500
958683 1148580 973389 1149180
958341 1134180 973047 1134780
958227 1125540 972933 1126140
862353 1159140 877059 1159740
850497 1133700 865203 1134300
850497 1128900 865203 1129500
847761 1138980 862467 1139580
843201 1127940 857907 1128540
1012833 1142820 1020243 1143420
987297 1162020 994707 1162620
975213 1153860 982623 1154460
967917 1139460 975327 1140060
954579 1139940 961989 1140540
952983 1142820 960393 1143420
950589 1154340 957999 1154940
949905 1157220 957315 1157820
867255 1132740 874665 1133340
857793 1132740 865203 1133340
