2200941 687780 2231379 688860
2200941 682980 2231379 684060
2200941 678180 2231379 679260
2200941 673380 2231379 674460
2200941 668580 2231379 669660
2200941 692100 2230239 692700
2200941 691140 2230239 691740
2200941 686340 2230239 686940
2200941 681540 2230239 682140
2200941 676740 2230239 677340
2200941 671940 2230239 672540
2200941 667140 2230239 667740
2200713 689700 2202195 690300
2200713 684900 2202195 685500
2200713 680100 2202195 680700
2200713 675300 2202195 675900
2200713 670500 2202195 671100
2231265 692580 2238675 693180
2231265 691620 2238675 692220
2231265 686820 2238675 687420
2231265 682020 2238675 682620
2231265 677220 2238675 677820
2231265 672420 2238675 673020
2231265 667620 2238675 668220
2231265 690660 2238675 691260
2231265 689700 2238675 690300
2231265 685860 2238675 686460
2231265 684900 2238675 685500
2231265 681060 2238675 681660
2231265 680100 2238675 680700
2231265 676260 2238675 676860
2231265 675300 2238675 675900
2231265 671460 2238675 672060
2231265 670500 2238675 671100
