2200941 692580 2231379 693660
2200941 688740 2231379 689820
2200941 683940 2231379 685020
2200941 679140 2231379 680220
2200941 674340 2231379 675420
2200941 669540 2231379 670620
2202081 691620 2231379 692220
2202081 686820 2231379 687420
2202081 682020 2231379 682620
2202081 677220 2231379 677820
2202081 672420 2231379 673020
2202081 667620 2231379 668220
2216673 690660 2231379 691260
2216673 685860 2231379 686460
2216673 681060 2231379 681660
2216673 676260 2231379 676860
2216673 671460 2231379 672060
2200713 690660 2202195 691260
2200713 685860 2202195 686460
2200713 681060 2202195 681660
2200713 676260 2202195 676860
2200713 671460 2202195 672060
2231265 687780 2238675 688380
2231265 682980 2238675 683580
2231265 678180 2238675 678780
2231265 673380 2238675 673980
2231265 668580 2238675 669180
