2200941 687300 2230239 687900
2200941 682500 2230239 683100
2200941 677700 2230239 678300
2200941 672900 2230239 673500
2200941 668100 2230239 668700
2202081 690660 2216787 691260
2202081 685860 2216787 686460
2202081 681060 2216787 681660
2202081 676260 2216787 676860
2202081 671460 2216787 672060
2231265 688740 2238675 689340
2231265 683940 2238675 684540
2231265 679140 2238675 679740
2231265 674340 2238675 674940
2231265 669540 2238675 670140
2230125 690180 2237535 690780
2230125 685380 2237535 685980
2230125 680580 2237535 681180
2230125 675780 2237535 676380
2230125 670980 2237535 671580
