15227493 4350180 15327699 4381020
15227493 4288740 15327699 4319580
15227493 4227300 15327699 4258140
15227493 4165860 15327699 4196700
15183945 4392420 15192723 4393980
15183945 4387620 15192723 4389180
15183945 4382820 15192723 4384380
15183945 4378020 15192723 4379580
15183945 4368420 15192723 4369980
15183945 4363620 15192723 4365180
15183945 4358820 15192723 4360380
15181095 4353540 15195801 4355100
15181095 4348740 15195801 4350300
15181095 4343940 15195801 4345500
15181095 4339140 15195801 4340700
15181095 4334340 15195801 4335900
15181095 4329540 15195801 4331100
15181095 4319940 15195801 4321500
15181095 4315140 15195801 4316700
15334881 4339620 15468375 4370460
15334881 4266660 15468375 4297500
15334881 4224420 15468375 4255260
15334881 4143780 15468375 4174620
15334881 4312740 15468375 4320540
15334881 4379940 15468375 4383900
15334881 4390500 15468375 4392540
15334881 4336740 15468375 4338780
15334881 4330020 15468375 4332060
15334881 4189860 15468375 4191900
15334881 4395300 15468375 4396380
15334881 4378020 15468375 4379100
15334881 4324260 15468375 4325340
15334881 4264740 15468375 4265820
15183945 4231140 15192723 4233660
15336021 4392900 15468375 4393500
15336021 4386180 15468375 4386780
15336021 4332420 15468375 4333020
15336021 4325700 15468375 4326300
15334881 4142820 15468375 4143420
15162741 4207620 15164337 4210620
15155559 4322820 15156813 4323420
15162171 4294020 15164337 4297020
15159663 4205700 15161829 4208700
15150087 4252740 15152253 4255740
15167415 4165380 15170037 4165980
15159435 4234020 15162057 4234620
15149631 4272420 15152253 4273020
15168327 4168260 15169581 4168860
15174483 4186980 15175965 4187580
15164223 4193700 15166389 4194300
15168327 4282500 15169125 4283100
15163539 4259460 15164337 4260060
15160575 4172100 15161373 4172700
15159435 4232580 15160233 4233180
15156471 4313700 15157269 4314300
15156015 4300260 15156813 4300860
15151683 4285380 15152481 4285980
15150315 4211940 15151113 4212540
15172431 4207140 15174141 4207740
15168783 4201860 15169581 4202940
15166503 4257540 15167301 4258620
15159207 4176900 15160005 4177980
15156699 4175940 15157497 4177020
15166503 4194180 15169125 4194780
15163995 4297380 15166617 4297980
15161715 4231620 15164337 4232220
15155559 4228260 15158181 4228860
15154647 4194660 15157269 4195260
15149859 4187940 15152481 4188540
15175167 4288740 15177105 4289340
15174939 4190820 15176877 4191420
15164679 4236900 15166617 4237500
15163311 4147140 15165249 4147740
15157839 4265220 15159777 4265820
15151455 4206660 15153393 4207260
15159435 4196100 15160917 4196700
15152367 4183140 15153849 4183740
15164223 4256100 15165591 4256700
15157155 4306500 15158523 4307100
15174825 4283940 15176193 4284540
15156813 4208100 15158181 4208700
15155217 4308900 15156585 4309500
15168897 4298820 15169809 4299420
15156813 4309380 15157725 4309980
15155331 4305540 15156243 4306140
15168327 4203780 15169581 4204380
15162855 4235940 15164109 4236540
15161259 4289220 15162513 4289820
15178131 4228260 15182349 4228860
15170379 4146180 15174597 4146780
15162855 4301220 15167073 4301820
15161031 4136580 15165249 4137180
15159891 4327620 15164109 4328220
15156471 4324260 15160689 4324860
15153735 4315140 15157953 4315740
15149403 4262340 15153621 4262940
15149403 4143780 15153621 4144380
15159663 4304580 15164337 4305660
15157383 4250820 15162057 4251900
15157383 4221060 15162057 4222140
15154875 4302660 15159549 4303740
15154875 4219140 15159549 4220220
15150087 4309380 15154761 4310460
15150087 4294980 15154761 4296060
15150087 4288260 15154761 4289340
15150087 4168260 15154761 4169340
15175167 4200900 15177561 4201500
15170835 4294020 15173229 4294620
15158751 4228260 15161145 4228860
15156471 4184100 15158865 4184700
15164679 4235940 15165705 4236540
15175965 4201860 15176877 4202940
15168669 4260420 15169581 4261500
15176307 4192260 15179157 4192860
15174255 4209540 15177105 4210140
15173799 4150020 15176649 4150620
15168897 4212420 15171747 4213020
15167415 4297860 15170265 4298460
15166503 4154820 15169353 4155420
15166275 4208100 15169125 4208700
15161943 4196100 15164793 4196700
15161829 4283940 15164679 4284540
15161715 4226820 15164565 4227420
15161715 4219620 15164565 4220220
15161031 4192260 15163881 4192860
15161031 4159620 15163881 4160220
15160575 4170180 15163425 4170780
15160347 4288260 15163197 4288860
15159435 4298340 15162285 4298940
15157155 4290660 15160005 4291260
15156927 4278660 15159777 4279260
15156927 4173540 15159777 4174140
15155787 4326180 15158637 4326780
15154191 4312740 15157041 4313340
15152139 4306980 15154989 4307580
15152139 4202340 15154989 4202940
15149859 4325700 15152709 4326300
15149859 4312740 15152709 4313340
15149859 4300260 15152709 4300860
15149859 4248420 15152709 4249020
15149859 4184580 15152709 4185180
15149631 4233060 15152481 4233660
15148947 4221540 15151797 4222140
15166959 4253700 15167757 4254780
15164451 4172100 15165249 4173180
15163767 4285380 15164565 4286460
15163083 4171140 15163881 4172220
15158295 4168260 15159093 4169340
15156699 4256580 15157497 4257660
15149859 4246020 15150657 4247100
15149859 4218180 15150657 4219260
15149403 4172100 15150201 4173180
15148947 4139460 15149745 4140540
15187251 4259460 15198309 4260060
15186567 4169220 15197625 4169820
15186339 4177860 15197397 4178460
15186111 4235460 15197169 4236060
15184515 4198980 15195573 4199580
15171519 4277220 15182577 4277820
15154647 4153860 15155787 4154940
15152139 4311300 15153279 4312380
15148149 4187460 15149289 4188540
15146781 4301700 15149973 4302300
15146781 4271460 15149973 4272060
15146781 4247460 15149973 4248060
15146781 4242660 15149973 4243260
15146781 4241220 15149973 4241820
15146781 4210980 15149973 4211580
15146781 4200900 15149973 4201500
15146781 4194660 15149973 4195260
15148149 4324740 15149745 4325340
15148149 4303140 15149745 4303740
15148149 4278660 15149745 4279260
15148149 4274820 15149745 4275420
15148149 4270500 15149745 4271100
15148149 4264260 15149745 4264860
15148149 4252260 15149745 4252860
15148149 4206180 15149745 4206780
15148149 4204260 15149745 4204860
15148149 4196580 15149745 4197180
15148149 4184100 15149745 4184700
15148149 4181700 15149745 4182300
15148149 4136100 15149745 4136700
15168441 4292580 15174027 4293180
15166275 4157220 15171861 4157820
15152139 4273380 15157725 4273980
15152139 4223940 15157725 4224540
15149403 4209060 15154989 4209660
15196599 4249860 15198651 4250460
15182007 4192740 15184059 4193340
15148149 4322820 15150201 4323420
15148149 4315140 15150201 4315740
15148149 4306500 15150201 4307100
15148149 4290660 15150201 4291260
15148149 4265220 15150201 4265820
15148149 4244100 15150201 4244700
15148149 4235940 15150201 4236540
15148149 4177380 15150201 4177980
15148149 4166820 15150201 4167420
15173799 4205700 15177219 4206300
15156585 4253220 15160005 4253820
15154647 4226340 15158067 4226940
15148149 4320420 15151569 4321020
15148149 4299300 15151569 4299900
15148149 4260420 15151569 4261020
15148149 4256100 15151569 4256700
15146781 4330020 15150201 4330620
15146781 4321380 15150201 4321980
15146781 4313700 15150201 4314300
15146781 4249380 15150201 4249980
15146781 4229220 15150201 4229820
15146781 4186500 15150201 4187100
15168669 4213380 15172089 4213980
15148149 4292580 15151569 4293180
15146781 4317540 15150201 4318140
15146781 4293540 15150201 4294140
15146781 4212900 15150201 4213500
15146781 4197540 15150201 4198140
15146781 4188900 15150201 4189500
15146781 4170180 15150201 4170780
15168897 4210980 15171177 4211580
15155103 4234500 15157383 4235100
15153051 4264740 15155331 4265340
15148149 4195620 15150429 4196220
15192609 4149060 15198651 4149660
15178017 4152420 15184059 4153020
15183945 4394340 15192723 4394940
15183945 4389540 15192723 4390140
15183945 4384740 15192723 4385340
15183945 4379940 15192723 4380540
15183945 4375140 15192723 4375740
15183945 4370340 15192723 4370940
15183945 4365540 15192723 4366140
15183945 4360740 15192723 4361340
15183945 4142820 15192723 4143420
15168783 4303140 15171861 4303740
15166503 4161540 15169581 4162140
15166275 4279140 15169353 4279740
15164223 4163940 15167301 4164540
15159207 4240260 15162285 4240860
15157155 4215780 15160233 4216380
15156927 4244580 15160005 4245180
15152139 4267620 15155217 4268220
15151911 4167300 15154989 4167900
15179271 4214340 15197625 4214940
15178815 4304580 15197169 4305180
15178587 4289220 15196941 4289820
15177903 4256580 15196257 4257180
15177447 4183620 15195801 4184220
15177447 4165380 15195801 4165980
15177333 4255620 15195687 4256220
15177333 4246980 15195687 4247580
15176991 4236420 15195345 4237020
15176763 4294020 15195117 4294620
15162741 4353060 15181095 4353660
15162741 4338660 15181095 4339260
15148149 4355460 15149973 4356060
15148149 4333380 15149973 4333980
15148149 4316580 15149973 4317180
15148149 4310820 15149973 4311420
15148149 4288740 15149973 4289340
15148149 4282500 15149973 4283100
15148149 4226820 15149973 4227420
15148149 4219620 15149973 4220220
15148149 4214340 15149973 4214940
15148149 4174020 15149973 4174620
15148149 4167780 15149973 4168380
15148149 4164420 15149973 4165020
15148149 4148100 15149973 4148700
15148149 4142820 15149973 4143420
15148149 4135140 15149973 4135740
15146781 4351620 15148605 4352220
15146781 4343940 15148605 4344540
15146781 4331460 15148605 4332060
15146781 4323780 15148605 4324380
15146781 4307460 15148605 4308060
15146781 4283460 15148605 4284060
15146781 4279620 15148605 4280220
15146781 4275780 15148605 4276380
15146781 4263300 15148605 4263900
15146781 4259460 15148605 4260060
15146781 4250820 15148605 4251420
15146781 4227780 15148605 4228380
15146781 4222980 15148605 4223580
15146781 4215300 15148605 4215900
15146781 4202820 15148605 4203420
15146781 4182660 15148605 4183260
15146781 4174980 15148605 4175580
15146781 4162500 15148605 4163100
15146781 4158660 15148605 4159260
15146781 4154820 15148605 4155420
15146781 4150020 15148605 4150620
15169695 4258980 15171405 4259580
15167415 4277700 15169125 4278300
15164223 4212900 15165933 4213500
15163767 4184100 15165477 4184700
15163539 4221060 15165249 4221660
15163539 4202820 15165249 4203420
15161943 4177380 15163653 4177980
15161031 4146660 15162741 4147260
15159891 4149540 15161601 4150140
15159435 4222980 15161145 4223580
15153963 4296900 15155673 4297500
15153735 4170180 15155445 4170780
15152367 4163460 15154077 4164060
15152367 4139460 15154077 4140060
15152367 4138500 15154077 4139100
15151911 4155780 15153621 4156380
15149175 4165380 15150885 4165980
15148035 4285860 15149745 4286460
15148035 4180260 15149745 4180860
15147579 4239300 15149289 4239900
15165135 4263300 15188505 4263900
15165135 4174020 15188505 4174620
15161373 4374660 15165249 4375260
15186567 4277700 15197625 4278300
15186567 4258500 15197625 4259100
15185313 4245540 15196371 4246140
15184515 4176900 15195573 4177500
15181095 4309860 15184059 4310460
15181095 4217700 15184059 4218300
15152025 4156740 15154989 4157340
15151797 4318500 15154761 4319100
15151797 4298820 15154761 4299420
15179271 4186500 15197625 4187100
15178587 4292100 15196941 4292700
15177447 4234500 15195801 4235100
15177447 4181700 15195801 4182300
15177333 4167300 15195687 4167900
15177219 4148100 15195573 4148700
15146781 4340100 15165135 4340700
15166503 4273860 15168213 4274460
15164223 4210980 15165933 4211580
15161943 4174020 15163653 4174620
15159435 4167780 15161145 4168380
15177675 4203300 15179157 4203900
15177219 4197540 15178701 4198140
15177219 4193220 15178701 4193820
15168099 4235460 15169581 4236060
15166047 4296420 15167529 4297020
15165591 4286820 15167073 4287420
15165135 4307940 15166617 4308540
15162399 4255620 15163881 4256220
15154875 4248900 15156357 4249500
15151455 4251780 15152937 4252380
15151227 4303620 15152709 4304220
15175395 4213380 15177333 4213980
15167871 4183620 15169809 4184220
15161715 4230180 15163653 4230780
15161259 4183140 15163197 4183740
15159435 4330980 15161373 4331580
15159435 4144740 15161373 4145340
15157155 4165380 15159093 4165980
15156699 4214820 15158637 4215420
15154419 4327620 15156357 4328220
15153735 4239780 15155673 4240380
15152823 4221540 15154761 4222140
15152367 4234500 15154305 4235100
15182919 4216740 15184059 4217340
15176079 4207620 15177219 4208220
15165705 4206180 15166845 4206780
15164109 4317060 15165249 4317660
15164109 4315140 15165249 4315740
15158865 4174980 15160005 4175580
15158523 4150980 15159663 4151580
15156927 4203780 15158067 4204380
15156243 4258020 15157383 4258620
15154647 4287300 15155787 4287900
15154647 4259940 15155787 4260540
15154191 4325220 15155331 4325820
15146781 4230660 15147921 4231260
15176307 4198500 15178815 4199100
15174483 4185540 15176991 4186140
15170037 4152420 15172545 4153020
15165477 4271460 15167985 4272060
15157155 4229220 15159663 4229820
15150429 4236900 15152937 4237500
15148149 4298340 15150657 4298940
15146781 4277220 15149289 4277820
15146781 4225380 15149289 4225980
15146781 4144740 15149289 4145340
15175167 4148100 15176421 4148700
15173799 4291620 15175053 4292220
15173799 4149060 15175053 4149660
15170607 4291620 15171861 4292220
15168327 4264260 15169581 4264860
15168099 4294500 15169353 4295100
15168099 4266660 15169353 4267260
15165819 4226340 15167073 4226940
15165819 4169700 15167073 4170300
15163995 4175940 15165249 4176540
15163995 4170180 15165249 4170780
15161715 4190820 15162969 4191420
15161487 4265700 15162741 4266300
15161031 4284900 15162285 4285500
15161031 4274820 15162285 4275420
15161031 4150980 15162285 4151580
15160803 4202820 15162057 4203420
15159207 4322820 15160461 4323420
15158523 4320900 15159777 4321500
15157839 4308420 15159093 4309020
15156471 4316100 15157725 4316700
15156243 4334820 15157497 4335420
15156015 4240260 15157269 4240860
15154647 4162980 15155901 4163580
15153963 4228740 15155217 4229340
15153507 4136580 15154761 4137180
15182691 4178340 15184059 4178940
15173001 4218180 15174369 4218780
15168669 4287780 15170037 4288380
15162513 4267620 15163881 4268220
15160917 4178340 15162285 4178940
15156585 4157700 15157953 4158300
15156129 4164420 15157497 4165020
15153735 4204740 15155103 4205340
15151455 4199940 15152823 4200540
15149745 4287300 15151113 4287900
15148149 4327140 15149517 4327740
15148149 4258020 15149517 4258620
15148149 4234500 15149517 4235100
15148149 4224420 15149517 4225020
15148149 4207140 15149517 4207740
15148149 4179300 15149517 4179900
15148149 4171140 15149517 4171740
15146781 4233060 15148149 4233660
15175851 4196100 15178245 4196700
15174027 4155300 15176421 4155900
15171747 4180260 15174141 4180860
15169239 4265220 15171633 4265820
15168555 4170180 15170949 4170780
15157839 4192260 15160233 4192860
15151911 4246020 15154305 4246620
15150315 4268580 15152709 4269180
15172203 4166340 15173913 4166940
15171975 4210500 15173685 4211100
15171519 4201860 15173229 4202460
15171519 4200420 15173229 4201020
15169923 4230660 15171633 4231260
15169011 4301700 15170721 4302300
15163767 4186020 15165477 4186620
15158979 4325700 15160689 4326300
15158979 4292580 15160689 4293180
15158979 4284420 15160689 4285020
15158979 4137540 15160689 4138140
15157839 4188900 15159549 4189500
15156699 4231140 15158409 4231740
15153051 4306020 15154761 4306620
15152367 4201380 15154077 4201980
15152367 4174500 15154077 4175100
15150771 4227300 15152481 4227900
15177903 4222980 15179385 4223580
15176079 4208580 15177561 4209180
15172887 4188900 15174369 4189500
15172431 4223940 15173913 4224540
15172431 4221060 15173913 4221660
15170379 4193700 15171861 4194300
15169467 4138980 15170949 4139580
15167871 4220580 15169353 4221180
15167643 4293540 15169125 4294140
15167643 4192740 15169125 4193340
15165591 4228260 15167073 4228860
15165591 4203300 15167073 4203900
15164907 4269540 15166389 4270140
15163083 4263780 15164565 4264380
15161943 4325220 15163425 4325820
15161373 4279620 15162855 4280220
15161031 4229220 15162513 4229820
15160803 4330020 15162285 4330620
15160803 4293060 15162285 4293660
15160803 4138980 15162285 4139580
15160803 4138020 15162285 4138620
15160575 4320900 15162057 4321500
15158523 4160100 15160005 4160700
15157155 4323300 15158637 4323900
15156015 4162500 15157497 4163100
15156015 4161060 15157497 4161660
15153279 4214340 15154761 4214940
15152367 4258980 15153849 4259580
15152139 4249380 15153621 4249980
15164223 4222020 15166617 4222620
15164223 4181700 15166617 4182300
15164223 4160580 15166617 4161180
15164223 4158660 15166617 4159260
15164223 4149060 15166617 4149660
15164223 4144260 15166617 4144860
15164223 4137540 15166617 4138140
15160119 4184580 15161943 4185660
15168669 4172100 15197967 4172700
15167415 4306500 15196713 4307100
15166503 4373700 15195801 4374300
15166503 4325700 15195801 4326300
15149859 4344420 15179157 4345020
15148149 4349220 15177447 4349820
15148149 4345380 15177447 4345980
15146781 4393380 15176079 4393980
15146781 4392420 15176079 4393020
15146781 4388580 15176079 4389180
15146781 4387620 15176079 4388220
15146781 4383780 15176079 4384380
15146781 4382820 15176079 4383420
15146781 4378980 15176079 4379580
15146781 4378020 15176079 4378620
15146781 4369380 15176079 4369980
15146781 4368420 15176079 4369020
15146781 4364580 15176079 4365180
15146781 4363620 15176079 4364220
15146781 4359780 15176079 4360380
15146781 4354020 15176079 4354620
15146781 4350180 15176079 4350780
15177219 4190340 15178929 4190940
15172887 4231620 15174597 4232220
15171519 4227780 15173229 4228380
15170151 4234500 15171861 4235100
15168441 4162500 15170151 4163100
15166503 4299780 15168213 4300380
15166503 4231140 15168213 4231740
15163539 4316100 15165249 4316700
15163539 4243140 15165249 4243740
15163539 4224900 15165249 4225500
15163539 4179780 15165249 4180380
15162627 4248900 15164337 4249500
15161943 4303620 15163653 4304220
15161715 4242660 15163425 4243260
15160575 4282980 15162285 4283580
15159435 4210500 15161145 4211100
15154647 4166340 15156357 4166940
15153507 4253220 15155217 4253820
15153507 4207140 15155217 4207740
15152367 4231620 15154077 4232220
15152139 4194660 15153849 4195260
15150087 4243140 15151797 4243740
15149859 4275300 15151569 4275900
15149859 4225380 15151569 4225980
15196827 4271940 15198651 4272540
15182235 4266660 15184059 4267260
15182235 4244580 15184059 4245180
15182235 4211940 15184059 4212540
15167985 4216740 15169809 4217340
15159321 4179780 15161145 4180380
15153963 4251780 15155787 4252380
15193065 4288260 15198651 4288860
15192609 4298340 15198195 4298940
15192609 4283940 15198195 4284540
15192495 4301700 15198081 4302300
15192495 4282500 15198081 4283100
15192495 4220100 15198081 4220700
15192381 4267140 15197967 4267740
15191583 4278660 15197169 4279260
15191583 4154820 15197169 4155420
15191583 4152900 15197169 4153500
15191355 4248900 15196941 4249500
15191355 4201860 15196941 4202460
15178473 4138980 15184059 4139580
15178359 4185060 15183945 4185660
15171177 4170180 15176763 4170780
15168669 4236900 15174255 4237500
15161943 4302180 15167529 4302780
15183603 4254660 15198309 4255260
15183261 4307460 15197967 4308060
15183261 4163460 15197967 4164060
15182691 4303620 15197397 4304220
15182463 4200900 15197169 4201500
15182235 4308420 15196941 4309020
15182235 4253700 15196941 4254300
15182235 4173060 15196941 4173660
15182235 4158660 15196941 4159260
15182007 4302660 15196713 4303260
15182007 4240260 15196713 4240860
15182007 4206660 15196713 4207260
15181779 4225860 15196485 4226460
15181779 4153860 15196485 4154460
15181095 4355460 15195801 4356060
15181095 4350660 15195801 4351260
15181095 4345860 15195801 4346460
15181095 4341060 15195801 4341660
15181095 4336260 15195801 4336860
15181095 4331460 15195801 4332060
15181095 4326660 15195801 4327260
15181095 4322820 15195801 4323420
15181095 4321860 15195801 4322460
15181095 4317060 15195801 4317660
15181095 4239300 15195801 4239900
15181095 4221060 15195801 4221660
15181095 4205700 15195801 4206300
15181095 4196100 15195801 4196700
15180981 4210500 15195687 4211100
15180867 4187460 15195573 4188060
15180411 4265220 15195117 4265820
15161373 4394340 15176079 4394940
15161373 4389540 15176079 4390140
15161373 4384740 15176079 4385340
15161373 4379940 15176079 4380540
15161373 4370340 15176079 4370940
15161373 4365540 15176079 4366140
15161373 4360740 15176079 4361340
15148491 4336260 15163197 4336860
15182463 4269060 15197169 4269660
15181095 4311300 15195801 4311900
15180981 4215300 15195687 4215900
15180753 4224900 15195459 4225500
15180639 4229700 15195345 4230300
15180297 4264260 15195003 4264860
15180183 4191300 15194889 4191900
15179727 4287300 15194433 4287900
15176193 4157700 15190899 4158300
15175623 4297860 15190329 4298460
15174711 4273860 15189417 4274460
15174483 4162500 15189189 4163100
15173685 4296900 15188391 4297500
15173229 4250820 15187935 4251420
15172887 4268100 15187593 4268700
15169467 4248900 15184173 4249500
15166503 4244100 15181209 4244700
15164907 4330980 15179613 4331580
15163083 4330020 15177789 4330620
15161487 4311780 15176193 4312380
15160917 4310820 15175623 4311420
15159435 4334820 15174141 4335420
15179727 4190340 15180981 4190940
15174027 4184100 15175281 4184700
15173799 4279620 15175053 4280220
15172203 4287780 15173457 4288380
15169011 4305060 15170265 4305660
15168555 4299780 15169809 4300380
15167871 4284420 15169125 4285020
15166731 4288740 15167985 4289340
15165591 4185060 15166845 4185660
15165135 4194660 15166389 4195260
15163083 4299780 15164337 4300380
15161943 4168260 15163197 4168860
15161715 4285860 15162969 4286460
15161487 4236420 15162741 4237020
15160803 4326180 15162057 4326780
15160347 4188420 15161601 4189020
15159435 4155300 15160689 4155900
15157839 4285860 15159093 4286460
15157839 4206180 15159093 4206780
15156699 4317060 15157953 4317660
15154191 4232100 15155445 4232700
15149859 4191780 15151113 4192380
15149859 4154820 15151113 4155420
15197055 4299780 15198651 4300380
15182463 4295460 15184059 4296060
15182463 4258020 15184059 4258620
15180525 4193700 15182121 4194300
15178473 4195620 15180069 4196220
15177561 4209060 15179157 4209660
15175965 4199940 15177561 4200540
15173001 4183140 15174597 4183740
15171291 4225860 15172887 4226460
15171177 4216740 15172773 4217340
15162969 4186980 15164565 4187580
15162969 4153860 15164565 4154460
15161829 4249860 15163425 4250460
15160575 4308420 15162171 4309020
15160461 4254660 15162057 4255260
15159549 4374180 15161145 4374780
15158979 4272420 15160575 4273020
15157041 4143780 15158637 4144380
15156471 4296420 15158067 4297020
15155901 4270500 15157497 4271100
15155901 4147140 15157497 4147740
15155673 4250820 15157269 4251420
15154191 4321860 15155787 4322460
15153621 4262820 15155217 4263420
15152025 4145220 15153621 4145820
15148149 4246500 15149745 4247100
15146781 4297380 15148377 4297980
15146781 4221540 15148377 4222140
15188391 4272900 15195801 4273500
15185313 4143780 15192723 4144380
15182007 4203780 15189417 4204380
15181779 4168260 15189189 4168860
15180183 4179780 15187593 4180380
15179955 4222020 15187365 4222620
15176193 4293060 15183603 4293660
15175965 4375140 15183375 4375740
15169695 4153380 15177105 4153980
15148947 4216740 15156357 4217340
15148149 4335300 15155559 4335900
15146781 4374180 15154191 4374780
15146781 4358820 15154191 4359420
15192609 4150020 15196371 4150620
15178587 4278180 15182349 4278780
15178245 4283940 15182007 4284540
15177333 4354980 15181095 4355580
15177333 4351140 15181095 4351740
15177333 4340580 15181095 4341180
15173457 4211460 15177219 4212060
15172887 4281540 15176649 4282140
15169011 4187460 15172773 4188060
15168783 4182660 15172545 4183260
15166503 4186500 15170265 4187100
15165363 4142820 15169125 4143420
15165021 4267620 15168783 4268220
15164109 4234020 15167871 4234620
15157611 4204740 15161373 4205340
15156927 4333380 15160689 4333980
15155559 4262820 15159321 4263420
15152139 4330020 15155901 4330620
15152139 4244100 15155901 4244700
15152139 4218180 15155901 4218780
15152139 4205700 15155901 4206300
15148149 4296420 15151911 4297020
15195801 4143300 15198651 4143900
15181209 4312740 15184059 4313340
15181209 4144740 15184059 4145340
15181095 4143780 15183945 4144380
15180867 4272420 15183717 4273020
15176079 4187940 15178929 4188540
15175395 4229700 15178245 4230300
15174255 4224420 15177105 4225020
15173799 4278660 15176649 4279260
15173799 4225860 15176649 4226460
15173457 4217220 15176307 4217820
15172887 4214820 15175737 4215420
15171063 4209540 15173913 4210140
15169011 4224420 15171861 4225020
15169011 4149540 15171861 4150140
15166503 4280580 15169353 4281180
15164109 4197540 15166959 4198140
15163539 4190820 15166389 4191420
15161715 4264740 15164565 4265340
15161031 4238820 15163881 4239420
15159207 4209060 15162057 4209660
15159207 4148100 15162057 4148700
15157155 4154340 15160005 4154940
15156699 4305060 15159549 4305660
15155787 4148100 15158637 4148700
15155559 4155780 15158409 4156380
15154647 4191780 15157497 4192380
15154647 4171620 15157497 4172220
15154647 4145220 15157497 4145820
15154419 4196580 15157269 4197180
15152367 4254180 15155217 4254780
15152367 4148100 15155217 4148700
15152139 4293060 15154989 4293660
15152139 4222980 15154989 4223580
15152139 4181700 15154989 4182300
15152139 4165380 15154989 4165980
15151911 4210980 15154761 4211580
15151683 4192260 15154533 4192860
15149859 4245060 15152709 4245660
15149859 4179300 15152709 4179900
15149631 4283460 15152481 4284060
15170037 4277220 15170721 4277820
15168441 4164420 15169125 4165020
15171747 4144260 15172545 4144860
15178815 4198500 15179955 4199100
15176535 4186980 15177675 4187580
15173913 4196100 15175053 4196700
15167985 4147620 15169125 4148220
15167415 4211460 15168555 4212060
15166959 4239780 15168099 4240380
15166845 4237860 15167985 4238460
15166845 4198500 15167985 4199100
15166845 4147620 15167985 4148220
15164337 4165860 15165477 4166460
15163197 4199460 15164337 4200060
15163197 4162020 15164337 4162620
15163197 4154820 15164337 4155420
15163197 4145700 15164337 4146300
15159891 4255620 15161031 4256220
15157611 4248420 15158751 4249020
15157383 4159620 15158523 4160220
15153507 4250340 15154647 4250940
15153507 4242180 15154647 4242780
15152595 4280100 15153735 4280700
15152595 4240260 15153735 4240860
15152595 4224900 15153735 4225500
15151341 4305540 15152481 4306140
15151341 4140900 15152481 4141500
15166047 4282020 15166503 4282620
15165363 4299300 15166389 4299900
15157383 4233060 15158409 4233660
15162285 4244100 15164337 4245180
15162285 4232580 15164337 4233660
15178815 4207140 15179727 4207740
15168669 4233540 15169581 4234140
15168327 4291620 15169239 4292220
15168327 4241220 15169239 4241820
15166161 4201380 15167073 4201980
15162399 4224900 15163311 4225500
15161943 4252260 15162855 4252860
15161943 4210980 15162855 4211580
15159093 4226340 15160005 4226940
15159093 4159140 15160005 4159740
15152823 4286820 15153735 4287420
15151797 4153860 15152709 4154460
15146781 4319940 15147693 4320540
15197853 4212420 15198651 4213020
15183261 4270500 15184059 4271100
15183261 4212900 15184059 4213500
15180867 4199460 15181665 4200060
15178587 4225380 15179385 4225980
15178131 4216740 15178929 4217340
15174711 4282500 15175509 4283100
15171291 4189380 15172089 4189980
15170151 4190340 15170949 4190940
15168783 4289220 15169581 4289820
15166503 4260420 15167301 4261020
15165819 4253220 15166617 4253820
15164907 4164900 15165705 4165500
15164451 4355460 15165249 4356060
15164451 4342020 15165249 4342620
15164451 4229700 15165249 4230300
15163995 4255140 15164793 4255740
15161487 4179300 15162285 4179900
15160803 4186980 15161601 4187580
15160803 4154340 15161601 4154940
15158979 4259940 15159777 4260540
15158751 4211460 15159549 4212060
15158067 4199940 15158865 4200540
15157155 4320420 15157953 4321020
15157155 4310340 15157953 4310940
15156699 4318980 15157497 4319580
15156015 4170660 15156813 4171260
15154875 4269540 15155673 4270140
15154647 4188900 15155445 4189500
15154419 4237380 15155217 4237980
15153507 4283940 15154305 4284540
15152367 4175940 15153165 4176540
15151911 4316100 15152709 4316700
15151911 4161540 15152709 4162140
15150771 4223460 15151569 4224060
15168099 4269540 15169125 4270140
15171747 4184100 15172317 4184700
15170379 4147140 15170949 4147740
15166959 4179300 15167529 4179900
15166275 4245540 15166845 4246140
15166047 4234980 15166617 4235580
15165363 4292580 15165933 4293180
15164679 4288740 15165249 4289340
15160119 4309860 15160689 4310460
15158523 4227300 15159093 4227900
15156699 4246980 15157269 4247580
15156699 4189380 15157269 4189980
15156243 4139940 15156813 4140540
15155787 4301700 15156357 4302300
15150087 4140900 15150657 4141500
15176307 4227780 15177105 4228380
15164223 4168260 15165021 4168860
15163539 4165380 15164337 4165980
15161943 4172100 15162741 4172700
15161259 4163460 15162057 4164060
15159435 4308420 15160233 4309020
15158067 4239300 15158865 4239900
15155559 4188420 15156357 4189020
15154647 4292100 15155445 4292700
15154647 4255620 15155445 4256220
15178131 4284900 15179157 4285500
15178131 4215300 15179157 4215900
15178131 4199940 15179157 4200540
15161487 4155300 15162513 4155900
15156699 4288740 15157725 4289340
15151911 4289700 15152937 4290300
15178587 4219140 15179613 4219740
15169467 4257060 15170493 4257660
15169239 4167300 15170265 4167900
15166503 4167300 15167529 4167900
15161943 4291140 15162969 4291740
15155559 4299300 15156585 4299900
15153051 4243140 15154077 4243740
15152139 4261380 15153165 4261980
15176079 4226820 15176877 4227420
15166503 4212420 15167301 4213020
15166503 4192260 15167301 4192860
15166503 4191300 15167301 4191900
15161715 4198980 15162513 4199580
15156927 4199460 15157725 4200060
15154647 4143300 15155445 4143900
15152139 4226340 15152937 4226940
15152139 4204260 15152937 4204860
15152139 4186020 15152937 4186620
15167871 4255140 15168897 4255740
15170493 4181700 15171405 4182300
15157041 4212420 15157953 4213020
15154533 4258500 15155445 4259100
15151569 4146180 15152481 4146780
15169695 4143780 15170265 4144380
15168555 4144260 15169125 4144860
15167415 4232580 15167985 4233180
15166275 4229220 15166845 4229820
15178473 4200900 15178929 4201500
15181323 4245540 15183261 4246140
15176079 4206660 15178017 4207260
15173115 4152420 15175053 4153020
15171519 4198020 15173457 4198620
15171519 4162500 15173457 4163100
15171063 4282500 15173001 4283100
15170379 4297380 15172317 4297980
15168099 4151460 15170037 4152060
15167871 4281540 15169809 4282140
15166503 4153860 15168441 4154460
15166275 4189860 15168213 4190460
15164679 4238820 15166617 4239420
15164223 4291620 15166161 4292220
15164223 4280100 15166161 4280700
15163083 4351620 15165021 4352220
15163083 4318020 15165021 4318620
15162741 4341060 15164679 4341660
15162627 4258020 15164565 4258620
15162627 4203780 15164565 4204380
15161943 4330980 15163881 4331580
15161943 4253220 15163881 4253820
15161943 4157700 15163881 4158300
15161943 4150020 15163881 4150620
15159435 4267140 15161373 4267740
15159207 4143780 15161145 4144380
15158523 4273380 15160461 4273980
15158181 4271460 15160119 4272060
15157839 4193700 15159777 4194300
15157155 4169700 15159093 4170300
15156927 4222980 15158865 4223580
15154191 4190340 15156129 4190940
15154191 4176900 15156129 4177500
15153051 4332420 15154989 4333020
15153051 4320420 15154989 4321020
15152823 4208100 15154761 4208700
15152139 4210020 15154077 4210620
15152139 4195620 15154077 4196220
15152139 4190820 15154077 4191420
15152139 4173060 15154077 4173660
15151683 4278660 15153621 4279260
15150543 4158660 15152481 4159260
15148149 4308420 15150087 4309020
15148149 4149060 15150087 4149660
15146781 4287300 15148719 4287900
15177903 4189380 15178929 4189980
15177675 4221060 15178701 4221660
15175623 4232580 15176649 4233180
15173799 4159620 15174825 4160220
15170721 4150980 15171747 4151580
15170607 4203300 15171633 4203900
15168783 4276260 15169809 4276860
15168327 4232100 15169353 4232700
15168327 4180740 15169353 4181340
15166503 4298820 15167529 4299420
15166503 4283460 15167529 4284060
15166503 4274820 15167529 4275420
15166503 4224900 15167529 4225500
15166503 4210500 15167529 4211100
15166503 4195140 15167529 4195740
15166503 4166340 15167529 4166940
15165591 4287780 15166617 4288380
15165591 4237860 15166617 4238460
15164223 4290660 15165249 4291260
15164223 4282980 15165249 4283580
15164223 4240740 15165249 4241340
15164223 4188900 15165249 4189500
15163881 4287300 15164907 4287900
15163539 4292580 15164565 4293180
15161829 4290180 15162855 4290780
15161715 4266660 15162741 4267260
15161601 4215780 15162627 4216380
15161259 4277220 15162285 4277820
15161259 4237380 15162285 4237980
15160119 4236420 15161145 4237020
15159435 4164420 15160461 4165020
15159435 4145700 15160461 4146300
15159207 4170180 15160233 4170780
15158979 4330020 15160005 4330620
15158751 4315620 15159777 4316220
15158751 4231620 15159777 4232220
15156927 4328580 15157953 4329180
15155787 4310820 15156813 4311420
15155787 4271460 15156813 4272060
15155103 4203300 15156129 4203900
15153963 4150980 15154989 4151580
15153735 4215300 15154761 4215900
15153051 4271940 15154077 4272540
15152139 4302660 15153165 4303260
15152139 4237860 15153165 4238460
15152139 4215300 15153165 4215900
15150315 4148100 15151341 4148700
15148149 4280580 15149175 4281180
15167187 4158660 15168555 4159740
15169809 4215300 15171633 4216380
15155787 4136100 15156813 4136700
15175281 4231140 15176421 4231740
15172773 4158180 15173913 4158780
15170493 4281060 15171633 4281660
15170493 4218180 15171633 4218780
15169923 4219140 15171063 4219740
15167985 4270500 15169125 4271100
15167415 4199460 15168555 4200060
15166959 4215780 15168099 4216380
15165705 4199460 15166845 4200060
15164679 4272420 15165819 4273020
15164451 4215780 15165591 4216380
15164451 4209060 15165591 4209660
15163197 4205220 15164337 4205820
15160917 4214820 15162057 4215420
15160119 4217220 15161259 4217820
15158409 4310820 15159549 4311420
15157611 4182660 15158751 4183260
15157383 4141380 15158523 4141980
15156129 4294980 15157269 4295580
15156015 4291620 15157155 4292220
15155331 4289700 15156471 4290300
15155103 4214820 15156243 4215420
15153621 4159620 15154761 4160220
15153507 4291140 15154647 4291740
15153507 4285380 15154647 4285980
15153051 4290180 15154191 4290780
15153051 4160580 15154191 4161180
15151341 4279620 15152481 4280220
15151227 4291620 15152367 4292220
15151227 4160580 15152367 4161180
15151227 4159620 15152367 4160220
15155901 4159620 15156129 4160220
15169923 4144740 15170379 4145340
15169467 4181700 15169923 4182300
15167871 4144260 15168327 4144860
15167073 4294980 15167529 4295580
15167073 4266660 15167529 4267260
15166047 4294500 15166503 4295100
15162285 4216740 15162741 4217340
15161601 4223460 15162057 4224060
15161031 4235460 15161487 4236060
15160575 4258500 15161031 4259100
15160575 4216260 15161031 4216860
15176991 4155300 15177561 4155900
15174597 4165380 15176193 4166460
15170037 4273860 15171633 4274940
15169809 4271940 15171405 4273020
15169125 4242180 15170721 4243260
15167187 4250820 15168783 4251900
15159549 4181700 15161145 4182780
15157953 4142340 15159549 4143420
15155673 4242180 15157269 4243260
15155673 4232580 15157269 4233660
15152937 4146180 15154533 4147260
15182577 4199940 15183261 4200540
15175509 4204260 15176193 4204860
15175281 4203300 15175965 4203900
15168441 4274340 15169125 4274940
15167985 4207140 15168669 4207740
15163653 4185060 15164337 4185660
15161373 4314180 15162057 4314780
15161373 4276260 15162057 4276860
15159549 4269540 15160233 4270140
15158865 4289220 15159549 4289820
15158865 4199460 15159549 4200060
15158409 4196580 15159093 4197180
15153621 4175460 15154305 4176060
15151797 4169700 15152481 4170300
15149061 4159620 15149745 4160220
15175623 4237380 15176421 4237980
15174027 4150980 15174825 4151580
15171747 4161060 15172545 4161660
15164451 4245060 15165249 4245660
15161487 4224420 15162285 4225020
15161259 4263300 15162057 4263900
15161259 4175940 15162057 4176540
15160119 4306020 15160917 4306620
15160119 4223940 15160917 4224540
15155559 4215780 15156357 4216380
15169695 4286340 15171291 4287420
15169125 4208580 15170721 4209660
15162741 4261380 15164337 4262460
15162399 4241220 15163995 4242300
15157269 4276740 15158865 4277820
15154191 4212420 15155331 4213020
15162627 4323780 15164223 4324860
15160347 4281540 15161943 4282620
15155559 4307460 15157155 4308540
15153051 4276740 15154647 4277820
15172431 4204740 15173913 4205340
15172203 4294980 15173685 4295580
15169923 4268580 15171405 4269180
15168783 4226340 15170265 4226940
15166503 4282500 15167985 4283100
15166503 4240740 15167985 4241340
15166503 4180260 15167985 4180860
15166503 4151940 15167985 4152540
15165363 4264740 15166845 4265340
15164223 4239780 15165705 4240380
15164223 4191780 15165705 4192380
15160347 4328580 15161829 4329180
15159435 4189860 15160917 4190460
15158067 4311780 15159549 4312380
15155787 4138980 15157269 4139580
15155103 4318500 15156585 4319100
15152367 4189860 15153849 4190460
15152139 4281060 15153621 4281660
15152139 4239300 15153621 4239900
15152139 4197540 15153621 4198140
15150543 4185540 15152025 4186140
15149631 4276740 15151113 4277340
15176079 4219620 15177105 4220220
15175395 4221060 15176421 4221660
15175167 4171140 15176193 4171740
15173799 4286820 15174825 4287420
15173571 4233540 15174597 4234140
15172431 4168260 15173457 4168860
15171519 4304100 15172545 4304700
15171519 4296420 15172545 4297020
15171519 4235940 15172545 4236540
15171519 4233540 15172545 4234140
15170607 4261380 15171633 4261980
15170379 4228740 15171405 4229340
15169923 4214340 15170949 4214940
15169011 4176900 15170037 4177500
15168783 4218660 15169809 4219260
15167415 4247940 15168441 4248540
15166503 4214340 15167529 4214940
15166503 4196100 15167529 4196700
15165363 4232100 15166389 4232700
15164223 4323300 15165249 4323900
15164223 4314180 15165249 4314780
15164223 4303140 15165249 4303740
15164223 4281060 15165249 4281660
15164223 4278660 15165249 4279260
15164223 4274340 15165249 4274940
15164223 4253700 15165249 4254300
15164223 4200900 15165249 4201500
15164223 4177860 15165249 4178460
15164223 4166820 15165249 4167420
15163995 4176900 15165021 4177500
15162855 4175460 15163881 4176060
15161943 4332900 15162969 4333500
15161943 4309860 15162969 4310460
15161715 4152420 15162741 4153020
15160803 4269060 15161829 4269660
15160575 4271460 15161601 4272060
15160119 4246500 15161145 4247100
15159207 4258500 15160233 4259100
15159207 4248420 15160233 4249020
15159207 4140900 15160233 4141500
15157839 4299780 15158865 4300380
15157155 4227300 15158181 4227900
15156927 4151460 15157953 4152060
15156015 4279620 15157041 4280220
15156015 4198500 15157041 4199100
15155103 4281540 15156129 4282140
15155103 4141860 15156129 4142460
15154647 4297860 15155673 4298460
15154647 4257540 15155673 4258140
15154419 4231140 15155445 4231740
15153507 4266660 15154533 4267260
15153507 4238340 15154533 4238940
15153279 4246980 15154305 4247580
15153279 4151940 15154305 4152540
15152823 4158660 15153849 4159260
15152139 4317540 15153165 4318140
15152139 4229220 15153165 4229820
15152139 4186980 15153165 4187580
15151455 4196580 15152481 4197180
15150771 4308420 15151797 4309020
15150771 4240260 15151797 4240860
15179499 4229700 15179841 4230300
15177219 4284900 15177561 4285500
15174255 4204260 15174597 4204860
15174027 4203300 15174369 4203900
15171291 4294980 15171633 4295580
15169467 4277220 15169809 4277820
15167643 4276260 15167985 4276860
15167187 4144740 15167529 4145340
15166617 4261860 15166959 4262460
15166617 4156260 15166959 4156860
15166503 4259460 15166845 4260060
15162969 4156260 15163311 4156860
15159435 4294020 15159777 4294620
15158067 4292580 15158409 4293180
15153051 4305060 15153393 4305660
15153051 4263300 15153393 4263900
15152139 4270020 15152481 4270620
15152139 4207620 15152481 4208220
15151683 4281540 15152025 4282140
15148149 4160580 15148491 4161180
15182235 4193700 15183033 4194300
15177447 4289700 15178245 4290300
15176991 4286820 15177789 4287420
15176991 4282980 15177789 4283580
15175623 4292100 15176421 4292700
15171975 4271460 15172773 4272060
15169695 4288740 15170493 4289340
15167871 4295460 15168669 4296060
15167871 4259940 15168669 4260540
15164451 4213860 15165249 4214460
15163083 4272900 15163881 4273500
15162171 4286820 15162969 4287420
15160575 4272420 15161373 4273020
15159435 4287300 15160233 4287900
15158067 4319940 15158865 4320540
15157383 4242180 15158181 4242780
15157155 4274820 15157953 4275420
15155787 4306500 15156585 4307100
15151683 4277220 15152481 4277820
15149175 4280580 15149973 4281180
15181323 4201860 15183489 4202940
15181323 4198020 15183489 4199100
15174255 4300740 15176421 4301820
15171747 4222020 15173913 4223100
15171747 4164420 15173913 4165500
15169467 4195140 15171633 4196220
15169467 4158660 15171633 4159740
15166959 4229700 15169125 4230780
15166959 4204740 15169125 4205820
15162171 4328580 15164337 4329660
15162171 4306500 15164337 4307580
15162171 4227780 15164337 4228860
15159891 4300740 15162057 4301820
15159891 4296900 15162057 4297980
15159891 4256580 15162057 4257660
15159663 4241220 15161829 4242300
15159663 4212420 15161829 4213500
15159663 4165380 15161829 4166460
15157383 4149060 15159549 4150140
15155103 4235460 15157269 4236540
15155103 4150020 15157269 4151100
15155103 4137540 15157269 4138620
15150087 4331460 15152253 4332540
15150087 4220100 15152253 4221180
15150087 4150020 15152253 4151100
15150087 4135620 15152253 4136700
15179727 4201380 15180981 4201980
15178587 4191300 15179841 4191900
15173799 4289220 15175053 4289820
15172203 4208100 15173457 4208700
15172203 4160100 15173457 4160700
15171975 4203300 15173229 4203900
15171519 4199460 15172773 4200060
15171519 4190820 15172773 4191420
15167415 4223940 15168669 4224540
15164223 4189860 15165477 4190460
15164223 4183140 15165477 4183740
15162855 4270500 15164109 4271100
15158295 4280100 15159549 4280700
15158295 4237380 15159549 4237980
15158295 4236420 15159549 4237020
15158295 4198500 15159549 4199100
15157155 4249380 15158409 4249980
15157155 4179300 15158409 4179900
15155559 4180740 15156813 4181340
15155331 4328580 15156585 4329180
15154647 4317540 15155901 4318140
15153507 4324260 15154761 4324860
15150999 4172100 15152253 4172700
15149859 4285380 15151113 4285980
15167415 4242180 15169011 4243260
15167073 4265220 15168669 4266300
15162741 4320900 15164337 4321980
15161487 4180740 15163083 4181820
15160347 4142340 15161943 4143420
15157953 4200900 15159549 4201980
15153051 4185540 15154647 4186620
15174483 4275780 15175509 4276380
15175737 4167300 15175965 4167900
15166275 4281060 15166503 4281660
15163083 4213380 15163311 4213980
15162513 4184100 15162741 4184700
15159549 4236900 15159777 4237500
15155445 4212900 15155673 4213500
15151113 4139940 15151341 4140540
15172431 4183620 15172887 4184220
15170151 4270980 15170607 4271580
15170151 4270020 15170607 4270620
15167985 4271940 15168441 4272540
15166617 4216740 15167073 4217340
15166503 4272900 15166959 4273500
15162855 4164420 15163311 4165020
15156813 4265220 15157269 4265820
15154533 4270500 15154989 4271100
15153279 4294020 15153735 4294620
15149973 4161060 15150429 4161660
15178473 4212420 15179157 4213500
15171177 4166340 15171861 4167420
15168555 4272900 15169239 4273980
15159093 4318020 15159777 4319100
15156699 4185540 15157383 4186620
15177675 4227300 15178701 4227900
15177447 4225860 15178473 4226460
15177447 4210020 15178473 4210620
15175395 4290660 15176421 4291260
15175395 4194180 15176421 4194780
15172887 4275300 15173913 4275900
15172887 4157220 15173913 4157820
15172431 4276260 15173457 4276860
15172431 4184580 15173457 4185180
15170607 4229700 15171633 4230300
15170607 4148100 15171633 4148700
15170379 4167780 15171405 4168380
15169467 4300740 15170493 4301340
15169467 4280100 15170493 4280700
15168099 4228740 15169125 4229340
15167415 4285380 15168441 4285980
15164451 4273380 15165477 4273980
15164451 4223460 15165477 4224060
15163311 4234980 15164337 4235580
15161031 4189380 15162057 4189980
15161031 4164420 15162057 4165020
15160803 4218180 15161829 4218780
15159663 4277220 15160689 4277820
15158523 4314660 15159549 4315260
15158523 4313700 15159549 4314300
15158523 4306500 15159549 4307100
15158523 4281060 15159549 4281660
15158295 4242660 15159321 4243260
15157611 4294500 15158637 4295100
15157611 4243620 15158637 4244220
15156243 4142340 15157269 4142940
15156243 4135140 15157269 4135740
15156015 4329540 15157041 4330140
15156015 4274820 15157041 4275420
15155331 4320900 15156357 4321500
15153735 4180260 15154761 4180860
15153279 4171140 15154305 4171740
15152823 4328580 15153849 4329180
15152595 4177860 15153621 4178460
15152595 4135140 15153621 4135740
15151455 4263780 15152481 4264380
15151455 4198500 15152481 4199100
15151455 4180740 15152481 4181340
15150771 4241220 15151797 4241820
15150771 4231620 15151797 4232220
15148947 4232100 15149973 4232700
15183375 4208580 15184173 4209180
15181323 4188420 15182121 4189020
15181095 4204740 15181893 4205340
15180411 4188900 15181209 4189500
15179271 4216260 15180069 4216860
15178587 4233060 15179385 4233660
15176307 4195140 15177105 4195740
15175395 4215780 15176193 4216380
15174255 4160580 15175053 4161180
15174255 4158660 15175053 4159260
15173799 4303140 15174597 4303740
15173799 4147140 15174597 4147740
15173115 4274340 15173913 4274940
15173115 4272900 15173913 4273500
15171519 4204260 15172317 4204860
15170835 4299780 15171633 4300380
15170607 4238340 15171405 4238940
15170151 4184580 15170949 4185180
15169011 4239780 15169809 4240380
15169011 4190820 15169809 4191420
15168327 4249380 15169125 4249980
15167187 4171140 15167985 4171740
15164907 4320420 15165705 4321020
15164223 4331940 15165021 4332540
15164223 4327140 15165021 4327740
15164223 4276740 15165021 4277340
15164223 4141380 15165021 4141980
15164223 4135620 15165021 4136220
15162855 4297860 15163653 4298460
15162855 4275780 15163653 4276380
15162399 4319940 15163197 4320540
15160119 4231140 15160917 4231740
15160119 4214340 15160917 4214940
15160119 4198020 15160917 4198620
15159663 4161540 15160461 4162140
15159435 4270500 15160233 4271100
15159435 4186500 15160233 4187100
15159435 4172580 15160233 4173180
15159435 4171620 15160233 4172220
15159435 4162980 15160233 4163580
15158751 4235460 15159549 4236060
15158523 4266180 15159321 4266780
15158067 4300740 15158865 4301340
15158067 4246500 15158865 4247100
15158067 4138500 15158865 4139100
15157839 4232100 15158637 4232700
15156471 4236900 15157269 4237500
15156243 4272420 15157041 4273020
15154647 4323300 15155445 4323900
15154647 4300260 15155445 4300860
15154647 4135620 15155445 4136220
15153963 4141380 15154761 4141980
15153051 4220580 15153849 4221180
15151683 4149060 15152481 4149660
15151455 4324260 15152253 4324860
15151455 4266660 15152253 4267260
15151455 4228260 15152253 4228860
15151455 4151940 15152253 4152540
15151227 4307460 15152025 4308060
15151227 4219140 15152025 4219740
15181551 4219140 15183147 4220220
15181551 4189380 15183147 4190460
15179499 4202820 15181095 4203900
15179271 4199940 15180867 4201020
15177105 4230660 15178701 4231740
15176763 4291140 15178359 4292220
15176763 4281540 15178359 4282620
15174825 4287300 15176421 4288380
15174597 4189380 15176193 4190460
15174483 4181700 15176079 4182780
15173343 4297860 15174939 4298940
15172089 4229700 15173685 4230780
15172089 4192260 15173685 4193340
15171747 4298820 15173343 4299900
15171063 4155780 15172659 4156860
15170037 4192260 15171633 4193340
15169695 4283460 15171291 4284540
15169695 4163460 15171291 4164540
15169239 4222020 15170835 4223100
15169125 4197060 15170721 4198140
15168555 4246980 15170151 4248060
15168555 4155780 15170151 4156860
15167301 4222020 15168897 4223100
15167187 4307460 15168783 4308540
15167187 4197060 15168783 4198140
15167187 4181700 15168783 4182780
15167187 4135620 15168783 4136700
15162741 4250820 15164337 4251900
15162741 4214340 15164337 4215420
15159549 4312260 15161145 4313340
15159549 4156740 15161145 4157820
15157953 4224900 15159549 4225980
15157839 4187460 15159435 4188540
15157725 4195140 15159321 4196220
15157611 4321860 15159207 4322940
15157611 4287300 15159207 4288380
15157611 4256580 15159207 4257660
15157497 4282500 15159093 4283580
15157497 4213380 15159093 4214460
15157497 4180740 15159093 4181820
15157269 4261380 15158865 4262460
15156699 4209540 15158295 4210620
15155673 4283460 15157269 4284540
15155331 4224900 15156927 4225980
15155331 4181700 15156927 4182780
15155103 4229700 15156699 4230780
15154989 4174020 15156585 4175100
15154875 4245060 15156471 4246140
15154875 4238340 15156471 4239420
15153051 4198980 15154647 4200060
15152937 4274820 15154533 4275900
15150885 4326660 15152481 4327740
15150885 4142340 15152481 4143420
15150771 4213380 15152367 4214460
15150087 4155780 15151683 4156860
15168327 4206180 15169353 4206780
15166047 4207140 15167073 4207740
15163767 4298340 15164793 4298940
15162627 4269060 15163653 4269660
15154191 4227300 15155217 4227900
15179271 4230660 15179841 4231260
15178815 4287300 15179385 4287900
15176535 4280100 15177105 4280700
15174255 4156740 15174825 4157340
15173799 4290660 15174369 4291260
15173799 4187460 15174369 4188060
15172659 4233060 15173229 4233660
15172203 4266180 15172773 4266780
15172203 4195140 15172773 4195740
15172203 4158180 15172773 4158780
15171975 4300260 15172545 4300860
15171519 4275780 15172089 4276380
15171063 4160580 15171633 4161180
15171063 4141860 15171633 4142460
15169011 4267620 15169581 4268220
15168327 4160100 15168897 4160700
15165363 4150500 15165933 4151100
15164223 4322340 15164793 4322940
15164223 4309380 15164793 4309980
15164223 4277700 15164793 4278300
15164223 4152420 15164793 4153020
15163767 4218660 15164337 4219260
15162627 4143780 15163197 4144380
15162171 4176420 15162741 4177020
15161943 4321860 15162513 4322460
15161487 4173060 15162057 4173660
15161031 4211460 15161601 4212060
15160575 4265220 15161145 4265820
15160119 4294500 15160689 4295100
15159891 4317060 15160461 4317660
15158751 4301700 15159321 4302300
15158295 4208580 15158865 4209180
15157839 4264260 15158409 4264860
15157839 4197540 15158409 4198140
15157383 4158660 15157953 4159260
15157155 4312260 15157725 4312860
15157155 4301700 15157725 4302300
15157155 4281540 15157725 4282140
15154647 4280580 15155217 4281180
15154647 4198020 15155217 4198620
15154647 4186500 15155217 4187100
15154647 4177860 15155217 4178460
15154191 4301700 15154761 4302300
15153963 4182660 15154533 4183260
15152367 4321860 15152937 4322460
15152367 4266180 15152937 4266780
15151683 4230660 15152253 4231260
15151455 4302180 15152025 4302780
15151455 4238340 15152025 4238940
15149859 4222500 15150429 4223100
15149859 4183140 15150429 4183740
15149859 4159140 15150429 4159740
15149403 4169220 15149973 4169820
15179043 4218180 15179613 4218780
15178815 4201860 15179385 4202460
15176535 4183620 15177105 4184220
15175851 4151940 15176421 4152540
15173343 4216260 15173913 4216860
15172659 4196100 15173229 4196700
15171975 4281540 15172545 4282140
15171063 4154820 15171633 4155420
15169239 4148100 15169809 4148700
15168099 4256580 15168669 4257180
15167643 4246980 15168213 4247580
15164679 4157700 15165249 4158300
15163767 4155780 15164337 4156380
15161031 4324740 15161601 4325340
15160119 4279140 15160689 4279740
15159891 4311300 15160461 4311900
15158523 4291620 15159093 4292220
15158523 4186500 15159093 4187100
15158295 4289700 15158865 4290300
15157839 4327620 15158409 4328220
15155787 4297380 15156357 4297980
15155103 4158660 15155673 4159260
15154875 4271940 15155445 4272540
15153963 4261860 15154533 4262460
15153735 4241220 15154305 4241820
15153051 4327620 15153621 4328220
15151683 4211940 15152253 4212540
15150999 4200900 15151569 4201500
15150999 4174500 15151569 4175100
15150087 4145700 15150657 4146300
15160803 4294020 15161943 4294620
15178587 4205700 15179157 4206780
15173457 4213380 15174027 4214460
15171291 4285380 15171861 4286460
15166503 4304580 15167073 4305660
15166503 4290180 15167073 4291260
15166503 4188420 15167073 4189500
15161715 4247940 15162285 4249020
15161715 4160580 15162285 4161660
15159435 4268100 15160005 4269180
15154647 4193220 15155217 4194300
15183945 4395300 15192723 4396860
15183945 4390500 15192723 4392060
15183945 4385700 15192723 4387260
15183945 4380900 15192723 4382460
15183945 4376100 15192723 4377660
15183945 4371300 15192723 4372860
15183945 4366500 15192723 4368060
15183945 4361700 15192723 4363260
15183945 4356900 15192723 4358460
15183945 4299300 15192723 4300860
15183945 4241700 15192723 4243260
15183945 4227300 15192723 4228860
15183945 4140900 15192723 4142460
15194319 4232580 15198651 4233180
15194319 4230660 15198651 4231260
15148149 4328580 15152481 4329180
15146781 4147140 15151113 4147740
15196257 4197540 15198651 4199100
15196257 4160100 15198651 4161660
15146781 4334340 15148263 4334940
15146781 4295460 15148263 4296060
15146781 4273860 15148263 4274460
15146781 4267620 15148263 4268220
15146781 4266180 15148263 4266780
15146781 4261380 15148263 4261980
15146781 4255140 15148263 4255740
15146781 4253700 15148263 4254300
15146781 4237380 15148263 4237980
15146781 4217220 15148263 4217820
15146781 4209540 15148263 4210140
15146781 4190820 15148263 4191420
15146781 4178340 15148263 4178940
15146781 4152900 15148263 4153500
15146781 4141860 15148263 4142460
15165021 4357380 15166617 4358940
15148149 4198500 15150087 4200060
15178473 4204740 15180753 4205340
15164223 4246500 15166503 4247100
15150429 4257060 15152709 4257660
15155331 4200900 15157839 4201500
15148149 4157220 15150657 4157820
15146781 4205220 15149289 4205820
15181893 4282020 15184059 4282620
15160575 4315620 15162741 4316220
15153051 4140420 15155217 4141020
15198423 4272900 15198651 4274460
15198423 4191300 15198651 4192860
15148149 4139460 15148377 4141020
15198081 4306980 15198651 4308540
15198081 4305060 15198651 4306620
15198081 4295460 15198651 4297020
15198081 4290660 15198651 4292220
15198081 4260900 15198651 4262460
15198081 4257060 15198651 4258620
15198081 4242660 15198651 4244220
15198081 4236900 15198651 4238460
15198081 4225380 15198651 4226940
15198081 4184100 15198651 4185660
15198081 4182180 15198651 4183740
15198081 4180260 15198651 4181820
15198081 4172580 15198651 4174140
15198081 4170660 15198651 4172220
15198081 4146660 15198651 4148220
15198081 4144740 15198651 4146300
15196257 4280100 15198651 4280700
15196257 4228260 15198651 4228860
15196257 4223460 15198651 4224060
15196257 4218660 15198651 4219260
15196257 4199460 15198651 4200060
15196257 4194660 15198651 4195260
15196257 4179300 15198651 4179900
15196257 4165860 15198651 4166460
15174483 4285860 15176877 4286460
15165591 4138980 15167985 4139580
15175965 4146180 15197967 4146780
15175395 4180740 15197397 4181340
15175167 4274820 15197169 4275420
15175167 4150980 15197169 4151580
15174939 4164420 15196941 4165020
15146781 4346340 15168783 4346940
15171747 4264740 15173115 4265340
15171747 4262340 15173115 4262940
15171747 4260420 15173115 4261020
15171747 4257540 15173115 4258140
15167643 4191780 15169011 4192380
15164451 4205220 15165819 4205820
15164337 4268580 15165705 4269180
15176535 4222020 15177561 4222620
15174939 4198980 15175965 4199580
15162855 4281540 15163881 4282140
15161259 4140420 15162285 4141020
15159891 4183620 15160917 4184220
15156471 4205700 15157497 4206300
15178473 4211460 15179157 4212060
15178245 4285860 15178929 4286460
15174369 4194180 15175053 4194780
15173685 4295940 15174369 4296540
15173685 4195140 15174369 4195740
15171177 4142820 15171861 4143420
15168897 4198500 15169581 4199100
15164109 4216740 15164793 4217340
15163881 4265700 15164565 4266300
15161601 4258500 15162285 4259100
15161601 4246020 15162285 4246620
15161601 4145700 15162285 4146300
15159207 4183140 15159891 4183740
15159093 4247460 15159777 4248060
15158979 4238340 15159663 4238940
15156585 4207140 15157269 4207740
15149859 4153380 15150543 4153980
15461307 4192260 15462105 4192860
15160803 4162020 15161601 4162620
15156471 4297860 15157269 4298460
15148149 4318980 15150201 4319580
15148149 4305060 15150201 4305660
15148149 4284420 15150201 4285020
15148149 4230180 15150201 4230780
15148149 4208100 15150201 4208700
15148149 4193700 15150201 4194300
15148149 4163460 15150201 4164060
15148149 4151460 15150201 4152060
15148149 4138020 15150201 4138620
15172431 4269060 15173229 4269660
15169011 4271940 15169809 4272540
15149061 4218180 15149859 4218780
15148149 4161540 15148947 4162140
15146781 4356420 15147579 4357020
15146781 4138500 15147579 4139100
15183831 4282980 15185427 4283580
15183831 4197540 15185427 4198140
15165021 4219140 15166617 4219740
15461193 4193220 15461421 4193820
15176307 4222980 15176535 4223580
15173229 4283940 15173457 4284540
15170265 4282020 15170493 4282620
15168441 4146660 15168669 4147260
15167985 4301700 15168213 4302300
15162969 4292580 15163197 4293180
15162627 4212900 15162855 4213500
15162627 4144740 15162855 4145340
15159549 4358820 15159777 4359420
15156129 4309860 15156357 4310460
15156129 4179300 15156357 4179900
15154647 4282500 15154875 4283100
15153051 4326660 15153279 4327260
15148833 4140900 15149061 4141500
15148149 4240260 15148377 4240860
15148149 4211940 15148377 4212540
15164793 4242180 15166617 4242780
15198195 4286340 15198651 4286940
15198195 4213380 15198651 4213980
15198195 4190340 15198651 4190940
15198195 4187460 15198651 4188060
15198195 4176900 15198651 4177500
15198195 4168260 15198651 4168860
15183603 4284900 15184059 4285500
15178815 4226340 15179271 4226940
15173799 4193220 15174255 4193820
15173685 4201380 15174141 4201980
15171975 4197060 15172431 4197660
15169125 4200420 15169581 4201020
15166731 4140900 15167187 4141500
15166617 4241700 15167073 4242300
15165705 4282980 15166161 4283580
15165477 4204260 15165933 4204860
15165135 4210020 15165591 4210620
15163881 4272420 15164337 4273020
15161829 4273380 15162285 4273980
15161715 4316580 15162171 4317180
15161601 4319940 15162057 4320540
15161145 4258020 15161601 4258620
15160119 4278180 15160575 4278780
15159321 4197540 15159777 4198140
15159093 4309380 15159549 4309980
15157041 4260420 15157497 4261020
15155901 4290660 15156357 4291260
15154647 4241220 15155103 4241820
15154647 4144260 15155103 4144860
15154533 4274340 15154989 4274940
15152253 4333860 15152709 4334460
15151569 4144740 15152025 4145340
15150885 4250340 15151341 4250940
15150885 4234980 15151341 4235580
15149859 4279140 15150315 4279740
15149061 4158180 15149517 4158780
15188391 4136580 15197625 4137180
15164223 4266660 15167073 4267260
15146781 4156260 15149631 4156860
15336021 4192260 15440559 4192860
15455037 4192260 15460623 4192860
15192837 4281540 15198423 4282140
15192609 4285860 15198195 4286460
15192609 4284900 15198195 4285500
15192609 4155780 15198195 4156380
15192609 4151940 15198195 4152540
15192495 4237380 15198081 4237980
15146781 4137060 15152367 4137660
15298401 4396260 15327699 4396860
15169011 4251780 15198309 4252380
15149859 4343460 15179157 4344060
15165135 4327620 15166617 4329180
15173343 4161540 15174597 4162140
15158523 4329060 15159777 4329660
15463815 4193220 15466209 4193820
15463815 4192260 15466209 4192860
15164223 4249860 15166617 4250460
15164223 4247940 15166617 4248540
15196713 4142340 15198651 4142940
15195687 4395780 15197625 4396380
15195687 4252740 15197625 4253340
15195687 4185540 15197625 4186140
15195687 4141380 15197625 4141980
15195687 4137540 15197625 4138140
15195003 4208580 15196941 4209180
15166503 4209540 15168441 4210140
15162627 4257060 15164565 4257660
15161259 4246980 15163197 4247580
15159435 4152900 15161373 4153500
15155103 4285380 15157041 4285980
15152139 4301220 15154077 4301820
15198081 4293060 15198651 4293660
15198081 4244580 15198651 4245180
15198081 4227300 15198651 4227900
15198081 4224420 15198651 4225020
15198081 4157700 15198651 4158300
15183489 4223460 15184059 4224060
15176307 4283460 15176877 4284060
15174255 4157700 15174825 4158300
15173799 4197540 15174369 4198140
15173799 4167300 15174369 4167900
15172887 4284900 15173457 4285500
15171747 4214820 15172317 4215420
15166503 4232580 15167073 4233180
15166503 4193220 15167073 4193820
15166503 4176900 15167073 4177500
15166503 4146180 15167073 4146780
15165819 4283940 15166389 4284540
15164679 4333380 15165249 4333980
15164679 4252740 15165249 4253340
15164679 4248900 15165249 4249500
15164679 4150020 15165249 4150620
15161943 4271940 15162513 4272540
15161715 4217220 15162285 4217820
15159663 4319940 15160233 4320540
15159435 4262340 15160005 4262940
15157839 4269540 15158409 4270140
15156927 4299300 15157497 4299900
15149631 4251300 15150201 4251900
15149631 4201860 15150201 4202460
15164907 4336260 15166617 4336860
15164907 4324740 15166617 4325340
15164907 4285380 15166617 4285980
15164907 4262340 15166617 4262940
15164907 4162500 15166617 4163100
15164907 4148100 15166617 4148700
15164907 4140420 15166617 4141020
15198309 4285380 15198651 4285980
15178815 4197060 15179157 4197660
15174255 4200420 15174597 4201020
15174255 4163940 15174597 4164540
15171519 4280100 15171861 4280700
15170835 4178340 15171177 4178940
15170607 4221060 15170949 4221660
15169467 4293540 15169809 4294140
15169011 4223460 15169353 4224060
15166959 4172580 15167301 4173180
15164223 4282020 15164565 4282620
15164223 4270980 15164565 4271580
15164223 4242180 15164565 4242780
15163995 4269540 15164337 4270140
15163311 4222980 15163653 4223580
15162399 4317540 15162741 4318140
15161031 4317060 15161373 4317660
15161031 4199940 15161373 4200540
15160119 4290180 15160461 4290780
15160005 4141860 15160347 4142460
15157611 4241220 15157953 4241820
15157611 4207140 15157953 4207740
15154647 4278660 15154989 4279260
15152139 4297380 15152481 4297980
15149859 4297380 15150201 4297980
15149859 4270020 15150201 4270620
15149859 4257540 15150201 4258140
15149859 4205700 15150201 4206300
15149859 4182180 15150201 4182780
15182919 4285860 15183945 4286460
15182463 4280100 15183489 4280700
15174939 4294020 15175965 4294620
15173799 4293540 15174825 4294140
15171519 4270020 15172545 4270620
15167985 4300740 15169011 4301340
15166503 4276740 15167529 4277340
15166503 4256580 15167529 4257180
15166503 4218180 15167529 4218780
15166503 4150980 15167529 4151580
15165819 4265700 15166845 4266300
15165363 4141860 15166389 4142460
15164223 4275300 15165249 4275900
15163539 4139940 15164565 4140540
15162855 4195140 15163881 4195740
15161145 4318020 15162171 4318620
15161145 4197540 15162171 4198140
15161031 4318980 15162057 4319580
15159891 4252260 15160917 4252860
15150315 4189380 15151341 4189980
15148149 4191780 15149175 4192380
15148149 4172100 15149175 4172700
15146781 4285860 15147807 4286460
15146781 4172580 15147807 4173180
15146781 4139940 15147807 4140540
15228291 4204260 15239349 4204860
15187365 4270980 15198423 4271580
15187251 4266180 15198309 4266780
15186795 4184580 15197853 4185180
15186567 4238340 15197625 4238940
15186111 4261380 15197169 4261980
15185199 4305540 15196257 4306140
15166503 4332420 15195801 4333980
15166503 4318020 15195801 4319580
15166503 4174980 15195801 4176540
15162741 4347300 15177447 4348860
15161373 4395300 15176079 4396860
15161373 4390500 15176079 4392060
15161373 4385700 15176079 4387260
15161373 4380900 15176079 4382460
15161373 4376100 15176079 4377660
15161373 4371300 15176079 4372860
15161373 4366500 15176079 4368060
15240603 4204260 15242085 4204860
15165135 4337220 15166617 4337820
15165135 4321860 15166617 4322460
15165135 4277700 15166617 4278300
15165135 4254660 15166617 4255260
15165135 4159620 15166617 4160220
15165135 4152900 15166617 4153500
15165135 4145220 15166617 4145820
15194775 4268100 15198537 4268700
15194547 4216260 15198309 4216860
15194091 4211460 15197853 4212060
15193863 4209540 15197625 4210140
15193179 4170180 15196941 4170780
15178587 4208100 15182349 4208700
15172203 4212420 15175965 4213020
15166503 4177860 15170265 4178460
15152139 4313700 15155901 4314300
15148149 4175940 15151911 4176540
15146781 4289700 15150543 4290300
15146781 4362180 15161487 4363260
15146781 4357380 15161487 4358460
15440445 4193220 15455151 4193820
15183831 4189380 15198537 4189980
15183261 4135620 15197967 4136220
15178245 4182660 15192951 4183260
15168669 4361700 15183375 4362300
15149859 4337220 15164565 4337820
15149175 4356420 15163881 4357020
15146781 4341540 15161487 4342140
15189303 4139460 15196713 4140060
15188391 4312260 15195801 4312860
15174483 4299300 15181893 4299900
15173799 4154340 15181209 4154940
15173571 4269540 15180981 4270140
15172659 4259460 15180069 4260060
15170835 4240740 15178245 4241340
15162969 4312740 15170379 4313340
15149859 4352100 15157269 4352700
