15148149 4312740 15149973 4313340
15148149 4310340 15149973 4310940
15169011 4203300 15170721 4203900
15148491 4247940 15150201 4248540
15149859 4174020 15151797 4174620
15148149 4243620 15149517 4244220
15174939 4190340 15176421 4190940
15148491 4311300 15150201 4311900
15178473 4288260 15193179 4288860
15171975 4258500 15186681 4259100
15166503 4359300 15181209 4359900
15156699 4335780 15171405 4336380
15159891 4251780 15161145 4252380
15167985 4277220 15169581 4277820
15162969 4207140 15164565 4207740
15179955 4259460 15187365 4260060
15175965 4394340 15183375 4394940
15175965 4389540 15183375 4390140
15175965 4384740 15183375 4385340
15175965 4379940 15183375 4380540
15175965 4370340 15183375 4370940
15175965 4365540 15183375 4366140
15177333 4345380 15181095 4345980
15164223 4306020 15167985 4306620
15149859 4155300 15153621 4155900
15163995 4295460 15166845 4296060
15161715 4206180 15164565 4206780
15149859 4316580 15152709 4317180
15148149 4234980 15150999 4235580
15153621 4286340 15154761 4287420
15161487 4233060 15162399 4233660
15168327 4305540 15169125 4306140
15166275 4158180 15167073 4158780
15164451 4170660 15165021 4171260
15154647 4228260 15155673 4228860
15165819 4210980 15166845 4211580
15176763 4191300 15178701 4191900
15172659 4200900 15174597 4201500
15161715 4259940 15163653 4260540
15160119 4148580 15162057 4149180
15153963 4305060 15155901 4305660
15153507 4255140 15155445 4255740
15152367 4225380 15154305 4225980
15150087 4243620 15152025 4244220
15170835 4147140 15171861 4147740
15163881 4289220 15164907 4289820
15161259 4303140 15162285 4303740
15159435 4160580 15160461 4161180
15156471 4221540 15157497 4222140
15151683 4240260 15152709 4240860
15149859 4232580 15150885 4233180
15148947 4211460 15149973 4212060
15175053 4198020 15176421 4199100
15172431 4217220 15173571 4217820
15163197 4213380 15164337 4213980
15162171 4211460 15163311 4212060
15166731 4281060 15167073 4281660
15155787 4270020 15156357 4270620
15169467 4289220 15171063 4290300
15160119 4215300 15161715 4216380
15155673 4153860 15157269 4154940
15153165 4311300 15154761 4312380
15178017 4278180 15178701 4278780
15171633 4212420 15172317 4213020
15160689 4289220 15161373 4289820
15156129 4256580 15156813 4257180
15155331 4188900 15156129 4189500
15149403 4224420 15150201 4225020
15169125 4291140 15170721 4292220
15169239 4180740 15171177 4181820
15162399 4298820 15164337 4299900
15173571 4292100 15175053 4292700
15152139 4286340 15153621 4286940
15152139 4284420 15153621 4285020
15152139 4250820 15153621 4251420
15152139 4182180 15153621 4182780
15181095 4206660 15182121 4207260
15178359 4222500 15179385 4223100
15178359 4209540 15179385 4210140
15177675 4225380 15178701 4225980
15175167 4207620 15176193 4208220
15171519 4276740 15172545 4277340
15171519 4162980 15172545 4163580
15169011 4153860 15170037 4154460
15168783 4282980 15169809 4283580
15167871 4288740 15168897 4289340
15167643 4254180 15168669 4254780
15165591 4143780 15166617 4144380
15165135 4225380 15166161 4225980
15164223 4194660 15165249 4195260
15162855 4238340 15163881 4238940
15159207 4153860 15160233 4154460
15154647 4155780 15155673 4156380
15153735 4169700 15154761 4170300
15152367 4246500 15153393 4247100
15151227 4164900 15152253 4165500
15172431 4162020 15172773 4162620
15170265 4183140 15170607 4183740
15162969 4208580 15163311 4209180
15162969 4154340 15163311 4154940
15160689 4195620 15161031 4196220
15150999 4285380 15151797 4285980
15179043 4192260 15181209 4193340
15176535 4169220 15178701 4170300
15174255 4218180 15176421 4219260
15174027 4155780 15176193 4156860
15171747 4186500 15173913 4187580
15171747 4150020 15173913 4151100
15169467 4295940 15171633 4297020
15169467 4161540 15171633 4162620
15169239 4266180 15171405 4267260
15166959 4219140 15169125 4220220
15166959 4190340 15169125 4191420
15166959 4150020 15169125 4151100
15162171 4268100 15164337 4269180
15162171 4258500 15164337 4259580
15162171 4240260 15164337 4241340
15162171 4201860 15164337 4202940
15162171 4188420 15164337 4189500
15162171 4177860 15164337 4178940
15162171 4148100 15164337 4149180
15162171 4138500 15164337 4139580
15159891 4301700 15162057 4302780
15159891 4273860 15162057 4274940
15159891 4203780 15162057 4204860
15159663 4234500 15161829 4235580
15159663 4219140 15161829 4220220
15159663 4193220 15161829 4194300
15159663 4151940 15161829 4153020
15157383 4330500 15159549 4331580
15157383 4298820 15159549 4299900
15157383 4233540 15159549 4234620
15155103 4192260 15157269 4193340
15155103 4169220 15157269 4170300
15154875 4303620 15157041 4304700
15154875 4277700 15157041 4278780
15154875 4161540 15157041 4162620
15152595 4292100 15154761 4293180
15152595 4164420 15154761 4165500
15152595 4153860 15154761 4154940
15150087 4324740 15152253 4325820
15150087 4293060 15152253 4294140
15150087 4273860 15152253 4274940
15150087 4264260 15152253 4265340
15150087 4228740 15152253 4229820
15150087 4215300 15152253 4216380
15150087 4212420 15152253 4213500
15150087 4170180 15152253 4171260
15177447 4196580 15178701 4197180
15172431 4189380 15173685 4189980
15170379 4231140 15171633 4231740
15165591 4298340 15166845 4298940
15164223 4137060 15165477 4137660
15157839 4137540 15159093 4138140
15155331 4271940 15156585 4272540
15153507 4215780 15154761 4216380
15162627 4197060 15164223 4198140
15160347 4283460 15161943 4284540
15157953 4202820 15159549 4203900
15155673 4199940 15157269 4201020
15160119 4306500 15161145 4307100
15167757 4232100 15167985 4232700
15158181 4179780 15158409 4180380
15157953 4226340 15158181 4226940
15151227 4148100 15151455 4148700
15177105 4211460 15177561 4212060
15166503 4237860 15166959 4238460
15164109 4204260 15164565 4204860
15162855 4199940 15163311 4200540
15162399 4320900 15162855 4321500
15159321 4146180 15159777 4146780
15158067 4310820 15158523 4311420
15152709 4204740 15153165 4205340
15150885 4291620 15151341 4292220
15177447 4216260 15178473 4216860
15175395 4230180 15176421 4230780
15175395 4210020 15176421 4210620
15174255 4205220 15175281 4205820
15172431 4209060 15173457 4209660
15170379 4282020 15171405 4282620
15168099 4301700 15169125 4302300
15167415 4178820 15168441 4179420
15166959 4162020 15167985 4162620
15162627 4249380 15163653 4249980
15162399 4325700 15163425 4326300
15162171 4330020 15163197 4330620
15160119 4324740 15161145 4325340
15159891 4330020 15160917 4330620
15159891 4224420 15160917 4225020
15159663 4265220 15160689 4265820
15158523 4291140 15159549 4291740
15158523 4232580 15159549 4233180
15158295 4314180 15159321 4314780
15158295 4240260 15159321 4240860
15156243 4290660 15157269 4291260
15154875 4301220 15155901 4301820
15153735 4289700 15154761 4290300
15152595 4279140 15153621 4279740
15152595 4196100 15153621 4196700
15151455 4254180 15152481 4254780
15151455 4200900 15152481 4201500
15151227 4208580 15152253 4209180
15150999 4210980 15152025 4211580
15175623 4210980 15176421 4211580
15172203 4179780 15173001 4180380
15170835 4191300 15171633 4191900
15169239 4154820 15170037 4155420
15169011 4164420 15169809 4165020
15167415 4145220 15168213 4145820
15164223 4321380 15165021 4321980
15163083 4183620 15163881 4184220
15161943 4254660 15162741 4255260
15161259 4330980 15162057 4331580
15160347 4163940 15161145 4164540
15160347 4138500 15161145 4139100
15159435 4334340 15160233 4334940
15159435 4167300 15160233 4167900
15159435 4154820 15160233 4155420
15158751 4292100 15159549 4292700
15158751 4288740 15159549 4289340
15158523 4258020 15159321 4258620
15158295 4205220 15159093 4205820
15158067 4308900 15158865 4309500
15153963 4163460 15154761 4164060
15152823 4236900 15153621 4237500
15152367 4140420 15153165 4141020
15151683 4234500 15152481 4235100
15150543 4307940 15151341 4308540
15179499 4215300 15181095 4216380
15179499 4210500 15181095 4211580
15179157 4225860 15180753 4226940
15176991 4204740 15178587 4205820
15176877 4185540 15178473 4186620
15176763 4201860 15178359 4202940
15174483 4182660 15176079 4183740
15171975 4181700 15173571 4182780
15171633 4277700 15173229 4278780
15171633 4272900 15173229 4273980
15169695 4275780 15171291 4276860
15169695 4216260 15171291 4217340
15169467 4211460 15171063 4212540
15167415 4295940 15169011 4297020
15167415 4166340 15169011 4167420
15167187 4287300 15168783 4288380
15167187 4163460 15168783 4164540
15167073 4152900 15168669 4153980
15162741 4326660 15164337 4327740
15162741 4262340 15164337 4263420
15162741 4253700 15164337 4254780
15162741 4230660 15164337 4231740
15162741 4193220 15164337 4194300
15162741 4166340 15164337 4167420
15162057 4308420 15163653 4309500
15161487 4186500 15163083 4187580
15160347 4322820 15161943 4323900
15160005 4307460 15161601 4308540
15159891 4225860 15161487 4226940
15159777 4182660 15161373 4183740
15159663 4197060 15161259 4198140
15158979 4243140 15160575 4244220
15157953 4307460 15159549 4308540
15157953 4296900 15159549 4297980
15157953 4263300 15159549 4264380
15157839 4326660 15159435 4327740
15157839 4157700 15159435 4158780
15156699 4238340 15158295 4239420
15155673 4311300 15157269 4312380
15155673 4287300 15157269 4288380
15155673 4280580 15157269 4281660
15155673 4251780 15157269 4252860
15155673 4233540 15157269 4234620
15155559 4326660 15157155 4327740
15155559 4284420 15157155 4285500
15155559 4174980 15157155 4176060
15155445 4213380 15157041 4214460
15155217 4324740 15156813 4325820
15155103 4243140 15156699 4244220
15154989 4241220 15156585 4242300
15154989 4144260 15156585 4145340
15154875 4156740 15156471 4157820
15153165 4326660 15154761 4327740
15153051 4265220 15154647 4266300
15153051 4229700 15154647 4230780
15152937 4233540 15154533 4234620
15152823 4308420 15154419 4309500
15152823 4172100 15154419 4173180
15152709 4199940 15154305 4201020
15150543 4156740 15152139 4157820
15175623 4214820 15176649 4215420
15168327 4285380 15169353 4285980
15161487 4324740 15162513 4325340
15156471 4141380 15157497 4141980
15151683 4299780 15152709 4300380
15181779 4217220 15182349 4217820
15179271 4201860 15179841 4202460
15176535 4152900 15177105 4153500
15174027 4162980 15174597 4163580
15173799 4224420 15174369 4225020
15173115 4191780 15173685 4192380
15171519 4263780 15172089 4264380
15171519 4203300 15172089 4203900
15167871 4180740 15168441 4181340
15164223 4313700 15164793 4314300
15163767 4250340 15164337 4250940
15163539 4175940 15164109 4176540
15162627 4204260 15163197 4204860
15161943 4263300 15162513 4263900
15161031 4265220 15161601 4265820
15160119 4233060 15160689 4233660
15158523 4284420 15159093 4285020
15157839 4196100 15158409 4196700
15157611 4194180 15158181 4194780
15156243 4253700 15156813 4254300
15155559 4240260 15156129 4240860
15155331 4135620 15155901 4136220
15154647 4214340 15155217 4214940
15154647 4136580 15155217 4137180
15154191 4177860 15154761 4178460
15153963 4195620 15154533 4196220
15152367 4176420 15152937 4177020
15152367 4158660 15152937 4159260
15151911 4276740 15152481 4277340
15151455 4312260 15152025 4312860
15149859 4289220 15150429 4289820
15149859 4200900 15150429 4201500
15149403 4147620 15149973 4148220
15178815 4186500 15179385 4187100
15177219 4210500 15177789 4211100
15176535 4278660 15177105 4279260
15175167 4191300 15175737 4191900
15174939 4149060 15175509 4149660
15172887 4203780 15173457 4204380
15172431 4281540 15173001 4282140
15172431 4231620 15173001 4232220
15170835 4214340 15171405 4214940
15169467 4230660 15170037 4231260
15166959 4147140 15167529 4147740
15163767 4300260 15164337 4300860
15163539 4204740 15164109 4205340
15163539 4145220 15164109 4145820
15162855 4291620 15163425 4292220
15162627 4306020 15163197 4306620
15158523 4312260 15159093 4312860
15157839 4328580 15158409 4329180
15157383 4264260 15157953 4264860
15156471 4183620 15157041 4184220
15156015 4160100 15156585 4160700
15155559 4291140 15156129 4291740
15154191 4143300 15154761 4143900
15153507 4281540 15154077 4282140
15151911 4143300 15152481 4143900
15151683 4271940 15152253 4272540
15151455 4275300 15152025 4275900
15151455 4198020 15152025 4198620
15173799 4220100 15174369 4221180
15161943 4287300 15162513 4288380
15161031 4312260 15161601 4313340
15159435 4200900 15160005 4201980
15154647 4137540 15155217 4138620
15183945 4347300 15192723 4348860
15156813 4255140 15161145 4255740
15148149 4332420 15152481 4333020
15148149 4321860 15152481 4322460
15148149 4266180 15152481 4266780
15148149 4238820 15152481 4239420
15146781 4306020 15151113 4306620
15146781 4354500 15148263 4355100
15146781 4335780 15148263 4336380
15146781 4303140 15148263 4303740
15146781 4246020 15148263 4246620
15146781 4207140 15148263 4207740
15167415 4214340 15169695 4214940
15160917 4145220 15163197 4145820
15154533 4249380 15156813 4249980
15178017 4188900 15180525 4189500
15167415 4215300 15169923 4215900
15160917 4160100 15163425 4160700
15158979 4181220 15161487 4181820
15157041 4212900 15159549 4213500
15148149 4213860 15150657 4214460
15148149 4178340 15150657 4178940
15148149 4165860 15150657 4166460
15146781 4281060 15149289 4281660
15167415 4207620 15169581 4208220
15166503 4155780 15168669 4156380
15160689 4146180 15162855 4146780
15198081 4297380 15198651 4298940
15159435 4149540 15160005 4151100
15174483 4147140 15198309 4147740
15174711 4286820 15177105 4287420
15171519 4290660 15173913 4291260
15171063 4159620 15173457 4160220
15168555 4259940 15170949 4260540
15167415 4226820 15169809 4227420
15161943 4277700 15164337 4278300
15155331 4247460 15157725 4248060
15176307 4295940 15198309 4296540
15176079 4171140 15198081 4171740
15174939 4231620 15196941 4232220
15174483 4233540 15196485 4234140
15173115 4271940 15195117 4272540
15161943 4174500 15183945 4175100
15161373 4357860 15183375 4358460
15183375 4191780 15185427 4192380
15170379 4257060 15171747 4257660
15162627 4265700 15163995 4266300
15162171 4273380 15163539 4273980
15170835 4287300 15171861 4287900
15166959 4183620 15167985 4184220
15164223 4279620 15165249 4280220
15158751 4319940 15159777 4320540
15197967 4282500 15198651 4283100
15183375 4198500 15184059 4199100
15174825 4284420 15175509 4285020
15169467 4192740 15170151 4193340
15168897 4300740 15169581 4301340
15168897 4274820 15169581 4275420
15167301 4282020 15167985 4282620
15166503 4231620 15167187 4232220
15164109 4157220 15164793 4157820
15159093 4316100 15159777 4316700
15159093 4256100 15159777 4256700
15159093 4209540 15159777 4210140
15156927 4272420 15157611 4273020
15152253 4147620 15152937 4148220
15147693 4216740 15148377 4217340
15172203 4268100 15173001 4268700
15160347 4161540 15161145 4162140
15157155 4314180 15157953 4314780
15155331 4329540 15156129 4330140
15196599 4284420 15198651 4285020
15160803 4189860 15162855 4190460
15156357 4289700 15158409 4290300
15155331 4261380 15157383 4261980
15148149 4328100 15150201 4328700
15148149 4278180 15150201 4278780
15148149 4267140 15150201 4267740
15148149 4261860 15150201 4262460
15148149 4233540 15150201 4234140
15148149 4226340 15150201 4226940
15148149 4220580 15150201 4221180
15148149 4210020 15150201 4210620
15148149 4202340 15150201 4202940
15148149 4190820 15150201 4191420
15148149 4183620 15150201 4184220
15148149 4146180 15150201 4146780
15165021 4373700 15166617 4374300
15165021 4340100 15166617 4340700
15461193 4192260 15461421 4192860
15174141 4236900 15174369 4237500
15170265 4167780 15170493 4168380
15170037 4155780 15170265 4156380
15163197 4170660 15163425 4171260
15156129 4180260 15156357 4180860
15155217 4171140 15155445 4171740
15149745 4218180 15149973 4218780
15183603 4249380 15185427 4249980
15183603 4230180 15185427 4230780
15183603 4201380 15185427 4201980
15183603 4177380 15185427 4177980
15164793 4271940 15166617 4272540
15164793 4180740 15166617 4181340
15183603 4269540 15184059 4270140
15176193 4217220 15176649 4217820
15168669 4267620 15169125 4268220
15164109 4153380 15164565 4153980
15162969 4155780 15163425 4156380
15161943 4244100 15162399 4244700
15161829 4294020 15162285 4294620
15160119 4287300 15160575 4287900
15159891 4185540 15160347 4186140
15157155 4180740 15157611 4181340
15155331 4322340 15155787 4322940
15154647 4174020 15155103 4174620
15152823 4226340 15153279 4226940
15152595 4187460 15153051 4188060
15152253 4160580 15152709 4161180
15149859 4149540 15150315 4150140
15149061 4283940 15149517 4284540
15148149 4294500 15157383 4295100
15463473 4378980 15466323 4379580
15463473 4338660 15466323 4339260
15174939 4221540 15177789 4222140
15174255 4290180 15177105 4290780
15172431 4295460 15175281 4296060
15172203 4294500 15175053 4295100
15164223 4251300 15167073 4251900
15161943 4256580 15164793 4257180
15161943 4252740 15164793 4253340
15161829 4142340 15164679 4142940
15159435 4280580 15162285 4281180
15159435 4198500 15162285 4199100
15159435 4171140 15162285 4171740
15152139 4290660 15154989 4291260
15151911 4329060 15154761 4329660
15148149 4329060 15150999 4329660
15192609 4150500 15198195 4151100
15192039 4280580 15197625 4281180
15171063 4282980 15176649 4283580
15169011 4198980 15174597 4199580
15158979 4310340 15164565 4310940
15158067 4242180 15163653 4242780
15156927 4317540 15162513 4318140
15156699 4300260 15162285 4300860
15156243 4190820 15161829 4191420
15153621 4159140 15159207 4159740
15149631 4203300 15155217 4203900
15168327 4247940 15197625 4248540
15167643 4246020 15196941 4246620
15166503 4252740 15195801 4253340
15148149 4351140 15177447 4351740
15165135 4355460 15166617 4357020
15165135 4329540 15166617 4331100
15165135 4325700 15166617 4327260
15165135 4315140 15166617 4316700
15165135 4233540 15166617 4235100
15165135 4184580 15166617 4186140
15165135 4177860 15166617 4179420
15165135 4171140 15166617 4172700
15165135 4138500 15166617 4140060
15175623 4292580 15176877 4293180
15166503 4142340 15167757 4142940
15163995 4257540 15165249 4258140
15158751 4252740 15160005 4253340
15156471 4323780 15157725 4324380
15149175 4138500 15150429 4139100
15188391 4393860 15195801 4395420
15188391 4389060 15195801 4390620
15188391 4384260 15195801 4385820
15188391 4379460 15195801 4381020
15188391 4369860 15195801 4371420
15188391 4365060 15195801 4366620
15164223 4246020 15166617 4246620
15164223 4217220 15166617 4217820
15164223 4214340 15166617 4214940
15164223 4209540 15166617 4210140
15164223 4151940 15166617 4152540
15164223 4150980 15166617 4151580
15461991 4193220 15463929 4193820
15181095 4204260 15183033 4204860
15180981 4202820 15182919 4203420
15176307 4228260 15178245 4228860
15175851 4203300 15177789 4203900
15175395 4222500 15177333 4223100
15173115 4226340 15175053 4226940
15173115 4151460 15175053 4152060
15171519 4202340 15173457 4202940
15169923 4165860 15171861 4166460
15167187 4230660 15169125 4231260
15166503 4261380 15168441 4261980
15166503 4221060 15168441 4221660
15162627 4163460 15164565 4164060
15161943 4172580 15163881 4173180
15161715 4245540 15163653 4246140
15161487 4271460 15163425 4272060
15159891 4257540 15161829 4258140
15159435 4267620 15161373 4268220
15159435 4175940 15161373 4176540
15159207 4321380 15161145 4321980
15158979 4168740 15160917 4169340
15158751 4276740 15160689 4277340
15158523 4281540 15160461 4282140
15158523 4156260 15160461 4156860
15157155 4306020 15159093 4306620
15157155 4197060 15159093 4197660
15157155 4165860 15159093 4166460
15157155 4150020 15159093 4150620
15156927 4279620 15158865 4280220
15156927 4151940 15158865 4152540
15156813 4207620 15158751 4208220
15156813 4182180 15158751 4182780
15156699 4320900 15158637 4321500
15156243 4292580 15158181 4293180
15155559 4308420 15157497 4309020
15154647 4316100 15156585 4316700
15154191 4151940 15156129 4152540
15153963 4297380 15155901 4297980
15153849 4185060 15155787 4185660
15153051 4276260 15154989 4276860
15153051 4269540 15154989 4270140
15152823 4280580 15154761 4281180
15152367 4232100 15154305 4232700
15152139 4197060 15154077 4197660
15152139 4188420 15154077 4189020
15149859 4281540 15151797 4282140
15149859 4141860 15151797 4142460
15149631 4196580 15151569 4197180
15148491 4227780 15150429 4228380
15148149 4292100 15150087 4292700
15148149 4199940 15150087 4200540
15148149 4161060 15150087 4161660
15198081 4155780 15198651 4156380
15178587 4197540 15179157 4198140
15171519 4271460 15172089 4272060
15169011 4193700 15169581 4194300
15166503 4268100 15167073 4268700
15166503 4244580 15167073 4245180
15166275 4250340 15166845 4250940
15163995 4246980 15164565 4247580
15161943 4195620 15162513 4196220
15161715 4282500 15162285 4283100
15160803 4246020 15161373 4246620
15160347 4294020 15160917 4294620
15160119 4143300 15160689 4143900
15159435 4314660 15160005 4315260
15159435 4270980 15160005 4271580
15156927 4171140 15157497 4171740
15156927 4155300 15157497 4155900
15156699 4264740 15157269 4265340
15155559 4318980 15156129 4319580
15155331 4323780 15155901 4324380
15154647 4252740 15155217 4253340
15154647 4140900 15155217 4141500
15154419 4332900 15154989 4333500
15152595 4260900 15153165 4261500
15152367 4285380 15152937 4285980
15152367 4185060 15152937 4185660
15152139 4191300 15152709 4191900
15150543 4277220 15151113 4277820
15150543 4271940 15151113 4272540
15149631 4206180 15150201 4206780
15149631 4163940 15150201 4164540
15164907 4304580 15166617 4305180
15164907 4293060 15166617 4293660
15164907 4283460 15166617 4284060
15164907 4255620 15166617 4256220
15164907 4246980 15166617 4247580
15164907 4230660 15166617 4231260
15164907 4227780 15166617 4228380
15164907 4215300 15166617 4215900
15164907 4192260 15166617 4192860
15164907 4176900 15166617 4177500
15164907 4169220 15166617 4169820
15171519 4260420 15171861 4261020
15169695 4144740 15170037 4145340
15169011 4142820 15169353 4143420
15167415 4191780 15167757 4192380
15167187 4283940 15167529 4284540
15164223 4267140 15164565 4267740
15163539 4297860 15163881 4298460
15159435 4303140 15159777 4303740
15157383 4256100 15157725 4256700
15154875 4229220 15155217 4229820
15154647 4295940 15154989 4296540
15154647 4171140 15154989 4171740
15154419 4310340 15154761 4310940
15152139 4150980 15152481 4151580
15149859 4315620 15150201 4316220
15149859 4242660 15150201 4243260
15149859 4194660 15150201 4195260
15149859 4140900 15150201 4141500
15173457 4194180 15174483 4194780
15173229 4285380 15174255 4285980
15171519 4204740 15172545 4205340
15170493 4269540 15171519 4270140
15169011 4268580 15170037 4269180
15166503 4266180 15167529 4266780
15165819 4140900 15166845 4141500
15165591 4249380 15166617 4249980
15164109 4219140 15165135 4219740
15163767 4150020 15164793 4150620
15162855 4285860 15163881 4286460
15161943 4221060 15162969 4221660
15161829 4290660 15162855 4291260
15161829 4281540 15162855 4282140
15161715 4212420 15162741 4213020
15161031 4228740 15162057 4229340
15160803 4220580 15161829 4221180
15160575 4223460 15161601 4224060
15160575 4155300 15161601 4155900
15159435 4328580 15160461 4329180
15158979 4189380 15160005 4189980
15158523 4294500 15159549 4295100
15157155 4185060 15158181 4185660
15156813 4208580 15157839 4209180
15156699 4329060 15157725 4329660
15156471 4319940 15157497 4320540
15156471 4295940 15157497 4296540
15154419 4208580 15155445 4209180
15153051 4141860 15154077 4142460
15152139 4304580 15153165 4305180
15152139 4252740 15153165 4253340
15151683 4189380 15152709 4189980
15149631 4185540 15150657 4186140
15148491 4154820 15149517 4155420
15148149 4218180 15149175 4218780
15148149 4171620 15149175 4172220
15148149 4157700 15149175 4158300
15187593 4260420 15198651 4261020
15187023 4144260 15198081 4144860
15185427 4243140 15196485 4243740
15165135 4187940 15176193 4188540
15166503 4371780 15195801 4373340
15166503 4342020 15195801 4343580
15166503 4337220 15195801 4338780
15166503 4327620 15195801 4329180
15166503 4323780 15195801 4325340
15166503 4313220 15195801 4314780
15181095 4309380 15195801 4310940
15171519 4241220 15186225 4242780
15166503 4321860 15181209 4323420
15165135 4308420 15166617 4309020
15165135 4299780 15166617 4300380
15165135 4296900 15166617 4297500
15165135 4284420 15166617 4285020
15165135 4270980 15166617 4271580
15165135 4243140 15166617 4243740
15165135 4241220 15166617 4241820
15165135 4235460 15166617 4236060
15165135 4226820 15166617 4227420
15165135 4222980 15166617 4223580
15165135 4218180 15166617 4218780
15165135 4203780 15166617 4204380
15165135 4189380 15166617 4189980
15165135 4173060 15166617 4173660
15165135 4161540 15166617 4162140
15165135 4156740 15166617 4157340
15459483 4266180 15463245 4266780
15456177 4192740 15459939 4193340
15176991 4195140 15180753 4195740
15176079 4223940 15179841 4224540
15171975 4232580 15175737 4233180
15171519 4148100 15175281 4148700
15170151 4280580 15173913 4281180
15169695 4298340 15173457 4298940
15169695 4284420 15173457 4285020
15169695 4218660 15173457 4219260
15169011 4206660 15172773 4207260
15167643 4217700 15171405 4218300
15167415 4279620 15171177 4280220
15167415 4210020 15171177 4210620
15167415 4196100 15171177 4196700
15166617 4233060 15170379 4233660
15166503 4294020 15170265 4294620
15166503 4225860 15170265 4226460
15166047 4186980 15169809 4187580
15165591 4258980 15169353 4259580
15165477 4200420 15169239 4201020
15165135 4303140 15168897 4303740
15164451 4285860 15168213 4286460
15163197 4198500 15166959 4199100
15161943 4276260 15165705 4276860
15161487 4143300 15165249 4143900
15160689 4236900 15164451 4237500
15160119 4140900 15163881 4141500
15159435 4313700 15163197 4314300
15158751 4261860 15162513 4262460
15157839 4248900 15161601 4249500
15157155 4249860 15160917 4250460
15157155 4227780 15160917 4228380
15157155 4186980 15160917 4187580
15156927 4216740 15160689 4217340
15156699 4136580 15160461 4137180
15156129 4163460 15159891 4164060
15155559 4177380 15159321 4177980
15155103 4211460 15158865 4212060
15155103 4198020 15158865 4198620
15154647 4258980 15158409 4259580
15154647 4178820 15158409 4179420
15154647 4173060 15158409 4173660
15154419 4266660 15158181 4267260
15154191 4206180 15157953 4206780
15153963 4201380 15157725 4201980
15153051 4186980 15156813 4187580
15152367 4263780 15156129 4264380
15152367 4149060 15156129 4149660
15152139 4179780 15155901 4180380
15151227 4165860 15154989 4166460
15149859 4319940 15153621 4320540
15149859 4270980 15153621 4271580
15149859 4241700 15153621 4242300
15149859 4167780 15153621 4168380
15148491 4263300 15152253 4263900
15148491 4160100 15152253 4160700
15148149 4318500 15151911 4319100
15148149 4314180 15151911 4314780
15148149 4304100 15151911 4304700
15148149 4287780 15151911 4288380
15148149 4258500 15151911 4259100
15148149 4249860 15151911 4250460
15148149 4231140 15151911 4231740
15148149 4204740 15151911 4205340
15148149 4181220 15151911 4181820
15148149 4162020 15151911 4162620
15148149 4153860 15151911 4154460
15146781 4299780 15150543 4300380
15146781 4269540 15150543 4270140
15146781 4236900 15150543 4237500
15146781 4176420 15150543 4177020
15146781 4374660 15161487 4376700
15168669 4307460 15183375 4308540
15168669 4135620 15183375 4136700
15148149 4352580 15162855 4353660
15146781 4371780 15161487 4372860
15440445 4266180 15455151 4266780
15183489 4293060 15198195 4293660
15183147 4199940 15197853 4200540
15183033 4194180 15197739 4194780
15182007 4195140 15196713 4195740
15182007 4188420 15196713 4189020
15181779 4207620 15196485 4208220
15181095 4197060 15195801 4197660
15181095 4185540 15195801 4186140
15180867 4228740 15195573 4229340
15180867 4226820 15195573 4227420
15180753 4222980 15195459 4223580
15180525 4212420 15195231 4213020
15180411 4223940 15195117 4224540
15179499 4227780 15194205 4228380
15178245 4291140 15192951 4291740
15178245 4285380 15192951 4285980
15178245 4283460 15192951 4284060
15178245 4281540 15192951 4282140
15178131 4290180 15192837 4290780
15178017 4155780 15192723 4156380
15178017 4151940 15192723 4152540
15176991 4300740 15191697 4301340
15173001 4262340 15187707 4262940
15173001 4257540 15187707 4258140
15172659 4266180 15187365 4266780
15171975 4238340 15186681 4238940
15168783 4255140 15183489 4255740
15168099 4250340 15182805 4250940
15167643 4173060 15182349 4173660
15166275 4137060 15180981 4137660
15164907 4331940 15179613 4332540
15148491 4347780 15163197 4348380
15148149 4342980 15162855 4343580
15148149 4339140 15162855 4339740
15327585 4396260 15334995 4396860
15188391 4360260 15195801 4360860
15177903 4220100 15185313 4220700
15176307 4236900 15183717 4237500
15176307 4184100 15183717 4184700
15176079 4311780 15183489 4312380
15176079 4165860 15183489 4166460
15175965 4395300 15183375 4395900
15175965 4390500 15183375 4391100
15175965 4385700 15183375 4386300
15175965 4380900 15183375 4381500
15175965 4376100 15183375 4376700
15175965 4366500 15183375 4367100
15175965 4163460 15183375 4164060
15175965 4148580 15183375 4149180
15175851 4294500 15183261 4295100
15175395 4213860 15182805 4214460
15174711 4145700 15182121 4146300
15174483 4303140 15181893 4303740
15174483 4276260 15181893 4276860
15174483 4168260 15181893 4168860
15174255 4161060 15181665 4161660
15173799 4317060 15181209 4317660
15173799 4275300 15181209 4275900
15173799 4166820 15181209 4167420
15173799 4164900 15181209 4165500
15173799 4159140 15181209 4159740
15173685 4181220 15181095 4181820
15170493 4270500 15177903 4271100
15169011 4177380 15176421 4177980
15168327 4228260 15175737 4228860
15167871 4171140 15175281 4171740
15167415 4139460 15174825 4140060
15166731 4185060 15174141 4185660
15154419 4275300 15161829 4275900
15153963 4331940 15161373 4332540
15152139 4220100 15159549 4220700
15151911 4302180 15159321 4302780
15149859 4355460 15157269 4356060
15149859 4342020 15157269 4342620
15148149 4334340 15155559 4334940
15146781 4337700 15154191 4338300
15146781 4192740 15154191 4193340
