15227493 4319460 15327699 4350300
15227493 4258020 15327699 4288860
15227493 4196580 15327699 4227420
15227493 4135140 15327699 4165980
15227493 4380900 15327699 4396380
15181095 4363140 15195801 4364700
15181095 4358340 15195801 4359900
15334881 4193700 15468375 4224540
15334881 4255140 15468375 4262940
15161943 4294980 15164109 4295580
15161259 4233540 15162057 4234140
15158979 4205220 15163197 4205820
15173571 4191780 15176421 4192380
15172431 4207620 15175281 4208220
15169011 4202820 15171861 4203420
15161715 4232100 15164565 4232700
15159435 4323780 15162285 4324380
15159435 4177860 15162285 4178460
15157155 4251780 15160005 4252380
15164451 4171140 15165249 4172220
15159435 4298820 15160575 4299900
15168555 4155300 15174141 4155900
15156699 4306980 15162285 4307580
15148491 4182660 15154077 4183260
15148149 4272900 15150201 4273500
15148149 4264740 15150201 4265340
15148149 4255140 15150201 4255740
15148149 4186980 15150201 4187580
15149631 4274820 15153051 4275420
15148149 4312260 15151569 4312860
15148149 4302180 15151569 4302780
15148149 4254180 15151569 4254780
15146781 4309860 15150201 4310460
15146781 4301220 15150201 4301820
15146781 4265700 15150201 4266300
15146781 4253220 15150201 4253820
15146781 4168740 15150201 4169340
15170037 4146660 15173457 4147260
15154419 4202820 15157839 4203420
15152367 4287780 15155787 4288380
15148149 4251780 15151569 4252380
15148149 4206660 15151569 4207260
15146781 4185060 15150201 4185660
15180981 4348260 15184059 4348860
15148149 4325700 15149973 4326300
15148149 4300260 15149973 4300860
15148149 4248420 15149973 4249020
15148149 4232580 15149973 4233180
15148149 4201380 15149973 4201980
15148149 4173540 15149973 4174140
15147693 4172580 15149517 4173180
15146781 4316100 15148605 4316700
15146781 4311300 15148605 4311900
15146781 4303620 15148605 4304220
15146781 4291140 15148605 4291740
15146781 4271940 15148605 4272540
15169011 4201380 15170721 4201980
15161943 4221540 15163653 4222140
15161487 4206660 15163197 4207260
15149175 4140420 15150885 4141020
15148947 4236420 15150657 4237020
15148947 4167300 15150657 4167900
15148491 4259460 15150201 4260060
15147807 4243140 15149517 4243740
15147807 4209060 15149517 4209660
15147579 4319940 15149289 4320540
15165135 4393860 15188505 4394460
15165135 4389060 15188505 4389660
15165135 4384260 15188505 4384860
15165135 4379460 15188505 4380060
15165135 4369860 15188505 4370460
15165135 4365060 15188505 4365660
15165135 4360260 15188505 4360860
15165135 4136580 15188505 4137180
15171291 4258980 15182349 4259580
15164907 4321380 15183261 4321980
15149403 4316100 15150885 4316700
15162399 4288740 15164337 4289340
15161715 4259460 15163653 4260060
15159435 4288740 15161373 4289340
15158979 4196580 15160917 4197180
15152139 4251300 15154077 4251900
15164109 4300740 15165249 4301340
15158865 4239780 15160005 4240380
15149859 4142820 15150999 4143420
15173799 4190820 15175053 4191420
15170607 4291140 15171861 4291740
15166959 4301220 15168213 4301820
15161031 4149060 15162285 4149660
15154647 4289220 15155901 4289820
15149859 4174500 15151113 4175100
15149175 4222020 15150429 4222620
15197283 4177860 15198651 4178460
15148149 4330500 15149517 4331100
15148149 4262340 15149517 4262940
15148149 4186020 15149517 4186620
15148149 4143780 15149517 4144380
15169923 4287780 15172317 4288380
15169239 4276740 15171633 4277340
15149403 4234500 15151797 4235100
15175851 4196580 15177561 4197180
15161487 4265220 15163197 4265820
15156927 4312740 15158637 4313340
15152139 4201860 15153849 4202460
15150771 4202820 15152481 4203420
15173115 4201860 15174597 4202460
15172659 4206660 15174141 4207260
15169011 4282500 15170493 4283100
15168099 4211940 15169581 4212540
15158295 4169220 15159777 4169820
15157155 4313700 15158637 4314300
15152367 4285860 15153849 4286460
15150315 4289220 15151797 4289820
15150315 4285860 15151797 4286460
15148947 4211940 15150429 4212540
15164223 4225860 15166617 4226460
15164223 4220100 15166617 4220700
15164223 4213380 15166617 4213980
15166503 4392900 15195801 4393500
15166503 4388100 15195801 4388700
15166503 4383300 15195801 4383900
15166503 4378500 15195801 4379100
15166503 4368900 15195801 4369500
15149859 4339620 15179157 4340220
15182349 4315620 15184059 4316220
15172659 4205220 15174369 4205820
15169923 4263780 15171633 4264380
15169467 4168260 15171177 4168860
15169011 4194180 15170721 4194780
15163311 4176420 15165021 4177020
15160575 4240740 15162285 4241340
15157155 4192740 15158865 4193340
15155787 4244100 15157497 4244700
15152139 4315140 15153849 4315740
15148491 4327620 15150201 4328220
15148491 4250820 15150201 4251420
15148491 4207620 15150201 4208220
15182235 4335780 15184059 4336380
15165135 4243620 15166959 4244220
15178473 4288740 15184059 4289340
15182919 4178820 15197625 4179420
15182235 4217220 15196941 4217820
15182007 4249860 15196713 4250460
15181095 4244100 15195801 4244700
15181095 4138500 15195801 4139100
15176991 4278660 15191697 4279260
15166503 4345860 15181209 4346460
15161373 4375140 15176079 4375740
15181095 4192260 15195801 4192860
15179955 4216260 15194661 4216860
15179727 4230660 15194433 4231260
15179499 4211460 15194205 4212060
15177903 4301700 15192609 4302300
15176991 4152900 15191697 4153500
15174711 4139460 15189417 4140060
15171747 4177860 15186453 4178460
15171519 4235460 15186225 4236060
15170265 4143300 15184971 4143900
15166503 4355460 15181209 4356060
15166503 4336260 15181209 4336860
15166503 4239300 15181209 4239900
15166047 4306980 15180753 4307580
15164907 4316580 15179613 4317180
15161943 4326180 15176649 4326780
15161487 4374180 15176193 4374780
15148149 4354500 15162855 4355100
15148149 4344900 15162855 4345500
15176307 4234500 15177561 4235100
15167871 4306020 15169125 4306620
15164223 4138020 15165477 4138620
15161943 4299780 15163197 4300380
15160119 4232580 15161373 4233180
15158067 4176900 15159321 4177500
15154191 4313220 15155445 4313820
15153507 4312260 15154761 4312860
15153507 4155780 15154761 4156380
15182463 4325220 15184059 4325820
15182463 4239780 15184059 4240380
15182463 4234020 15184059 4234620
15176649 4170180 15178245 4170780
15173343 4287780 15174939 4288380
15162969 4186500 15164565 4187100
15161829 4283460 15163425 4284060
15161373 4235460 15162969 4236060
15160803 4183620 15162399 4184220
15160461 4243140 15162057 4243740
15154647 4224420 15156243 4225020
15151113 4292100 15152709 4292700
15146781 4211460 15148377 4212060
15146781 4164900 15148377 4165500
15190785 4157700 15198195 4158300
15187479 4268100 15194889 4268700
15179271 4169220 15186681 4169820
15175509 4310820 15182919 4311420
15174939 4157220 15182349 4157820
15174483 4273380 15181893 4273980
15174483 4162980 15181893 4163580
15173799 4309380 15181209 4309980
15171519 4304580 15178929 4305180
15170607 4256580 15178017 4257180
15162855 4328100 15170265 4328700
15152139 4331460 15159549 4332060
15148149 4335780 15155559 4336380
15177333 4349220 15181095 4349820
15170607 4301700 15174369 4302300
15168555 4237380 15172317 4237980
15168555 4179780 15172317 4180380
15161487 4330500 15165249 4331100
15157155 4138020 15160917 4138620
15156243 4166820 15160005 4167420
15153735 4221060 15157497 4221660
15152253 4154820 15156015 4155420
15148491 4191300 15152253 4191900
15195459 4187460 15198309 4188060
15178587 4196580 15181437 4197180
15176079 4187460 15178929 4188060
15174939 4184580 15177789 4185180
15173799 4186500 15176649 4187100
15173799 4152900 15176649 4153500
15168555 4170660 15171405 4171260
15166731 4204260 15169581 4204860
15166503 4181220 15169353 4181820
15164223 4304100 15167073 4304700
15164223 4146660 15167073 4147260
15159435 4302660 15162285 4303260
15159435 4176420 15162285 4177020
15158067 4230660 15160917 4231260
15157155 4224420 15160005 4225020
15156927 4162020 15159777 4162620
15155787 4330020 15158637 4330620
15154647 4239300 15157497 4239900
15154419 4222020 15157269 4222620
15153963 4304580 15156813 4305180
15153963 4139460 15156813 4140060
15153507 4196100 15156357 4196700
15150087 4172580 15152937 4173180
15149859 4333380 15152709 4333980
15149859 4330500 15152709 4331100
15149859 4297860 15152709 4298460
15149859 4224900 15152709 4225500
15149859 4219620 15152709 4220220
15149859 4214820 15152709 4215420
15149859 4205220 15152709 4205820
15149859 4164420 15152709 4165020
15148491 4307460 15151341 4308060
15148149 4326660 15150999 4327260
15166959 4244580 15167757 4245180
15176763 4191780 15177903 4192380
15176535 4210980 15177675 4211580
15170493 4183140 15171633 4183740
15167415 4162500 15168555 4163100
15163197 4211460 15164337 4212060
15163197 4164420 15164337 4165020
15163197 4154340 15164337 4154940
15160803 4249860 15161943 4250460
15159891 4160100 15161031 4160700
15155559 4262340 15156699 4262940
15153621 4228260 15154761 4228860
15153507 4252260 15154647 4252860
15153507 4249380 15154647 4249980
15168099 4164420 15168555 4165020
15167415 4233540 15167871 4234140
15158979 4305540 15159435 4306140
15172887 4268580 15173457 4269180
15183147 4331940 15184059 4332540
15183147 4330980 15184059 4331580
15183147 4330020 15184059 4330620
15183147 4317540 15184059 4318140
15183147 4316580 15184059 4317180
15183147 4262820 15184059 4263420
15183147 4257060 15184059 4257660
15183147 4254180 15184059 4254780
15176193 4205220 15177105 4205820
15173685 4162020 15174597 4162620
15170835 4277700 15171747 4278300
15168441 4142340 15169353 4142940
15164337 4195140 15165249 4195740
15157155 4296900 15158067 4297500
15157155 4263300 15158067 4263900
15154533 4254660 15155445 4255260
15151797 4304100 15152709 4304700
15151797 4249860 15152709 4250460
15197853 4307460 15198651 4308060
15197853 4298820 15198651 4299420
15183261 4373220 15184059 4373820
15183261 4354020 15184059 4354620
15183261 4182180 15184059 4182780
15174483 4200900 15175281 4201500
15173799 4182660 15174597 4183260
15170151 4223940 15170949 4224540
15168555 4220100 15169353 4220700
15166503 4158660 15167301 4159260
15166047 4280100 15166845 4280700
15164451 4185540 15165249 4186140
15163767 4329540 15164565 4330140
15163767 4159620 15164565 4160220
15161943 4286340 15162741 4286940
15161487 4202340 15162285 4202940
15159435 4215300 15160233 4215900
15159207 4175460 15160005 4176060
15155787 4324260 15156585 4324860
15155787 4240740 15156585 4241340
15154647 4210980 15155445 4211580
15154419 4169220 15155217 4169820
15153963 4138500 15154761 4139100
15152139 4259460 15152937 4260060
15151911 4243620 15152709 4244220
15167073 4231620 15167985 4232220
15168327 4298340 15168897 4298940
15167643 4294500 15168213 4295100
15167187 4270980 15167757 4271580
15164679 4255140 15165249 4255740
15160119 4170180 15160689 4170780
15169011 4294980 15169809 4295580
15167415 4156740 15168213 4157340
15153507 4145700 15154305 4146300
15152367 4283460 15153165 4284060
15163767 4238820 15164793 4239420
15166503 4237380 15167529 4237980
15166503 4211460 15167529 4212060
15152367 4279620 15153393 4280220
15152139 4271940 15153165 4272540
15166503 4206660 15167301 4207260
15166503 4201860 15167301 4202460
15161715 4154820 15162513 4155420
15152139 4325220 15152937 4325820
15152139 4286820 15152937 4287420
15152139 4237380 15152937 4237980
15167985 4234980 15168897 4235580
15154533 4322340 15155445 4322940
15150885 4192260 15151797 4192860
15168555 4143780 15169125 4144380
15157041 4159620 15157497 4160220
15195003 4271940 15196941 4272540
15195003 4265220 15196941 4265820
15182007 4253220 15183945 4253820
15180411 4171620 15182349 4172220
15177219 4200420 15179157 4201020
15176991 4207140 15178929 4207740
15176991 4186500 15178929 4187100
15172203 4184100 15174141 4184700
15171975 4225380 15173913 4225980
15170607 4209060 15172545 4209660
15169695 4190820 15171633 4191420
15168897 4296900 15170835 4297500
15168555 4265700 15170493 4266300
15167871 4144740 15169809 4145340
15167415 4278660 15169353 4279260
15167415 4167300 15169353 4167900
15166503 4302660 15168441 4303260
15166503 4241220 15168441 4241820
15166503 4168260 15168441 4168860
15166503 4143780 15168441 4144380
15165591 4191780 15167529 4192380
15165135 4230180 15167073 4230780
15165135 4172580 15167073 4173180
15164679 4259940 15166617 4260540
15164223 4234980 15166161 4235580
15162969 4305540 15164907 4306140
15162741 4352580 15164679 4353180
15162627 4254660 15164565 4255260
15161031 4291620 15162969 4292220
15160917 4144260 15162855 4144860
15159435 4203300 15161373 4203900
15157839 4264740 15159777 4265340
15157155 4259940 15159093 4260540
15156471 4189860 15158409 4190460
15155559 4256100 15157497 4256700
15155331 4170180 15157269 4170780
15154191 4189380 15156129 4189980
15153963 4163940 15155901 4164540
15153507 4284420 15155445 4285020
15153051 4229220 15154989 4229820
15152823 4176420 15154761 4177020
15152367 4200900 15154305 4201500
15152139 4296900 15154077 4297500
15150543 4246500 15152481 4247100
15149859 4318020 15151797 4318620
15149631 4282020 15151569 4282620
15183033 4265700 15184059 4266300
15176307 4197540 15177333 4198140
15174483 4230180 15175509 4230780
15173799 4216740 15174825 4217340
15173343 4218660 15174369 4219260
15172431 4162980 15173457 4163580
15170835 4150020 15171861 4150620
15169011 4150980 15170037 4151580
15168783 4288740 15169809 4289340
15167871 4202340 15168897 4202940
15166503 4289220 15167529 4289820
15166503 4277700 15167529 4278300
15166503 4178820 15167529 4179420
15165135 4282020 15166161 4282620
15164223 4244580 15165249 4245180
15163539 4230180 15164565 4230780
15162855 4195620 15163881 4196220
15161943 4196580 15162969 4197180
15160575 4279140 15161601 4279740
15157155 4225860 15158181 4226460
15156243 4327620 15157269 4328220
15152823 4289700 15153849 4290300
15152139 4239780 15153165 4240380
15149175 4239300 15150201 4239900
15148491 4202820 15149517 4203420
15157269 4257540 15158637 4258620
15157269 4234500 15158637 4235580
15160347 4272900 15161943 4273980
15166959 4281540 15167985 4282140
15172773 4217700 15173913 4218300
15170493 4217220 15171633 4217820
15167871 4198500 15169011 4199100
15166959 4216740 15168099 4217340
15164451 4271460 15165591 4272060
15164451 4204260 15165591 4204860
15163197 4208580 15164337 4209180
15163197 4199940 15164337 4200540
15163083 4204260 15164223 4204860
15162171 4198500 15163311 4199100
15160917 4195620 15162057 4196220
15159663 4146180 15160803 4146780
15158295 4179780 15159435 4180380
15156129 4305540 15157269 4306140
15156129 4163940 15157269 4164540
15155559 4148580 15156699 4149180
15154875 4270500 15156015 4271100
15151341 4148100 15152481 4148700
15172773 4166820 15173001 4167420
15167871 4147620 15168099 4148220
15157155 4233060 15157497 4233660
15170835 4138980 15171291 4139580
15166959 4170180 15167415 4170780
15165819 4201380 15166275 4201980
15163197 4224900 15163653 4225500
15154875 4171140 15155331 4171740
15149403 4287300 15149859 4287900
15149175 4291140 15149631 4291740
15150087 4271940 15150657 4272540
15171975 4211460 15173571 4212540
15169125 4272900 15170721 4273980
15167415 4224900 15169011 4225980
15167301 4182660 15168897 4183740
15167187 4262340 15168783 4263420
15157839 4206660 15159435 4207740
15157383 4318980 15158979 4320060
15157269 4156740 15158865 4157820
15154761 4209540 15156357 4210620
15153165 4135620 15154761 4136700
15182577 4200420 15183261 4201020
15181209 4205220 15181893 4205820
15175737 4216740 15176421 4217340
15173913 4292580 15174597 4293180
15164565 4283940 15165249 4284540
15160005 4271460 15160689 4272060
15156129 4214820 15156813 4215420
15154077 4160580 15154761 4161180
15153621 4280100 15154305 4280700
15153621 4272420 15154305 4273020
15153393 4144740 15154077 4145340
15151797 4232580 15152481 4233180
15151797 4175940 15152481 4176540
15172203 4232100 15173001 4232700
15164451 4308420 15165249 4309020
15163767 4267620 15164565 4268220
15163767 4192260 15164565 4192860
15160347 4164420 15161145 4165020
15149403 4258020 15150201 4258620
15179613 4206660 15181209 4207740
15176535 4188420 15178131 4189500
15176421 4222980 15178017 4224060
15171633 4150980 15173229 4152060
15162741 4279620 15164337 4280700
15162741 4251780 15164337 4252860
15162741 4189380 15164337 4190460
15162057 4316100 15163653 4317180
15162057 4139460 15163653 4140540
15159549 4228740 15161145 4229820
15159549 4150980 15161145 4152060
15155103 4206660 15156699 4207740
15179271 4222980 15180867 4224060
15176763 4283460 15178359 4284540
15171861 4226820 15173457 4227900
15169695 4298820 15171291 4299900
15155559 4212420 15157155 4213500
15179271 4221060 15181209 4222140
15179043 4228740 15180981 4229820
15176763 4292100 15178701 4293180
15162171 4293060 15164109 4294140
15155103 4198980 15157041 4200060
15154875 4175940 15156813 4177020
15152823 4203780 15154761 4204860
15176991 4224420 15178473 4225020
15176991 4209540 15178473 4210140
15176307 4225380 15177789 4225980
15173799 4282020 15175281 4282620
15171519 4188900 15173001 4189500
15169011 4281060 15170493 4281660
15164223 4262820 15165705 4263420
15164223 4260900 15165705 4261500
15164223 4248420 15165705 4249020
15164223 4237860 15165705 4238460
15160575 4285380 15162057 4285980
15160119 4153860 15161601 4154460
15159435 4293540 15160917 4294140
15159435 4188900 15160917 4189500
15157155 4291140 15158637 4291740
15154419 4319940 15155901 4320540
15154419 4271460 15155901 4272060
15152367 4305540 15153849 4306140
15152139 4255140 15153621 4255740
15152139 4253220 15153621 4253820
15152139 4242660 15153621 4243260
15152139 4215780 15153621 4216380
15152139 4170180 15153621 4170780
15150999 4211460 15152481 4212060
15180867 4187940 15181893 4188540
15178359 4216260 15179385 4216860
15174483 4276740 15175509 4277340
15171519 4162020 15172545 4162620
15170607 4213860 15171633 4214460
15169695 4164900 15170721 4165500
15169011 4214820 15170037 4215420
15169011 4154340 15170037 4154940
15168099 4254660 15169125 4255260
15168099 4189860 15169125 4190460
15166503 4297860 15167529 4298460
15166503 4165380 15167529 4165980
15166503 4164420 15167529 4165020
15165591 4231140 15166617 4231740
15164223 4222500 15165249 4223100
15164223 4169700 15165249 4170300
15163083 4297380 15164109 4297980
15161715 4219140 15162741 4219740
15160575 4276740 15161601 4277340
15160119 4192260 15161145 4192860
15159663 4328100 15160689 4328700
15159207 4326180 15160233 4326780
15158523 4184580 15159549 4185180
15158295 4258980 15159321 4259580
15157839 4212420 15158865 4213020
15157155 4311300 15158181 4311900
15156927 4285380 15157953 4285980
15156927 4232100 15157953 4232700
15155103 4280100 15156129 4280700
15155103 4216260 15156129 4216860
15154647 4177380 15155673 4177980
15153507 4327620 15154533 4328220
15152823 4238820 15153849 4239420
15152139 4293540 15153165 4294140
15152139 4267140 15153165 4267740
15152139 4264740 15153165 4265340
15150771 4221060 15151797 4221660
15150087 4171620 15151113 4172220
15149859 4241220 15150885 4241820
15177219 4195620 15177561 4196220
15172431 4295940 15172773 4296540
15167871 4269540 15168213 4270140
15166503 4240260 15166845 4240860
15164223 4210500 15164565 4211100
15160347 4172100 15160689 4172700
15160119 4282020 15160461 4282620
15159207 4233060 15159549 4233660
15158751 4141860 15159093 4142460
15155559 4136100 15155901 4136700
15154647 4159620 15154989 4160220
15153051 4304580 15153393 4305180
15152823 4186020 15153165 4186620
15152139 4208580 15152481 4209180
15152139 4186500 15152481 4187100
15152139 4174980 15152481 4175580
15172203 4214820 15173001 4215420
15170835 4271460 15171633 4272060
15169467 4300260 15170265 4300860
15158751 4308900 15159549 4309500
15158067 4231620 15158865 4232220
15157383 4175460 15158181 4176060
15154875 4290180 15155673 4290780
15154647 4306020 15155445 4306620
15149859 4275780 15150657 4276380
15176535 4217220 15178701 4218300
15176535 4214340 15178701 4215420
15174255 4295940 15176421 4297020
15174255 4280580 15176421 4281660
15174255 4236420 15176421 4237500
15174255 4220100 15176421 4221180
15174027 4226820 15176193 4227900
15171747 4286340 15173913 4287420
15171747 4279620 15173913 4280700
15171747 4153860 15173913 4154940
15169467 4257540 15171633 4258620
15169467 4207620 15171633 4208700
15169239 4285380 15171405 4286460
15169239 4231620 15171405 4232700
15166959 4286340 15169125 4287420
15166959 4268100 15169125 4269180
15166959 4160580 15169125 4161660
15166959 4149060 15169125 4150140
15162171 4331460 15164337 4332540
15162171 4217220 15164337 4218300
15162171 4200900 15164337 4201980
15162171 4181700 15164337 4182780
15162171 4178820 15164337 4179900
15159891 4332420 15162057 4333500
15159891 4262340 15162057 4263420
15159891 4252740 15162057 4253820
15159663 4245060 15161829 4246140
15159663 4209540 15161829 4210620
15159663 4198980 15161829 4200060
15159663 4194180 15161829 4195260
15157383 4334340 15159549 4335420
15157383 4270020 15159549 4271100
15157383 4267140 15159549 4268220
15157383 4210500 15159549 4211580
15157383 4171140 15159549 4172220
15157383 4164420 15159549 4165500
15157383 4154820 15159549 4155900
15157383 4144260 15159549 4145340
15155103 4249860 15157269 4250940
15155103 4197060 15157269 4198140
15155103 4165380 15157269 4166460
15155103 4140420 15157269 4141500
15154875 4333380 15157041 4334460
15154875 4278660 15157041 4279740
15154875 4150980 15157041 4152060
15152595 4299780 15154761 4300860
15152595 4256580 15154761 4257660
15152595 4247940 15154761 4249020
15152595 4191300 15154761 4192380
15152595 4178820 15154761 4179900
15150315 4162500 15152481 4163580
15150087 4320900 15152253 4321980
15150087 4280580 15152253 4281660
15150087 4277700 15152253 4278780
15150087 4229700 15152253 4230780
15150087 4209540 15152253 4210620
15150087 4197060 15152253 4198140
15150087 4194180 15152253 4195260
15150087 4183620 15152253 4184700
15150087 4176900 15152253 4177980
15181323 4200900 15182577 4201500
15178815 4219620 15180069 4220220
15177447 4198020 15178701 4198620
15172203 4204260 15173457 4204860
15171519 4159140 15172773 4159740
15170379 4156740 15171633 4157340
15167415 4259460 15168669 4260060
15164223 4299300 15165477 4299900
15164223 4161060 15165477 4161660
15156015 4316580 15157269 4317180
15155559 4295460 15156813 4296060
15155103 4190820 15156357 4191420
15154647 4329060 15155901 4329660
15153507 4173540 15154761 4174140
15150999 4262820 15152253 4263420
15150315 4227780 15151569 4228380
15148491 4275780 15149745 4276380
15181551 4194180 15183147 4195260
15176535 4155780 15178131 4156860
15174141 4210500 15175737 4211580
15173343 4277700 15174939 4278780
15169581 4224900 15171177 4225980
15166845 4255620 15168441 4256700
15162627 4233540 15164223 4234620
15171747 4282020 15172773 4282620
15175167 4231140 15175395 4231740
15163083 4183140 15163311 4183740
15162627 4321380 15162855 4321980
15162627 4266660 15162855 4267260
15161373 4180740 15161601 4181340
15160803 4214340 15161031 4214940
15159549 4180260 15159777 4180860
15158637 4280580 15158865 4281180
15158295 4196100 15158523 4196700
15155901 4160580 15156129 4161180
15155673 4306500 15155901 4307100
15155217 4318020 15155445 4318620
15153849 4147620 15154077 4148220
15151341 4186020 15151569 4186620
15151227 4279620 15151455 4280220
15151113 4160580 15151341 4161180
15151113 4159620 15151341 4160220
15151113 4147620 15151341 4148220
15149973 4292100 15150201 4292700
15162513 4215780 15162969 4216380
15159093 4287300 15159549 4287900
15152253 4139940 15152709 4140540
15157155 4195140 15157839 4196220
15152367 4222020 15153051 4223100
15179043 4218660 15180069 4219260
15178815 4190340 15179841 4190940
15177675 4221540 15178701 4222140
15177675 4220580 15178701 4221180
15175395 4211940 15176421 4212540
15174939 4289700 15175965 4290300
15174027 4148580 15175053 4149180
15172659 4167780 15173685 4168380
15172431 4161060 15173457 4161660
15171747 4193700 15172773 4194300
15170379 4294980 15171405 4295580
15167871 4271460 15168897 4272060
15167415 4228260 15168441 4228860
15166959 4220580 15167985 4221180
15164451 4292580 15165477 4293180
15164451 4263780 15165477 4264380
15164451 4181220 15165477 4181820
15163311 4325220 15164337 4325820
15163311 4291620 15164337 4292220
15163311 4249860 15164337 4250460
15161031 4325220 15162057 4325820
15161031 4255140 15162057 4255740
15161031 4168260 15162057 4168860
15161031 4167300 15162057 4167900
15160803 4329540 15161829 4330140
15160575 4155780 15161601 4156380
15160575 4137060 15161601 4137660
15159891 4235940 15160917 4236540
15159663 4329060 15160689 4329660
15159663 4315620 15160689 4316220
15158523 4284900 15159549 4285500
15157839 4292100 15158865 4292700
15157611 4329060 15158637 4329660
15157383 4280100 15158409 4280700
15156243 4320420 15157269 4321020
15156243 4215780 15157269 4216380
15156243 4180260 15157269 4180860
15156015 4319460 15157041 4320060
15155559 4300740 15156585 4301340
15155559 4296900 15156585 4297500
15155559 4272900 15156585 4273500
15153735 4194660 15154761 4195260
15153507 4211460 15154533 4212060
15153279 4306500 15154305 4307100
15153279 4223460 15154305 4224060
15153051 4237860 15154077 4238460
15153051 4207620 15154077 4208220
15152595 4189380 15153621 4189980
15151455 4260420 15152481 4261020
15148947 4280100 15149973 4280700
15183375 4201860 15184173 4202460
15179955 4195620 15180753 4196220
15176307 4201380 15177105 4201980
15176307 4192740 15177105 4193340
15175395 4223940 15176193 4224540
15175167 4214340 15175965 4214940
15175167 4212900 15175965 4213500
15173799 4185540 15174597 4186140
15173115 4198500 15173913 4199100
15172431 4152420 15173229 4153020
15171519 4197540 15172317 4198140
15171519 4160100 15172317 4160700
15171519 4158180 15172317 4158780
15170835 4199460 15171633 4200060
15169695 4212900 15170493 4213500
15169011 4284420 15169809 4285020
15168099 4184100 15168897 4184700
15166731 4210020 15167529 4210620
15165591 4157220 15166389 4157820
15165135 4281060 15165933 4281660
15164907 4221540 15165705 4222140
15164907 4160100 15165705 4160700
15163539 4236420 15164337 4237020
15163311 4170180 15164109 4170780
15162855 4161540 15163653 4162140
15161943 4250340 15162741 4250940
15161943 4214340 15162741 4214940
15161943 4209060 15162741 4209660
15161943 4204260 15162741 4204860
15160575 4292580 15161373 4293180
15159891 4282980 15160689 4283580
15159435 4294500 15160233 4295100
15159435 4143300 15160233 4143900
15158751 4289700 15159549 4290300
15158523 4148100 15159321 4148700
15157155 4193700 15157953 4194300
15156243 4216740 15157041 4217340
15156015 4288740 15156813 4289340
15155331 4263300 15156129 4263900
15154647 4296420 15155445 4297020
15154647 4259460 15155445 4260060
15153963 4162980 15154761 4163580
15153507 4281060 15154305 4281660
15153051 4318020 15153849 4318620
15152367 4332420 15153165 4333020
15152367 4276260 15153165 4276860
15152367 4143300 15153165 4143900
15152367 4138980 15153165 4139580
15151683 4231620 15152481 4232220
15150999 4306020 15151797 4306620
15150771 4268100 15151569 4268700
15150771 4180740 15151569 4181340
15150771 4154340 15151569 4154940
15150543 4256580 15151341 4257180
15150543 4165860 15151341 4166460
15149175 4281060 15149973 4281660
15149175 4260900 15149973 4261500
15179613 4217220 15181209 4218300
15179271 4224900 15180867 4225980
15179157 4194180 15180753 4195260
15179043 4212420 15180639 4213500
15179043 4185540 15180639 4186620
15176991 4212420 15178587 4213500
15176991 4194180 15178587 4195260
15176877 4228740 15178473 4229820
15176763 4182660 15178359 4183740
15176649 4203780 15178245 4204860
15176649 4198980 15178245 4200060
15176535 4149060 15178131 4150140
15174711 4293060 15176307 4294140
15174483 4146180 15176079 4147260
15174369 4228740 15175965 4229820
15174255 4167300 15175851 4168380
15174141 4193220 15175737 4194300
15172203 4296900 15173799 4297980
15172203 4180740 15173799 4181820
15171975 4213380 15173571 4214460
15171633 4273860 15173229 4274940
15169695 4226820 15171291 4227900
15169695 4166340 15171291 4167420
15169125 4241220 15170721 4242300
15168555 4255620 15170151 4256700
15168555 4151940 15170151 4153020
15167415 4283460 15169011 4284540
15167415 4274820 15169011 4275900
15167415 4195140 15169011 4196220
15167187 4257540 15168783 4258620
15167187 4213380 15168783 4214460
15167187 4172100 15168783 4173180
15166959 4292100 15168555 4293180
15166845 4248900 15168441 4249980
15162741 4322820 15164337 4323900
15162741 4314180 15164337 4315260
15162741 4307460 15164337 4308540
15162741 4290180 15164337 4291260
15162741 4273860 15164337 4274940
15162741 4194180 15164337 4195260
15162741 4187460 15164337 4188540
15162741 4167300 15164337 4168380
15162741 4162500 15164337 4163580
15162627 4318980 15164223 4320060
15162627 4173060 15164223 4174140
15162627 4156740 15164223 4157820
15162627 4152900 15164223 4153980
15162399 4271940 15163995 4273020
15162399 4228740 15163995 4229820
15162171 4184580 15163767 4185660
15161487 4312260 15163083 4313340
15160461 4287300 15162057 4288380
15160461 4277700 15162057 4278780
15160461 4174020 15162057 4175100
15160461 4162500 15162057 4163580
15160347 4326660 15161943 4327740
15160233 4226820 15161829 4227900
15160233 4185540 15161829 4186620
15160119 4319940 15161715 4321020
15159891 4321860 15161487 4322940
15159891 4314180 15161487 4315260
15159891 4187460 15161487 4188540
15159891 4147140 15161487 4148220
15159663 4318020 15161259 4319100
15159663 4135620 15161259 4136700
15159549 4238340 15161145 4239420
15157953 4201860 15159549 4202940
15157839 4273860 15159435 4274940
15157611 4255620 15159207 4256700
15157611 4246980 15159207 4248060
15157497 4271940 15159093 4273020
15157383 4283460 15158979 4284540
15157269 4185540 15158865 4186620
15155673 4286340 15157269 4287420
15155559 4260420 15157155 4261500
15155559 4143300 15157155 4144380
15155445 4247940 15157041 4249020
15155217 4264260 15156813 4265340
15155217 4185540 15156813 4186620
15155217 4182660 15156813 4183740
15155103 4252740 15156699 4253820
15155103 4237380 15156699 4238460
15155103 4187460 15156699 4188540
15155103 4157700 15156699 4158780
15155103 4146180 15156699 4147260
15154989 4204740 15156585 4205820
15154875 4273860 15156471 4274940
15154761 4282500 15156357 4283580
15154191 4246020 15155787 4247100
15153165 4307460 15154761 4308540
15153165 4277700 15154761 4278780
15153165 4225860 15154761 4226940
15153165 4213380 15154761 4214460
15153165 4180740 15154761 4181820
15153165 4157700 15154761 4158780
15153165 4142340 15154761 4143420
15153051 4325700 15154647 4326780
15153051 4320900 15154647 4321980
15153051 4270020 15154647 4271100
15153051 4260420 15154647 4261500
15153051 4232580 15154647 4233660
15153051 4183620 15154647 4184700
15152937 4230660 15154533 4231740
15152937 4187460 15154533 4188540
15150885 4157700 15152481 4158780
15150543 4145220 15152139 4146300
15150201 4149060 15151797 4150140
15149973 4198980 15151569 4200060
15172887 4224420 15173913 4225020
15171063 4182180 15172089 4182780
15163539 4245540 15164565 4246140
15163539 4158180 15164565 4158780
15162855 4285380 15163881 4285980
15161031 4224900 15162057 4225500
15149175 4144740 15150201 4145340
15180639 4204740 15181209 4205340
15179727 4201860 15180297 4202460
15179727 4191300 15180297 4191900
15177675 4290180 15178245 4290780
15176763 4293540 15177333 4294140
15176307 4219140 15176877 4219740
15176307 4148100 15176877 4148700
15173799 4221540 15174369 4222140
15173799 4209540 15174369 4210140
15173115 4272420 15173685 4273020
15172887 4276740 15173457 4277340
15172659 4288260 15173229 4288860
15171747 4200900 15172317 4201500
15171063 4236420 15171633 4237020
15169239 4258980 15169809 4259580
15169011 4280100 15169581 4280700
15169011 4230660 15169581 4231260
15169011 4192740 15169581 4193340
15167643 4243620 15168213 4244220
15166275 4214820 15166845 4215420
15164451 4285380 15165021 4285980
15164451 4258020 15165021 4258620
15164223 4272420 15164793 4273020
15164223 4144740 15164793 4145340
15164223 4143780 15164793 4144380
15163767 4203300 15164337 4203900
15163767 4151940 15164337 4152540
15163083 4145220 15163653 4145820
15161943 4320900 15162513 4321500
15161943 4319940 15162513 4320540
15159435 4257540 15160005 4258140
15157383 4308420 15157953 4309020
15157383 4181700 15157953 4182300
15157155 4240260 15157725 4240860
15157155 4148580 15157725 4149180
15156699 4292100 15157269 4292700
15156243 4246500 15156813 4247100
15155787 4292100 15156357 4292700
15155559 4225860 15156129 4226460
15154875 4315620 15155445 4316220
15154875 4306980 15155445 4307580
15154647 4318500 15155217 4319100
15154647 4298820 15155217 4299420
15154647 4281540 15155217 4282140
15154647 4215300 15155217 4215900
15153963 4243140 15154533 4243740
15153963 4209540 15154533 4210140
15153507 4210500 15154077 4211100
15153051 4208580 15153621 4209180
15149859 4294020 15150429 4294620
15149859 4189380 15150429 4189980
15149859 4148100 15150429 4148700
15149403 4177860 15149973 4178460
15149403 4154820 15149973 4155420
15179271 4198980 15179841 4199580
15177903 4226820 15178473 4227420
15177447 4208580 15178017 4209180
15176763 4190340 15177333 4190940
15175167 4216260 15175737 4216860
15175167 4204740 15175737 4205340
15174711 4150980 15175281 4151580
15174483 4231620 15175053 4232220
15174483 4203780 15175053 4204380
15172887 4275780 15173457 4276380
15171747 4166340 15172317 4166940
15170151 4269060 15170721 4269660
15168099 4299780 15168669 4300380
15167871 4221540 15168441 4222140
15164451 4227300 15165021 4227900
15163767 4198980 15164337 4199580
15163311 4155780 15163881 4156380
15158523 4323300 15159093 4323900
15158523 4310340 15159093 4310940
15158523 4189380 15159093 4189980
15158067 4215300 15158637 4215900
15158067 4160100 15158637 4160700
15157611 4288260 15158181 4288860
15157383 4289220 15157953 4289820
15157383 4248900 15157953 4249500
15156471 4328580 15157041 4329180
15156243 4181220 15156813 4181820
15156015 4318020 15156585 4318620
15156015 4291140 15156585 4291740
15155787 4325700 15156357 4326300
15154191 4234500 15154761 4235100
15153051 4174980 15153621 4175580
15152595 4198020 15153165 4198620
15152595 4160580 15153165 4161180
15150771 4178820 15151341 4179420
15150087 4158660 15150657 4159260
15149403 4271940 15149973 4272540
15152823 4185060 15153963 4185660
15176307 4287300 15176877 4288380
15173799 4222980 15174369 4224060
15173457 4215300 15174027 4216380
15171519 4215300 15172089 4216380
15161715 4141380 15162285 4142460
15159435 4295940 15160005 4297020
15159435 4279620 15160005 4280700
15157155 4321860 15157725 4322940
15154647 4235460 15155217 4236540
15183945 4342500 15192723 4344060
15183945 4337700 15192723 4339260
15183945 4332900 15192723 4334460
15183945 4328100 15192723 4329660
15183945 4323300 15192723 4324860
15183945 4318500 15192723 4320060
15183945 4313700 15192723 4315260
15183945 4246500 15192723 4248060
15183945 4208100 15192723 4209660
15183945 4198500 15192723 4200060
15168897 4191780 15173229 4192380
15146781 4245540 15151113 4246140
15196257 4240740 15198651 4242300
15146781 4323300 15148263 4323900
15146781 4238820 15148263 4239420
15146781 4234980 15148263 4235580
15146781 4233540 15148263 4234140
15146781 4227300 15148263 4227900
15146781 4225860 15148263 4226460
15146781 4213380 15148263 4213980
15146781 4202340 15148263 4202940
15146781 4180740 15148263 4181340
15146781 4160580 15148263 4161180
15146781 4154340 15148263 4154940
15146781 4146660 15148263 4147260
15146781 4145220 15148263 4145820
15165021 4362180 15166617 4363740
15150429 4269540 15152709 4270140
15148149 4268580 15150429 4269180
15148149 4138980 15150429 4139580
15174825 4284900 15177333 4285500
15171405 4165380 15173913 4165980
15171177 4163940 15173685 4164540
15164223 4261860 15166731 4262460
15164223 4156260 15166731 4156860
15161829 4282020 15164337 4282620
15160347 4166340 15162855 4166940
15157155 4236900 15159663 4237500
15152367 4310820 15154875 4311420
15151569 4141380 15154077 4141980
15181893 4283940 15184059 4284540
15167187 4222980 15169353 4223580
15164907 4254180 15167073 4254780
15164223 4233060 15166389 4233660
15148149 4221060 15148377 4222620
15148149 4216260 15148377 4217820
15198081 4282980 15198651 4284540
15198081 4258980 15198651 4260540
15152139 4150500 15152709 4152060
15196257 4213860 15198651 4214460
15196257 4155300 15198651 4155900
15196257 4150020 15198651 4150620
15181095 4197540 15183489 4198140
15171519 4290180 15173913 4290780
15165705 4300260 15168099 4300860
15160119 4256100 15162513 4256700
15152823 4150020 15155217 4150620
15176307 4286340 15198309 4286940
15176307 4276740 15198309 4277340
15176307 4166340 15198309 4166940
15176193 4159620 15198195 4160220
15176079 4279620 15198081 4280220
15175965 4161540 15197967 4162140
15175395 4275780 15197397 4276380
15174939 4294980 15196941 4295580
15174939 4160580 15196941 4161180
15173685 4270020 15195687 4270620
15170949 4145220 15192951 4145820
15170493 4267140 15192495 4267740
15165135 4361220 15173913 4361820
15183375 4374180 15185427 4374780
15183375 4311780 15185427 4312380
15183375 4263780 15185427 4264380
15183375 4238820 15185427 4239420
15183375 4220580 15185427 4221180
15164565 4354500 15166617 4355100
15164565 4350660 15166617 4351260
15164565 4341060 15166617 4341660
15164565 4338180 15166617 4338780
15164565 4142340 15166617 4142940
15157383 4183620 15158751 4184220
15171747 4264260 15173115 4264860
15170835 4265700 15172203 4266300
15170835 4259940 15172203 4260540
15161259 4267620 15162627 4268220
15162171 4318020 15163197 4318620
15158295 4277700 15159321 4278300
15197967 4144260 15198651 4144860
15183375 4293540 15184059 4294140
15178245 4287300 15178929 4287900
15178245 4201860 15178929 4202460
15174141 4285380 15174825 4285980
15171519 4229700 15172203 4230300
15168897 4218180 15169581 4218780
15167985 4215780 15168669 4216380
15166503 4226820 15167187 4227420
15165477 4209060 15166161 4209660
15165477 4207140 15166161 4207740
15163881 4241220 15164565 4241820
15163881 4215780 15164565 4216380
15161601 4137540 15162285 4138140
15157725 4208580 15158409 4209180
15156813 4265700 15157497 4266300
15154419 4174500 15155103 4175100
15154305 4293540 15154989 4294140
15154305 4263300 15154989 4263900
15154305 4253700 15154989 4254300
15153051 4159620 15153735 4160220
15151341 4161060 15152025 4161660
15150885 4329060 15151569 4329660
15149517 4156260 15150201 4156860
15147693 4139940 15148377 4140540
15461079 4192740 15461877 4193340
15170835 4268100 15171633 4268700
15163539 4270980 15164337 4271580
15163083 4270020 15163881 4270620
15161031 4161060 15161829 4161660
15154647 4320900 15155445 4321500
15153735 4328580 15154533 4329180
15153507 4301700 15154305 4302300
15466665 4385700 15467349 4386300
15148149 4295460 15150201 4296060
15148149 4286340 15150201 4286940
15148149 4273860 15150201 4274460
15148149 4267620 15150201 4268220
15148149 4244580 15150201 4245180
15148149 4242180 15150201 4242780
15148149 4237860 15150201 4238460
15148149 4228740 15150201 4229340
15148149 4223940 15150201 4224540
15148149 4203780 15150201 4204380
15148149 4190340 15150201 4190940
15148149 4175460 15150201 4176060
15148149 4170660 15150201 4171260
15148149 4150500 15150201 4151100
15148149 4137540 15150201 4138140
15467463 4378980 15468261 4379580
15467463 4338660 15468261 4339260
15466209 4378980 15467007 4379580
15466209 4338660 15467007 4339260
15149859 4141380 15150657 4141980
15148491 4283460 15149289 4284060
15148149 4141860 15148947 4142460
15148149 4140900 15148947 4141500
15183831 4320420 15185427 4321020
15183831 4248420 15185427 4249020
15183831 4176420 15185427 4177020
15458685 4266180 15458913 4266780
15183831 4185060 15184059 4185660
15174483 4189860 15174711 4190460
15173229 4283460 15173457 4284060
15170493 4229700 15170721 4230300
15169809 4181700 15170037 4182300
15169011 4209060 15169239 4209660
15167985 4142340 15168213 4142940
15164223 4227780 15164451 4228380
15163539 4242180 15163767 4242780
15163197 4234980 15163425 4235580
15162627 4210500 15162855 4211100
15162627 4208100 15162855 4208700
15162627 4146660 15162855 4147260
15161943 4179780 15162171 4180380
15161487 4223460 15161715 4224060
15160119 4248420 15160347 4249020
15159321 4216260 15159549 4216860
15157839 4142340 15158067 4142940
15156357 4135620 15156585 4136220
15154533 4285380 15154761 4285980
15149745 4218660 15149973 4219260
15148149 4212420 15148377 4213020
15183603 4355940 15185427 4356540
15183603 4273380 15185427 4273980
15183603 4272420 15185427 4273020
15183603 4240740 15185427 4241340
15183603 4205220 15185427 4205820
15183603 4162980 15185427 4163580
15164793 4287300 15166617 4287900
15164793 4228740 15166617 4229340
15198195 4290180 15198651 4290780
15198195 4228740 15198651 4229340
15183603 4184100 15184059 4184700
15183033 4189380 15183489 4189980
15180981 4202340 15181437 4202940
15174255 4165380 15174711 4165980
15172773 4269540 15173229 4270140
15169695 4162980 15170151 4163580
15166845 4197540 15167301 4198140
15164109 4197060 15164565 4197660
15162399 4261380 15162855 4261980
15161943 4244580 15162399 4245180
15161943 4171620 15162399 4172220
15161829 4258020 15162285 4258620
15161715 4165380 15162171 4165980
15160917 4258500 15161373 4259100
15160917 4216260 15161373 4216860
15159321 4241220 15159777 4241820
15159207 4182180 15159663 4182780
15159207 4156740 15159663 4157340
15157041 4160580 15157497 4161180
15157041 4149540 15157497 4150140
15154875 4324740 15155331 4325340
15153621 4261860 15154077 4262460
15152253 4159620 15152709 4160220
15151569 4144260 15152025 4144860
15150885 4208580 15151341 4209180
15149061 4171620 15149517 4172220
15148149 4152900 15148605 4153500
15147693 4285860 15148149 4286460
15189303 4273860 15198537 4274460
15189303 4203780 15198537 4204380
15189075 4168260 15198309 4168860
15187821 4250820 15197055 4251420
15463473 4392420 15466323 4393020
15463473 4385700 15466323 4386300
15463473 4331940 15466323 4332540
15463473 4325220 15466323 4325820
15166047 4218660 15168897 4219260
15165135 4284900 15167985 4285500
15160119 4270500 15162969 4271100
15159435 4211940 15162285 4212540
15156243 4294020 15159093 4294620
15336021 4266180 15440559 4266780
15192609 4290660 15198195 4291260
15192609 4281060 15198195 4281660
15192609 4242660 15198195 4243260
15192609 4237860 15198195 4238460
15192609 4151460 15198195 4152060
15191583 4300740 15197169 4301340
15160119 4247460 15165705 4248060
15149859 4323780 15155445 4324380
15334881 4392420 15432123 4393020
15334881 4385700 15432123 4386300
15334881 4378980 15432123 4379580
15334881 4338660 15432123 4339260
15334881 4331940 15432123 4332540
15334881 4325220 15432123 4325820
15334881 4192740 15432123 4193340
15166503 4395780 15195801 4396380
15166503 4141380 15195801 4141980
15148149 4356900 15177447 4357500
15148149 4342500 15177447 4343100
15165135 4318980 15166617 4320540
15165135 4313220 15166617 4314780
15165135 4310340 15166617 4311900
15165135 4274820 15166617 4276380
15165135 4269060 15166617 4270620
15165135 4256580 15166617 4258140
15165135 4174980 15166617 4176540
15166503 4246980 15167757 4247580
15166275 4151460 15167529 4152060
15188391 4374660 15195801 4376220
15164223 4266180 15166617 4266780
15164223 4265220 15166617 4265820
15164223 4250820 15166617 4251420
15164223 4223940 15166617 4224540
15461991 4192260 15463929 4192860
15195687 4165380 15197625 4165980
15195573 4246980 15197511 4247580
15195003 4294020 15196941 4294620
15195003 4223940 15196941 4224540
15181095 4188900 15183033 4189500
15180981 4203300 15182919 4203900
15176991 4202820 15178929 4203420
15173799 4202820 15175737 4203420
15173799 4199460 15175737 4200060
15166503 4264260 15168441 4264860
15164223 4296420 15166161 4297020
15162627 4150500 15164565 4151100
15161943 4223460 15163881 4224060
15160803 4309380 15162741 4309980
15160119 4269540 15162057 4270140
15159207 4178820 15161145 4179420
15159207 4173060 15161145 4173660
15154647 4184580 15156585 4185180
15148947 4240260 15150885 4240860
15148947 4216260 15150885 4216860
15467805 4385700 15468375 4386300
15198081 4292580 15198651 4293180
15198081 4224900 15198651 4225500
15198081 4222980 15198651 4223580
15198081 4148580 15198651 4149180
15183489 4225380 15184059 4225980
15181095 4219140 15181665 4219740
15179043 4215300 15179613 4215900
15179043 4203300 15179613 4203900
15175167 4288260 15175737 4288860
15174711 4291140 15175281 4291740
15174255 4160100 15174825 4160700
15173343 4303620 15173913 4304220
15172887 4197540 15173457 4198140
15170151 4145220 15170721 4145820
15169011 4264740 15169581 4265340
15169011 4199940 15169581 4200540
15168783 4267140 15169353 4267740
15166503 4258500 15167073 4259100
15166503 4208580 15167073 4209180
15166503 4207620 15167073 4208220
15165591 4294500 15166161 4295100
15164907 4218660 15165477 4219260
15164679 4332420 15165249 4333020
15164679 4312260 15165249 4312860
15164679 4309380 15165249 4309980
15163881 4287780 15164451 4288380
15162627 4171620 15163197 4172220
15161715 4328580 15162285 4329180
15161715 4275300 15162285 4275900
15161715 4246500 15162285 4247100
15161715 4220580 15162285 4221180
15161487 4248900 15162057 4249500
15159891 4290660 15160461 4291260
15159435 4301220 15160005 4301820
15159207 4266180 15159777 4266780
15158067 4150500 15158637 4151100
15156927 4145700 15157497 4146300
15156927 4135620 15157497 4136220
15154647 4208100 15155217 4208700
15154419 4302660 15154989 4303260
15154419 4238340 15154989 4238940
15154419 4201860 15154989 4202460
15152367 4281540 15152937 4282140
15152139 4306500 15152709 4307100
15149631 4303140 15150201 4303740
15149631 4284900 15150201 4285500
15149631 4270500 15150201 4271100
15149631 4180260 15150201 4180860
15149631 4146660 15150201 4147260
15149631 4136100 15150201 4136700
15164907 4335300 15166617 4335900
15164907 4290180 15166617 4290780
15164907 4286340 15166617 4286940
15164907 4276740 15166617 4277340
15164907 4273860 15166617 4274460
15164907 4198980 15166617 4199580
15164907 4197060 15166617 4197660
15164907 4186500 15166617 4187100
15164907 4153860 15166617 4154460
15164907 4135620 15166617 4136220
15176307 4151940 15176649 4152540
15176079 4301700 15176421 4302300
15171519 4262340 15171861 4262940
15169923 4268100 15170265 4268700
15169581 4215780 15169923 4216380
15169239 4289700 15169581 4290300
15169239 4235940 15169581 4236540
15169011 4186020 15169353 4186620
15168897 4291140 15169239 4291740
15167187 4221540 15167529 4222140
15167187 4212420 15167529 4213020
15166959 4251300 15167301 4251900
15166503 4249860 15166845 4250460
15165363 4189860 15165705 4190460
15164223 4205220 15164565 4205820
15164223 4175460 15164565 4176060
15162627 4203300 15162969 4203900
15160119 4149060 15160461 4149660
15159891 4316580 15160233 4317180
15159891 4309380 15160233 4309980
15159435 4212900 15159777 4213500
15158067 4170180 15158409 4170780
15157611 4301700 15157953 4302300
15156015 4309380 15156357 4309980
15155331 4327140 15155673 4327740
15152367 4295940 15152709 4296540
15149859 4319460 15150201 4320060
15149859 4193220 15150201 4193820
15463131 4266180 15464157 4266780
15459825 4192740 15460851 4193340
15182691 4284900 15183717 4285500
15176307 4289220 15177333 4289820
15175851 4291140 15176877 4291740
15174939 4151940 15175965 4152540
15171519 4269060 15172545 4269660
15169467 4271460 15170493 4272060
15166503 4247940 15167529 4248540
15163767 4140900 15164793 4141500
15162855 4218660 15163881 4219260
15161943 4300740 15162969 4301340
15161943 4175460 15162969 4176060
15161943 4164420 15162969 4165020
15161715 4315140 15162741 4315740
15161031 4210980 15162057 4211580
15161031 4156740 15162057 4157340
15160803 4316580 15161829 4317180
15160575 4281060 15161601 4281660
15159321 4327140 15160347 4327740
15159207 4214340 15160233 4214940
15158181 4209540 15159207 4210140
15156927 4204260 15157953 4204860
15156471 4298820 15157497 4299420
15156243 4310340 15157269 4310940
15154533 4291140 15155559 4291740
15154305 4308900 15155331 4309500
15152139 4327620 15153165 4328220
15152139 4190340 15153165 4190940
15151569 4146660 15152595 4147260
15149859 4305540 15150885 4306140
15149175 4217220 15150201 4217820
15148491 4195140 15149517 4195740
15148149 4284900 15149175 4285500
15148149 4282020 15149175 4282620
15148149 4218660 15149175 4219260
15148149 4159620 15149175 4160220
15148149 4158180 15149175 4158780
15148149 4155780 15149175 4156380
15187593 4262340 15198651 4262940
15187593 4257540 15198651 4258140
15187479 4179780 15198537 4180380
15187251 4222020 15198309 4222620
15150543 4218660 15161601 4219260
15166503 4390980 15195801 4392540
15166503 4386180 15195801 4387740
15166503 4381380 15195801 4382940
15166503 4376580 15195801 4378140
15166503 4366980 15195801 4368540
15166503 4351620 15195801 4353180
15181095 4361220 15195801 4362780
15464727 4266180 15466209 4266780
15183945 4245540 15185427 4246140
15165135 4349700 15166617 4350300
15165135 4291140 15166617 4291740
15165135 4288260 15166617 4288860
15165135 4272900 15166617 4273500
15165135 4252740 15166617 4253340
15165135 4224900 15166617 4225500
15165135 4216260 15166617 4216860
15165135 4210500 15166617 4211100
15165135 4205700 15166617 4206300
15165135 4182660 15166617 4183260
15165135 4179780 15166617 4180380
15165135 4163460 15166617 4164060
15459483 4143300 15463245 4143900
15194091 4227780 15197853 4228380
15178587 4227300 15182349 4227900
15171291 4196580 15175053 4197180
15171177 4194660 15174939 4195260
15170379 4300740 15174141 4301340
15166731 4229220 15170493 4229820
15166503 4159620 15170265 4160220
15161373 4372740 15165135 4373340
15159435 4263780 15163197 4264380
15157155 4217700 15160917 4218300
15157155 4138980 15160917 4139580
15156927 4223460 15160689 4224060
15156813 4254660 15160575 4255260
15156699 4325220 15160461 4325820
15154647 4168260 15158409 4168860
15153507 4137060 15157269 4137660
15152139 4317060 15155901 4317660
15148491 4222980 15152253 4223580
15148149 4322340 15151911 4322940
15148149 4314660 15151911 4315260
15148149 4308900 15151911 4309500
15148149 4298820 15151911 4299420
15148149 4169700 15151911 4170300
15146781 4257060 15150543 4257660
15146781 4393860 15161487 4395900
15146781 4389060 15161487 4391100
15146781 4384260 15161487 4386300
15146781 4379460 15161487 4381500
15146781 4365060 15161487 4367100
15146781 4360260 15161487 4362300
15148149 4346820 15162855 4347900
15148149 4338180 15162855 4339260
15440445 4192260 15455151 4192860
15183603 4140420 15198309 4141020
15183375 4202820 15198081 4203420
15183033 4219140 15197739 4219740
15182007 4218180 15196713 4218780
15182007 4193220 15196713 4193820
15181095 4137540 15195801 4138140
15180867 4213380 15195573 4213980
15180867 4190340 15195573 4190940
15180525 4298820 15195231 4299420
15179727 4232580 15194433 4233180
15178587 4170180 15193293 4170780
15177903 4237380 15192609 4237980
15177447 4280580 15192153 4281180
15176991 4154820 15191697 4155420
15173001 4260420 15187707 4261020
15172773 4270980 15187479 4271580
15171519 4299780 15186225 4300380
15171519 4261380 15186225 4261980
15171177 4142340 15185883 4142940
15170835 4243140 15185541 4243740
15170607 4305540 15185313 4306140
15168669 4251300 15183375 4251900
15168441 4318500 15183147 4319100
15167643 4308420 15182349 4309020
15167415 4240260 15182121 4240860
15166731 4245540 15181437 4246140
15165135 4323300 15179841 4323900
15164907 4324260 15179613 4324860
15164907 4317540 15179613 4318140
15149859 4353540 15164565 4354140
15148491 4343940 15163197 4344540
15148149 4348260 15162855 4348860
15146781 4391940 15161487 4392540
15146781 4387140 15161487 4387740
15146781 4382340 15161487 4382940
15146781 4377540 15161487 4378140
15146781 4367940 15161487 4368540
15190215 4297860 15197625 4298460
15189075 4162500 15196485 4163100
15188391 4263300 15195801 4263900
15188391 4245060 15195801 4245660
15188391 4174020 15195801 4174620
15188277 4296900 15195687 4297500
15179271 4277700 15186681 4278300
15177903 4282500 15185313 4283100
15175965 4371300 15183375 4371900
15175965 4350180 15183375 4350780
15175965 4341540 15183375 4342140
15175395 4303620 15182805 4304220
15175167 4269060 15182577 4269660
15174939 4158660 15182349 4159260
15174711 4180260 15182121 4180860
15174483 4153860 15181893 4154460
15173799 4331460 15181209 4332060
15173799 4274340 15181209 4274940
15173115 4265220 15180525 4265820
15172431 4144260 15179841 4144860
15160233 4358820 15167643 4359420
15149859 4355940 15157269 4356540
15148491 4351620 15155901 4352220
15148149 4345860 15155559 4346460
15148149 4341060 15155559 4341660
15148149 4336740 15155559 4337340
