15166959 4304580 15169125 4305660
15162171 4302660 15164337 4303740
15159663 4259460 15161829 4260540
15150087 4272900 15152253 4273980
15157155 4169220 15158409 4169820
15149859 4210980 15151113 4211580
15162855 4199460 15163311 4200060
15157611 4203300 15158067 4203900
15153735 4305540 15154761 4306140
15152595 4205220 15153621 4205820
15151455 4225380 15152481 4225980
15179043 4193220 15180639 4194300
15176991 4288260 15178587 4289340
15162741 4260420 15164337 4261500
15157953 4297860 15159549 4298940
15155331 4254660 15156927 4255740
15154191 4283460 15155787 4284540
15154191 4250820 15155787 4251900
15160119 4167300 15161145 4167900
15151455 4210500 15152025 4211100
15172431 4161540 15173001 4162140
15172203 4200900 15172773 4201500
15158067 4225860 15158637 4226460
15155331 4270020 15155901 4270620
15155103 4188420 15155673 4189020
15151911 4140420 15152481 4141020
15162627 4184100 15163767 4184700
15173799 4224900 15174369 4225980
15161943 4298820 15162513 4299900
15157155 4287300 15157725 4288380
15154647 4157700 15155217 4158780
15159321 4158180 15163653 4158780
15148149 4276260 15152481 4276860
15158979 4180740 15161487 4181340
15149517 4291140 15152025 4291740
15169695 4164420 15171861 4165020
15161715 4151940 15163881 4152540
15159207 4195140 15161373 4195740
15155103 4214340 15157269 4214940
15153507 4174980 15155673 4175580
15174711 4156740 15198537 4157340
15148491 4178820 15150885 4179420
15161259 4168740 15183261 4169340
15159435 4333860 15181437 4334460
15156585 4252740 15157269 4253340
15155103 4280580 15155787 4281180
15160803 4231140 15162855 4231740
15154533 4183620 15156585 4184220
15151227 4307940 15153279 4308540
15148149 4277700 15150201 4278300
15148149 4261380 15150201 4261980
15148149 4145700 15150201 4146300
15164793 4305540 15166617 4306140
15164793 4289220 15166617 4289820
15162969 4292100 15163425 4292700
15159891 4226820 15160347 4227420
15164223 4145700 15173457 4146300
15161031 4213860 15163881 4214460
15156927 4161540 15159777 4162140
15170607 4219620 15176193 4220220
15162627 4211940 15168213 4212540
15161373 4147620 15166959 4148220
15151911 4236420 15157497 4237020
15165135 4195140 15166617 4196700
15173799 4289700 15175053 4290300
15165819 4149540 15167073 4150140
15162399 4155300 15163653 4155900
15156471 4318020 15157725 4318620
15173799 4222020 15175737 4222620
15162969 4180740 15164907 4181340
15161373 4322340 15163311 4322940
15161031 4238340 15162969 4238940
15159435 4289700 15161373 4290300
15158067 4288260 15160005 4288860
15157155 4194660 15159093 4195260
15157041 4239780 15158979 4240380
15157041 4174980 15158979 4175580
15156927 4278180 15158865 4278780
15154647 4288260 15156585 4288860
15154419 4261860 15156357 4262460
15151683 4255620 15153621 4256220
15151683 4174020 15153621 4174620
15150315 4214340 15152253 4214940
15176535 4282980 15177105 4283580
15169011 4208100 15169581 4208700
15166503 4217220 15167073 4217820
15163083 4270980 15163653 4271580
15157155 4311780 15157725 4312380
15149631 4264260 15150201 4264860
15149631 4155780 15150201 4156380
15164907 4320900 15166617 4321500
15164223 4170660 15164565 4171260
15156927 4314180 15157269 4314780
15153507 4170180 15153849 4170780
15173799 4291140 15174825 4291740
15173799 4286340 15174825 4286940
15173799 4282500 15174825 4283100
15161145 4197060 15162171 4197660
15159207 4185060 15160233 4185660
15158979 4317060 15160005 4317660
15154647 4318980 15155673 4319580
15146781 4152420 15157839 4153020
15166503 4356420 15195801 4357980
15166503 4346820 15195801 4348380
15178017 4149060 15192723 4150620
15165135 4294980 15166617 4295580
15165135 4248900 15166617 4249500
15165135 4238340 15166617 4238940
15165135 4221060 15166617 4221660
15165135 4143300 15166617 4143900
15462447 4192740 15466209 4193340
15173343 4208100 15177105 4208700
15171519 4230660 15175281 4231260
15170379 4288740 15174141 4289340
15169011 4205220 15172773 4205820
15168897 4275300 15172659 4275900
15167871 4261860 15171633 4262460
15167871 4232580 15171633 4233180
15166503 4243140 15170265 4243740
15166503 4234500 15170265 4235100
15166503 4227780 15170265 4228380
15166503 4189380 15170265 4189980
15166503 4184580 15170265 4185180
15165705 4272420 15169467 4273020
15165591 4235940 15169353 4236540
15165363 4223460 15169125 4224060
15164223 4202340 15167985 4202940
15163995 4293540 15167757 4294140
15163995 4270500 15167757 4271100
15159435 4225380 15163197 4225980
15158751 4261380 15162513 4261980
15157155 4246020 15160917 4246620
15157155 4140420 15160917 4141020
15156585 4237860 15160347 4238460
15156585 4146660 15160347 4147260
15154419 4230660 15158181 4231260
15154191 4285860 15157953 4286460
15153507 4266180 15157269 4266780
15152367 4282020 15156129 4282620
15152367 4198500 15156129 4199100
15152367 4162500 15156129 4163100
15152253 4147140 15156015 4147740
15152139 4240740 15155901 4241340
15151911 4227780 15155673 4228380
15151455 4178340 15155217 4178940
15151227 4226820 15154989 4227420
15150999 4171620 15154761 4172220
15149859 4310340 15153621 4310940
15149859 4247460 15153621 4248060
15148149 4189860 15151911 4190460
15183375 4198020 15198081 4198620
15181779 4204740 15196485 4205340
15179271 4209540 15193977 4210140
15168669 4302180 15183375 4302780
15168327 4178820 15183033 4179420
15167871 4237860 15182577 4238460
15167415 4249860 15182121 4250460
15166731 4246500 15181437 4247100
15166047 4139940 15180753 4140540
15165819 4252260 15180525 4252860
15161373 4135140 15176079 4135740
15176307 4281060 15183717 4281660
15176307 4279140 15183717 4279740
15176307 4151460 15183717 4152060
15176079 4232100 15183489 4232700
15172887 4179780 15180297 4180380
15170607 4242660 15178017 4243260
15165819 4148580 15173229 4149180
15161943 4278180 15169353 4278780
15157155 4200420 15164565 4201020
15156927 4304100 15164337 4304700
15156699 4295460 15164109 4296060
15152367 4269060 15159777 4269660
