15319149 4319460 15336135 4350300
15319149 4258020 15336135 4288860
15319149 4196580 15336135 4227420
15319149 4135140 15336135 4165980
15319149 4380900 15336135 4396380
15192609 4379940 15198651 4389180
15192609 4370340 15198651 4379580
15192609 4360740 15198651 4369980
15192609 4351140 15198651 4360380
15192609 4341540 15198651 4350780
15192609 4331940 15198651 4341180
15192609 4322340 15198651 4331580
15192609 4312740 15198651 4321980
15192609 4389540 15198651 4393980
15192609 4308900 15198651 4312380
15168783 4167780 15170379 4168380
15173799 4186020 15174597 4187580
15183945 4206180 15192723 4207740
15183945 4171620 15192723 4173180
15183945 4138980 15192723 4140540
15195687 4174980 15198651 4176540
15197511 4136580 15198651 4138140
15149859 4195140 15152709 4196700
15192609 4395300 15198651 4396860
15185313 4176420 15192723 4177980
15175965 4392420 15183375 4393980
15175965 4387620 15183375 4389180
15175965 4382820 15183375 4384380
15175965 4378020 15183375 4379580
15175965 4368420 15183375 4369980
15175965 4363620 15183375 4365180
15175965 4359780 15183375 4361340
15179499 4330980 15183261 4332540
15179499 4316580 15183261 4318140
15179043 4343460 15182805 4345020
15177333 4347300 15181095 4348860
15148149 4329540 15150201 4330140
15148149 4325220 15150201 4325820
15148149 4313220 15150201 4313820
15148149 4309380 15150201 4309980
15148149 4300740 15150201 4301340
15148149 4294980 15150201 4295580
15148149 4293060 15150201 4293660
15148149 4252740 15150201 4253340
15148149 4220100 15150201 4220700
15148149 4215780 15150201 4216380
15148149 4197060 15150201 4197660
15148149 4188420 15150201 4189020
15148149 4168260 15150201 4168860
15148149 4144260 15150201 4144860
15148149 4135620 15150201 4136220
15334881 4297380 15468375 4312860
15334881 4174500 15468375 4189980
15334881 4370340 15468375 4378140
15192609 4286820 15198651 4288380
15192609 4277220 15198651 4278780
15192609 4272420 15198651 4273980
15192609 4248420 15198651 4249980
15192609 4234980 15198651 4236540
15192609 4233060 15198651 4234620
15192609 4229220 15198651 4230780
15192609 4195620 15198651 4197180
15192609 4186020 15198651 4187580
15192609 4166820 15198651 4168380
15192609 4152420 15198651 4153980
15183945 4303140 15192723 4305660
15183945 4293540 15192723 4296060
15183945 4288740 15192723 4291260
15183945 4269540 15192723 4272060
15183945 4264740 15192723 4267260
15183945 4255140 15192723 4257660
15183945 4250340 15192723 4252860
15183945 4221540 15192723 4224060
15183945 4216740 15192723 4219260
15183945 4211940 15192723 4214460
15183945 4202340 15192723 4204860
15183945 4192740 15192723 4195260
15183945 4187940 15192723 4190460
15183945 4173540 15192723 4176060
15183945 4168740 15192723 4171260
15183945 4163940 15192723 4166460
15183945 4159140 15192723 4161660
15183945 4149540 15192723 4152060
15183945 4135140 15192723 4137660
15192609 4296420 15198195 4297980
15192609 4291620 15198195 4293180
15192609 4259940 15198195 4261500
15192609 4258020 15198195 4259580
15192609 4243620 15198195 4245180
15192609 4226340 15198195 4227900
15192609 4224420 15198195 4225980
15192609 4181220 15198195 4182780
15146781 4345380 15148263 4346460
15146781 4291620 15148263 4292700
15146781 4284900 15148263 4285980
15146781 4264740 15148263 4265820
15146781 4254180 15148263 4255260
15146781 4244580 15148263 4245660
15146781 4217700 15148263 4218780
15146781 4203300 15148263 4204380
15146781 4186980 15148263 4188060
15146781 4184100 15148263 4185180
15146781 4179300 15148263 4180380
15146781 4170660 15148263 4171740
15336021 4379460 15468375 4380060
15334881 4191780 15468375 4192380
15165135 4300740 15167073 4301340
15165135 4281540 15167073 4282140
15164223 4193220 15166617 4194780
15165591 4189860 15166389 4190460
15163995 4235940 15164793 4236540
15176535 4150020 15178131 4153020
15162741 4210500 15164337 4213500
15162741 4144260 15164337 4147260
15164223 4306980 15166161 4307580
15156927 4315620 15158865 4316220
15152139 4272900 15154077 4273500
15169695 4281540 15170949 4282140
15163767 4255620 15165021 4256220
15158979 4306020 15160233 4306620
15156699 4322820 15157953 4323420
15155331 4296420 15156585 4297020
15152139 4214340 15153393 4214940
15164907 4258020 15166617 4258620
15161259 4297860 15162969 4298460
15160575 4294500 15162285 4295100
15158067 4208100 15159777 4208700
15157155 4272900 15158865 4273500
15156471 4308900 15158181 4309500
15150999 4245540 15152709 4246140
15172659 4159140 15173913 4159740
15163083 4306020 15164337 4306620
15163083 4206660 15164337 4207260
15163083 4163940 15164337 4164540
15160803 4196580 15162057 4197180
15153507 4262340 15154761 4262940
15159663 4358820 15160347 4359420
15174027 4206660 15176193 4209660
15169467 4198020 15171633 4201020
15166959 4200900 15169125 4203900
15162171 4237380 15164337 4240380
15162171 4158660 15164337 4161660
15159663 4229700 15161829 4232700
15157383 4175940 15159549 4178940
15157383 4145220 15159549 4148220
15154875 4201860 15157041 4204860
15150087 4304580 15152253 4307580
15150087 4259460 15152253 4262460
15150087 4179780 15152253 4182780
15150087 4173060 15152253 4176060
15176307 4185060 15178473 4185660
15166731 4282980 15168897 4283580
15166503 4220100 15168669 4220700
15164223 4279140 15166389 4279740
15164223 4208100 15166389 4208700
15163083 4225380 15165249 4225980
15161943 4176900 15164109 4177500
15159435 4308900 15161601 4309500
15154647 4257060 15156813 4257660
15152139 4313220 15154305 4313820
15153735 4220580 15155901 4221180
15152367 4271460 15154533 4272060
15152139 4206180 15154305 4206780
15151455 4252260 15153621 4252860
15175851 4186980 15176649 4187580
15171177 4226820 15171975 4227420
15168897 4224900 15169695 4225500
15161943 4233540 15162741 4234140
15155787 4313700 15156585 4314300
15155331 4300260 15156129 4300860
15154419 4214820 15155217 4215420
15152367 4276740 15153165 4277340
15148149 4270980 15148947 4271580
15178587 4186980 15181209 4187580
15171063 4292100 15173685 4292700
15167415 4165860 15170037 4166460
15166503 4199940 15169125 4200540
15166503 4187460 15169125 4188060
15164223 4154340 15166845 4154940
15156927 4303620 15159549 4304220
15152139 4177380 15154761 4177980
15149859 4310820 15152481 4311420
15149859 4201380 15152481 4201980
15176307 4198020 15177561 4198620
15175623 4191300 15176877 4191900
15173115 4294020 15174369 4294620
15166047 4195620 15167301 4196220
15163539 4259940 15164793 4260540
15161259 4288740 15162513 4289340
15158751 4299780 15160005 4300380
15151683 4221540 15152937 4222140
15176991 4192740 15178473 4193340
15175851 4284420 15177333 4285020
15175623 4202820 15177105 4203420
15164679 4144740 15166161 4145340
15161259 4267140 15162741 4267740
15160575 4157700 15162057 4158300
15151683 4318020 15153165 4318620
15164451 4186980 15166161 4187580
15164223 4149540 15165933 4150140
15163311 4283460 15165021 4284060
15159435 4161060 15161145 4161660
15157155 4252740 15158865 4253340
15173343 4154820 15175509 4155420
15164223 4220580 15166389 4221180
15163767 4253220 15165933 4253820
15163083 4288260 15165249 4288860
15157155 4258500 15159321 4259100
15157155 4228740 15159321 4229340
15155559 4321380 15157725 4321980
15154191 4272420 15156357 4273020
15174939 4289220 15175737 4289820
15169695 4294980 15170493 4295580
15162399 4329540 15163197 4330140
15162171 4328100 15162969 4328700
15161259 4172100 15162057 4172700
15160119 4329540 15160917 4330140
15160119 4293060 15160917 4293660
15157155 4264740 15157953 4265340
15156471 4306500 15157269 4307100
15155787 4323780 15156585 4324380
15154647 4305540 15155445 4306140
15153963 4289220 15154761 4289820
15153507 4190340 15154305 4190940
15153279 4304580 15154077 4305180
15153051 4239780 15153849 4240380
15153051 4215300 15153849 4215900
15152367 4306020 15153165 4306620
15152367 4174980 15153165 4175580
15151683 4285860 15152481 4286460
15151455 4240740 15152253 4241340
15151455 4186020 15152253 4186620
15150999 4211940 15151797 4212540
15165591 4260900 15167301 4261500
15160575 4284420 15162285 4285020
15156927 4314660 15158637 4315260
15154647 4142340 15156357 4142940
15153051 4198020 15154761 4198620
15153051 4186500 15154761 4187100
15180639 4194180 15181665 4195260
15178131 4203780 15179157 4204860
15174939 4196100 15175965 4197180
15166503 4296900 15167529 4297980
15161259 4331460 15162285 4332540
15156471 4174020 15157497 4175100
15154647 4307460 15155673 4308540
15152139 4320900 15153165 4321980
15152139 4265220 15153165 4266300
15152139 4183620 15153165 4184700
15180867 4189380 15181665 4190460
15178587 4221060 15179385 4222140
15178473 4194180 15179271 4195260
15178359 4228740 15179157 4229820
15166503 4307460 15167301 4308540
15166503 4238340 15167301 4239420
15166503 4236420 15167301 4237500
15161943 4173060 15162741 4174140
15161487 4278660 15162285 4279740
15158979 4205700 15159777 4206780
15158865 4318980 15159663 4320060
15156699 4253700 15157497 4254780
15154419 4243140 15155217 4244220
15154419 4195140 15155217 4196220
15152367 4198980 15153165 4200060
15151911 4152900 15152709 4153980
15169011 4204740 15171633 4205340
15167643 4270980 15170265 4271580
15160347 4311300 15162969 4311900
15159435 4291140 15162057 4291740
15149859 4232100 15152481 4232700
15168327 4255620 15168669 4256700
15164223 4284420 15164565 4285500
15161943 4148100 15162285 4149180
15159435 4304580 15159777 4305660
15159435 4219140 15159777 4220220
15157155 4250820 15157497 4251900
15157155 4222020 15157497 4223100
15154647 4314180 15154989 4315260
15154647 4277700 15154989 4278780
15153963 4250820 15154305 4251900
15174939 4291620 15176877 4292220
15172659 4163460 15174597 4164060
15164451 4219620 15166389 4220220
15164451 4158180 15166389 4158780
15163311 4292100 15165249 4292700
15162627 4172100 15164565 4172700
15160803 4306020 15162741 4306620
15160575 4325700 15162513 4326300
15158295 4279140 15160233 4279740
15157839 4328100 15159777 4328700
15156243 4215300 15158181 4215900
15156015 4188900 15157953 4189500
15153735 4328100 15155673 4328700
15153051 4175940 15154989 4176540
15152823 4259460 15154761 4260060
15151455 4223460 15153393 4224060
15172431 4182660 15173913 4183260
15171519 4231140 15173001 4231740
15169695 4282980 15171177 4283580
15165135 4213860 15166617 4214460
15164223 4277220 15165705 4277820
15164223 4231140 15165705 4231740
15164223 4136100 15165705 4136700
15163539 4316580 15165021 4317180
15161487 4218660 15162969 4219260
15160575 4333380 15162057 4333980
15159435 4202820 15160917 4203420
15157155 4193220 15158637 4193820
15153051 4261380 15154533 4261980
15152139 4266660 15153621 4267260
15150087 4171140 15151569 4171740
15149859 4226820 15151341 4227420
15149859 4164900 15151341 4165500
15173799 4149540 15175281 4150140
15170151 4227780 15171633 4228380
15164223 4228260 15165705 4228860
15164223 4203300 15165705 4203900
15160575 4324260 15162057 4324860
15157839 4218180 15159321 4218780
15167415 4302180 15168783 4302780
15166731 4277220 15168099 4277820
15160347 4145700 15161715 4146300
15153051 4149540 15154419 4150140
15150999 4147140 15152367 4147740
15175965 4200420 15177333 4201020
15173229 4285860 15174597 4286460
15168897 4210500 15170265 4211100
15161373 4147140 15162741 4147740
15154533 4138980 15155901 4139580
15148149 4259940 15149517 4260540
15168897 4299300 15169809 4299900
15163539 4165860 15164451 4166460
15162399 4154820 15163311 4155420
15156813 4309860 15157725 4310460
15154077 4290180 15154989 4290780
15175851 4212900 15177105 4213500
15173343 4146660 15174597 4147260
15158751 4239300 15160005 4239900
15156471 4318500 15157725 4319100
15156243 4248900 15157497 4249500
15171063 4212900 15175281 4213500
15170835 4190340 15175053 4190940
15169467 4274820 15173685 4275420
15165591 4164900 15169809 4165500
15163311 4242660 15167529 4243260
15157383 4265700 15161601 4266300
15156699 4170660 15160917 4171260
15156471 4240740 15160689 4241340
15153963 4231620 15158181 4232220
15151911 4161060 15156129 4161660
15151455 4299300 15155673 4299900
15151455 4256100 15155673 4256700
15149403 4283940 15153621 4284540
15149403 4207140 15153621 4207740
15171747 4169220 15176421 4170300
15169239 4205700 15173913 4206780
15166959 4303620 15171633 4304700
15166959 4290180 15171633 4291260
15166959 4169220 15171633 4170300
15166959 4157700 15171633 4158780
15159663 4222020 15164337 4223100
15159663 4191300 15164337 4192380
15157383 4286340 15162057 4287420
15154875 4332420 15159549 4333500
15154875 4293060 15159549 4294140
15154875 4268100 15159549 4269180
15154875 4167300 15159549 4168380
15154875 4152900 15159549 4153980
15152595 4330500 15157269 4331580
15150087 4282500 15154761 4283580
15150087 4235460 15154761 4236540
15150087 4217220 15154761 4218300
15150087 4166340 15154761 4167420
15150087 4137540 15154761 4138620
15174027 4201380 15176421 4201980
15173115 4227780 15175509 4228380
15168327 4261380 15170721 4261980
15160347 4153380 15162741 4153980
15158751 4199940 15161145 4200540
15158751 4192740 15161145 4193340
15158751 4184100 15161145 4184700
15158067 4188420 15160461 4189020
15157839 4320420 15160233 4321020
15151227 4250340 15153621 4250940
15150999 4287300 15153393 4287900
15170607 4277220 15171633 4277820
15169467 4193700 15170493 4194300
15166503 4253220 15167529 4253820
15166275 4283940 15167301 4284540
15165819 4204260 15166845 4204860
15164451 4232100 15165477 4232700
15164451 4150500 15165477 4151100
15163311 4170660 15164337 4171260
15148947 4240740 15149973 4241340
15148947 4140900 15149973 4141500
15148263 4217220 15149289 4217820
15168669 4262340 15169581 4263420
15161943 4273860 15162855 4274940
15161943 4262340 15162855 4263420
15161943 4260420 15162855 4261500
15161943 4253700 15162855 4254780
15161373 4225860 15162285 4226940
15159093 4321860 15160005 4322940
15157041 4326660 15157953 4327740
15156585 4229700 15157497 4230780
15152367 4157700 15153279 4158780
15152367 4142340 15153279 4143420
15152139 4233540 15153051 4234620
15151797 4314180 15152709 4315260
15148149 4231620 15149061 4232700
15195459 4213380 15198309 4213980
15195459 4198980 15198309 4199580
15195459 4190340 15198309 4190940
15195117 4298820 15197967 4299420
15178131 4199460 15180981 4200060
15176307 4218660 15179157 4219260
15176079 4226340 15178929 4226940
15175623 4193700 15178473 4194300
15173799 4217700 15176649 4218300
15169011 4161060 15171861 4161660
15168783 4160100 15171633 4160700
15166731 4257060 15169581 4257660
15166503 4185540 15169353 4186140
15165363 4184100 15168213 4184700
15164223 4179300 15167073 4179900
15163995 4155300 15166845 4155900
15162855 4286820 15165705 4287420
15162399 4321860 15165249 4322460
15162399 4182660 15165249 4183260
15161943 4296900 15164793 4297500
15161715 4234500 15164565 4235100
15161715 4185540 15164565 4186140
15159207 4250340 15162057 4250940
15158979 4282500 15161829 4283100
15157839 4285380 15160689 4285980
15157155 4313220 15160005 4313820
15157155 4226820 15160005 4227420
15156927 4198980 15159777 4199580
15154647 4164900 15157497 4165500
15154191 4145700 15157041 4146300
15152139 4324740 15154989 4325340
15152139 4303140 15154989 4303740
15152139 4248900 15154989 4249500
15152139 4170660 15154989 4171260
15151683 4169220 15154533 4169820
15149859 4301700 15152709 4302300
15149859 4280100 15152709 4280700
15149859 4187460 15152709 4188060
15149631 4148580 15152481 4149180
15149631 4139460 15152481 4140060
15148491 4303620 15151341 4304220
15148149 4250340 15150999 4250940
15148149 4246980 15150999 4247580
15148149 4208580 15150999 4209180
15148149 4192260 15150999 4192860
15166959 4217220 15167757 4218300
15161943 4248900 15162741 4249980
15160575 4150020 15161373 4151100
15149403 4243140 15150201 4244220
15148263 4221060 15149061 4222140
15148263 4211460 15149061 4212540
15148263 4139460 15149061 4140540
15186111 4299780 15197169 4300380
15185769 4142340 15196827 4142940
15184059 4208580 15195117 4209180
15172659 4271460 15183717 4272060
15171747 4178340 15182805 4178940
15178587 4217220 15179727 4218300
15170721 4222020 15171861 4223100
15161715 4193220 15162855 4194300
15161145 4135620 15162285 4136700
15159435 4174020 15160575 4175100
15156357 4245060 15157497 4246140
15156357 4172100 15157497 4173180
15154647 4311300 15155787 4312380
15154647 4286340 15155787 4287420
15154533 4260420 15155673 4261500
15152139 4277700 15153279 4278780
15146781 4306500 15148263 4307580
15146781 4355940 15149973 4356540
15146781 4343460 15149973 4344060
15146781 4342020 15149973 4342620
15146781 4339620 15149973 4340220
15146781 4319460 15149973 4320060
15146781 4318020 15149973 4318620
15146781 4315620 15149973 4316220
15146781 4297860 15149973 4298460
15146781 4294020 15149973 4294620
15146781 4282980 15149973 4283580
15146781 4281540 15149973 4282140
15146781 4279140 15149973 4279740
15146781 4275300 15149973 4275900
15146781 4270020 15149973 4270620
15146781 4262820 15149973 4263420
15146781 4258980 15149973 4259580
15146781 4257540 15149973 4258140
15146781 4214820 15149973 4215420
15146781 4205700 15149973 4206300
15146781 4193220 15149973 4193820
15146781 4189380 15149973 4189980
15146781 4182180 15149973 4182780
15146781 4176900 15149973 4177500
15146781 4174500 15149973 4175100
15146781 4173060 15149973 4173660
15146781 4156740 15149973 4157340
15159093 4246980 15160689 4247580
15155445 4335300 15157041 4335900
15152025 4145700 15153621 4146300
15151569 4156260 15153165 4156860
15148149 4304580 15149745 4305180
15148149 4290180 15149745 4290780
15148149 4276740 15149745 4277340
15148149 4272420 15149745 4273020
15148149 4251300 15149745 4251900
15148149 4213380 15149745 4213980
15148149 4201860 15149745 4202460
15148149 4198020 15149745 4198620
15148149 4185540 15149745 4186140
15148149 4163940 15149745 4164540
15148149 4146660 15149745 4147260
15192723 4290180 15198309 4290780
15192609 4261860 15198195 4262460
15192609 4184100 15198195 4184700
15177789 4190820 15183375 4191420
15164223 4162980 15169809 4163580
15159435 4164900 15165021 4165500
15152139 4211940 15157725 4212540
15152139 4194180 15157725 4194780
15148149 4334820 15153735 4335420
15146781 4333860 15152367 4334460
15196599 4306500 15198651 4307100
15196599 4302660 15198651 4303260
15196599 4240260 15198651 4240860
15196599 4206660 15198651 4207260
15196599 4193220 15198651 4193820
15196599 4139460 15198651 4140060
15182007 4180260 15184059 4180860
15182007 4145700 15184059 4146300
15177561 4210980 15179613 4211580
15168099 4273860 15170151 4274460
15165363 4183140 15167415 4183740
15156015 4263780 15158067 4264380
15155445 4334340 15157497 4334940
15155331 4234980 15157383 4235580
15150429 4176420 15152481 4177020
15148149 4331940 15150201 4332540
15148149 4323300 15150201 4323900
15148149 4320900 15150201 4321500
15148149 4317060 15150201 4317660
15148149 4311780 15150201 4312380
15148149 4302660 15150201 4303260
15148149 4296900 15150201 4297500
15148149 4286820 15150201 4287420
15148149 4248900 15150201 4249500
15148149 4239780 15150201 4240380
15148149 4237380 15150201 4237980
15148149 4234020 15150201 4234620
15148149 4229700 15150201 4230300
15148149 4225860 15150201 4226460
15180639 4226340 15184059 4226940
15180639 4195620 15184059 4196220
15161601 4320420 15165021 4321020
15160461 4243620 15163881 4244220
15148149 4330980 15151569 4331580
15148149 4324260 15151569 4324860
15146781 4273380 15150201 4273980
15178017 4188420 15181437 4189020
15161601 4215300 15165021 4215900
15154647 4298340 15158067 4298940
15152139 4212900 15155559 4213500
15148149 4266660 15151569 4267260
15148149 4238340 15151569 4238940
15148149 4228260 15151569 4228860
15148149 4210500 15151569 4211100
15148149 4151940 15151569 4152540
15196371 4162500 15198651 4163100
15171177 4216260 15173457 4216860
15168669 4287300 15170949 4287900
15148149 4162980 15150429 4163580
15192609 4394340 15198651 4394940
15192609 4279140 15198651 4279740
15192609 4178340 15198651 4178940
15192609 4154340 15198651 4154940
15178017 4156260 15184059 4156860
15183945 4306980 15192723 4307580
15183945 4302180 15192723 4302780
15183945 4282020 15192723 4282620
15183945 4268580 15192723 4269180
15183945 4262820 15192723 4263420
15183945 4254180 15192723 4254780
15183945 4239780 15192723 4240380
15183945 4219620 15192723 4220220
15183945 4215780 15192723 4216380
15183945 4210980 15192723 4211580
15183945 4200420 15192723 4201020
15183945 4190820 15192723 4191420
15183945 4162020 15192723 4162620
15183945 4148580 15192723 4149180
15195573 4270020 15198651 4270620
15195573 4255620 15198651 4256220
15195573 4215300 15198651 4215900
15195573 4210500 15198651 4211100
15180981 4354980 15184059 4355580
15180981 4353060 15184059 4353660
15180981 4351140 15184059 4351740
15180981 4349220 15184059 4349820
15180981 4345380 15184059 4345980
15180981 4340580 15184059 4341180
15180981 4338660 15184059 4339260
15180981 4336740 15184059 4337340
15180981 4297380 15184059 4297980
15180981 4247460 15184059 4248060
15180981 4181220 15184059 4181820
15176307 4224900 15179385 4225500
15168783 4234980 15171861 4235580
15178359 4284420 15196713 4285020
15165135 4175460 15183489 4176060
15164223 4329060 15182577 4329660
15164223 4314660 15182577 4315260
15164109 4319460 15182463 4320060
15162855 4332900 15181209 4333500
15162855 4309860 15181209 4310460
15148149 4353540 15149973 4354140
15148149 4352100 15149973 4352700
15148149 4349700 15149973 4350300
15148149 4344420 15149973 4345020
15148149 4337220 15149973 4337820
15148149 4305540 15149973 4306140
15148149 4289220 15149973 4289820
15148149 4288260 15149973 4288860
15148149 4263780 15149973 4264380
15148149 4241700 15149973 4242300
15148149 4224900 15149973 4225500
15148149 4222500 15149973 4223100
15148149 4183140 15149973 4183740
15148149 4159140 15149973 4159740
15148149 4155300 15149973 4155900
15148149 4153380 15149973 4153980
15148149 4149540 15149973 4150140
15148149 4143300 15149973 4143900
15148149 4136580 15149973 4137180
15147465 4138500 15149289 4139100
15146781 4347780 15148605 4348380
15146781 4336260 15148605 4336860
15146781 4327620 15148605 4328220
15146781 4295940 15148605 4296540
15146781 4268100 15148605 4268700
15146781 4247940 15148605 4248540
15146781 4235460 15148605 4236060
15146781 4219140 15148605 4219740
15146781 4207620 15148605 4208220
15146781 4198980 15148605 4199580
15146781 4195140 15148605 4195740
15146781 4191300 15148605 4191900
15146781 4166340 15148605 4166940
15146781 4160100 15148605 4160700
15146781 4142340 15148605 4142940
15173799 4223940 15175509 4224540
15173799 4222500 15175509 4223100
15173799 4221060 15175509 4221660
15171519 4265220 15173229 4265820
15171063 4259460 15172773 4260060
15170835 4223940 15172545 4224540
15170835 4221060 15172545 4221660
15169011 4219620 15170721 4220220
15168327 4263780 15170037 4264380
15167871 4138980 15169581 4139580
15167187 4267140 15168897 4267740
15166731 4206180 15168441 4206780
15166047 4276260 15167757 4276860
15165819 4212900 15167529 4213500
15164223 4201380 15165933 4201980
15163539 4303620 15165249 4304220
15163539 4275780 15165249 4276380
15163539 4269060 15165249 4269660
15163539 4218180 15165249 4218780
15161943 4202820 15163653 4203420
15161943 4175940 15163653 4176540
15161259 4195140 15162969 4195740
15161031 4210500 15162741 4211100
15159891 4270980 15161601 4271580
15159663 4303140 15161373 4303740
15159435 4211460 15161145 4212060
15158751 4166340 15160461 4166940
15156243 4196100 15157953 4196700
15155787 4289220 15157497 4289820
15155787 4162980 15157497 4163580
15154647 4310340 15156357 4310940
15152367 4297380 15154077 4297980
15152367 4163940 15154077 4164540
15152367 4162980 15154077 4163580
15152367 4150980 15154077 4151580
15151911 4312260 15153621 4312860
15151911 4136580 15153621 4137180
15151683 4294020 15153393 4294620
15151683 4289220 15153393 4289820
15148035 4233060 15149745 4233660
15147807 4230660 15149517 4231260
15165135 4394820 15188505 4395420
15165135 4390020 15188505 4390620
15165135 4385220 15188505 4385820
15165135 4380420 15188505 4381020
15165135 4375620 15188505 4376220
15165135 4374660 15188505 4375260
15165135 4370820 15188505 4371420
15165135 4366020 15188505 4366620
15165135 4312260 15188505 4312860
15165135 4245060 15188505 4245660
15185313 4240740 15196371 4241340
15185313 4197540 15196371 4198140
15184857 4143300 15195915 4143900
15172431 4304100 15183489 4304700
15171519 4258020 15182577 4258620
15171519 4234020 15182577 4234620
15171291 4335780 15182349 4336380
15170151 4305060 15181209 4305660
15170037 4256100 15181095 4256700
15195687 4263300 15198651 4263900
15195687 4239300 15198651 4239900
15195687 4221060 15198651 4221660
15195687 4205700 15198651 4206300
15195687 4174020 15198651 4174620
15195687 4138500 15198651 4139100
15181095 4328100 15184059 4328700
15181095 4154340 15184059 4154940
15167187 4192260 15170151 4192860
15165591 4320420 15183945 4321020
15165591 4248420 15183945 4249020
15165591 4176420 15183945 4177020
15165363 4138020 15183717 4138620
15164223 4325220 15182577 4325820
15164109 4315620 15182463 4316220
15146781 4373700 15165135 4374300
15173799 4147620 15175509 4148220
15173115 4273860 15174825 4274460
15170607 4201380 15172317 4201980
15168555 4223940 15170265 4224540
15167415 4294980 15169125 4295580
15166503 4254660 15168213 4255260
15165135 4166820 15166845 4167420
15164223 4226340 15165933 4226940
15159435 4159620 15161145 4160220
15158979 4137060 15160689 4137660
15158523 4214820 15160233 4215420
15156927 4150980 15158637 4151580
15155559 4227780 15157269 4228380
15154647 4258020 15156357 4258620
15152823 4237380 15154533 4237980
15170379 4180260 15171861 4180860
15167871 4284900 15169353 4285500
15167415 4289220 15168897 4289820
15165363 4165860 15166845 4166460
15165135 4290660 15166617 4291260
15165135 4240740 15166617 4241340
15165135 4188900 15166617 4189500
15158751 4294980 15160233 4295580
15158751 4278180 15160233 4278780
15156699 4246500 15158181 4247100
15154875 4253700 15156357 4254300
15153963 4210500 15155445 4211100
15153507 4279140 15154989 4279740
15153507 4143780 15154989 4144380
15151683 4243140 15153165 4243740
15149403 4295940 15150885 4296540
15149403 4268100 15150885 4268700
15149403 4223460 15150885 4224060
15149403 4202820 15150885 4203420
15179271 4222500 15181209 4223100
15176079 4189380 15178017 4189980
15173571 4229700 15175509 4230300
15169467 4196580 15171405 4197180
15169011 4150020 15170949 4150620
15168555 4152900 15170493 4153500
15158979 4315140 15160917 4315740
15156471 4205220 15158409 4205820
15156243 4138500 15158181 4139100
15154647 4270980 15156585 4271580
15153507 4247460 15155445 4248060
15152139 4284900 15154077 4285500
15152139 4228740 15154077 4229340
15197511 4252740 15198651 4253340
15197511 4238340 15198651 4238940
15197511 4214340 15198651 4214940
15197511 4209540 15198651 4210140
15197511 4169220 15198651 4169820
15197511 4165380 15198651 4165980
15197511 4141380 15198651 4141980
15182919 4322340 15184059 4322940
15182919 4313700 15184059 4314300
15182919 4186980 15184059 4187580
15175623 4199460 15176763 4200060
15173571 4189380 15174711 4189980
15173571 4165860 15174711 4166460
15170037 4156260 15171177 4156860
15168441 4211460 15169581 4212060
15164337 4195620 15165477 4196220
15164109 4173060 15165249 4173660
15163425 4273380 15164565 4273980
15159435 4162500 15160575 4163100
15159321 4326660 15160461 4327260
15159207 4247940 15160347 4248540
15159093 4309860 15160233 4310460
15156585 4243620 15157725 4244220
15154077 4192740 15155217 4193340
15153963 4144740 15155103 4145340
15151911 4275300 15153051 4275900
15149859 4327140 15150999 4327740
15148149 4165380 15149289 4165980
15148149 4154340 15149289 4154940
15146781 4243140 15147921 4243740
15146781 4209060 15147921 4209660
15170265 4233060 15172773 4233660
15169239 4278180 15171747 4278780
15168669 4236420 15171177 4237020
15168669 4182180 15171177 4182780
15163881 4229220 15166389 4229820
15157041 4143300 15159549 4143900
15155787 4179780 15158295 4180380
15153621 4160100 15156129 4160700
15152253 4291620 15154761 4292220
15148149 4307940 15150657 4308540
15148149 4256580 15150657 4257180
15148149 4145220 15150657 4145820
15146781 4260900 15149289 4261500
15146781 4148580 15149289 4149180
15182805 4310820 15184059 4311420
15177903 4208580 15179157 4209180
15175395 4149060 15176649 4149660
15173343 4202340 15174597 4202940
15171063 4181220 15172317 4181820
15170607 4164900 15171861 4165500
15168555 4293060 15169809 4293660
15168099 4285860 15169353 4286460
15168099 4266180 15169353 4266780
15166275 4299300 15167529 4299900
15165819 4292580 15167073 4293180
15163995 4327620 15165249 4328220
15163995 4294980 15165249 4295580
15163995 4204740 15165249 4205340
15163083 4313700 15164337 4314300
15162627 4300260 15163881 4300860
15162627 4250340 15163881 4250940
15161259 4289700 15162513 4290300
15161259 4272420 15162513 4273020
15161031 4182180 15162285 4182780
15161031 4178820 15162285 4179420
15161031 4151460 15162285 4152060
15161031 4138500 15162285 4139100
15158523 4234980 15159777 4235580
15157155 4168740 15158409 4169340
15156813 4225380 15158067 4225980
15156471 4288260 15157725 4288860
15154533 4242180 15155787 4242780
15154533 4232580 15155787 4233180
15153963 4197060 15155217 4197660
15153963 4188420 15155217 4189020
15153735 4238820 15154989 4239420
15151683 4308420 15152937 4309020
15151455 4268100 15152709 4268700
15151455 4154340 15152709 4154940
15150771 4140420 15152025 4141020
15197283 4303620 15198651 4304220
15182691 4352100 15184059 4352700
15173001 4301220 15174369 4301820
15165705 4205220 15167073 4205820
15163881 4289700 15165249 4290300
15161487 4307460 15162855 4308060
15160803 4316100 15162171 4316700
15160233 4237860 15161601 4238460
15156585 4187940 15157953 4188540
15156585 4158180 15157953 4158780
15156243 4282980 15157611 4283580
15155901 4312260 15157269 4312860
15154533 4325700 15155901 4326300
15154419 4233540 15155787 4234140
15148149 4269060 15149517 4269660
15148149 4180740 15149517 4181340
15148149 4177860 15149517 4178460
15148149 4169220 15149517 4169820
15148149 4147620 15149517 4148220
15172887 4214340 15175281 4214940
15171063 4210980 15173457 4211580
15168555 4258500 15170949 4259100
15168327 4221060 15170721 4221660
15166047 4291620 15168441 4292220
15165591 4224420 15167985 4225020
15155559 4269540 15157953 4270140
15178131 4196100 15179841 4196700
15175851 4289700 15177561 4290300
15171063 4210020 15172773 4210620
15169923 4301220 15171633 4301820
15169467 4267620 15171177 4268220
15169011 4230180 15170721 4230780
15166503 4148100 15168213 4148700
15164223 4148580 15165933 4149180
15161487 4270020 15163197 4270620
15160119 4154820 15161829 4155420
15157155 4305540 15158865 4306140
15152139 4329540 15153849 4330140
15151911 4238340 15153621 4238940
15176307 4220580 15177789 4221180
15173799 4216260 15175281 4216860
15172887 4197060 15174369 4197660
15171519 4203780 15173001 4204380
15171519 4188420 15173001 4189020
15171519 4152900 15173001 4153500
15170379 4149060 15171861 4149660
15168327 4216260 15169809 4216860
15167871 4231620 15169353 4232220
15166503 4198980 15167985 4199580
15166503 4144260 15167985 4144860
15166503 4143300 15167985 4143900
15165819 4182180 15167301 4182780
15165591 4239780 15167073 4240380
15163767 4270020 15165249 4270620
15163767 4263300 15165249 4263900
15163767 4183620 15165249 4184220
15163083 4174980 15164565 4175580
15161373 4314660 15162855 4315260
15161373 4280100 15162855 4280700
15161373 4187460 15162855 4188060
15160803 4235940 15162285 4236540
15160803 4227780 15162285 4228380
15160803 4217700 15162285 4218300
15158979 4323300 15160461 4323900
15158295 4259460 15159777 4260060
15158295 4179300 15159777 4179900
15157155 4232580 15158637 4233180
15156471 4241700 15157953 4242300
15156015 4280100 15157497 4280700
15156015 4149060 15157497 4149660
15154647 4173540 15156129 4174140
15153735 4267140 15155217 4267740
15152139 4242180 15153621 4242780
15164223 4322820 15166617 4323420
15164223 4294020 15166617 4294620
15164223 4282500 15166617 4283100
15164223 4280580 15166617 4281180
15164223 4268100 15166617 4268700
15164223 4264260 15166617 4264860
15164223 4244100 15166617 4244700
15164223 4198020 15166617 4198620
15155103 4207620 15156927 4208700
15148149 4354980 15177447 4355580
15148149 4340580 15177447 4341180
15196941 4250820 15198651 4251420
15179955 4219620 15181665 4220220
15176079 4227300 15177789 4227900
15175623 4210500 15177333 4211100
15175167 4282020 15176877 4282620
15174939 4183620 15176649 4184220
15170835 4184580 15172545 4185180
15170151 4186500 15171861 4187100
15167415 4280100 15169125 4280700
15166731 4298340 15168441 4298940
15166503 4235460 15168213 4236060
15164223 4178340 15165933 4178940
15163539 4190340 15165249 4190940
15163539 4174020 15165249 4174620
15163539 4139460 15165249 4140060
15162627 4152420 15164337 4153020
15159435 4224900 15161145 4225500
15158067 4266660 15159777 4267260
15156471 4160100 15158181 4160700
15153279 4157220 15154989 4157820
15196827 4294980 15198651 4295580
15196827 4294020 15198651 4294620
15196827 4289220 15198651 4289820
15196827 4265220 15198651 4265820
15196827 4253700 15198651 4254300
15196827 4231620 15198651 4232220
15196827 4217220 15198651 4217820
15196827 4208580 15198651 4209180
15196827 4201860 15198651 4202460
15196827 4173060 15198651 4173660
15196827 4170180 15198651 4170780
15196827 4164420 15198651 4165020
15182235 4292580 15184059 4293180
15182235 4278180 15184059 4278780
15182235 4258980 15184059 4259580
15182235 4157220 15184059 4157820
15177903 4206660 15179727 4207260
15173343 4198020 15175167 4198620
15167757 4234020 15169581 4234620
15161031 4251780 15162855 4252380
15161031 4167780 15162855 4168380
15160575 4216740 15162399 4217340
15156927 4247940 15158751 4248540
15156243 4297380 15158067 4297980
15153621 4224900 15155445 4225500
15192837 4283460 15198423 4284060
15192609 4307940 15198195 4308540
15192609 4183140 15198195 4183740
15192609 4157220 15198195 4157820
15192609 4145700 15198195 4146300
15192609 4144740 15198195 4145340
15178473 4155300 15184059 4155900
15178131 4289700 15183717 4290300
15177675 4330020 15183261 4330620
15176763 4170660 15182349 4171260
15159435 4335300 15165021 4335900
15154077 4358820 15159663 4359420
15169239 4145220 15169809 4145820
15166959 4228260 15167529 4228860
15173799 4272900 15188505 4273500
15169011 4306020 15183717 4306620
15169011 4249380 15183717 4249980
15168669 4172580 15183375 4173180
15167643 4253700 15182349 4254300
15166503 4326660 15181209 4327260
15165819 4171620 15180525 4172220
15163539 4308900 15178245 4309500
15161373 4341540 15176079 4342140
15157155 4355940 15171861 4356540
15155445 4336740 15170151 4337340
15181095 4206180 15182349 4206780
15177219 4222500 15178473 4223100
15176307 4280580 15177561 4281180
15175851 4295460 15177105 4296060
15174939 4279620 15176193 4280220
15174483 4292580 15175737 4293180
15173799 4164420 15175053 4165020
15173799 4157220 15175053 4157820
15173343 4276260 15174597 4276860
15172659 4287300 15173913 4287900
15171519 4288260 15172773 4288860
15171291 4295460 15172545 4296060
15171063 4294500 15172317 4295100
15170151 4225860 15171405 4226460
15170151 4189380 15171405 4189980
15169011 4190340 15170265 4190940
15167415 4237380 15168669 4237980
15166503 4173060 15167757 4173660
15165363 4181220 15166617 4181820
15165135 4222500 15166389 4223100
15161943 4198020 15163197 4198620
15161715 4257540 15162969 4258140
15161715 4199460 15162969 4200060
15160347 4330500 15161601 4331100
15160347 4208580 15161601 4209180
15160347 4156260 15161601 4156860
15159663 4269060 15160917 4269660
15158979 4271940 15160233 4272540
15158295 4155780 15159549 4156380
15158067 4185060 15159321 4185660
15158067 4183140 15159321 4183740
15157839 4317060 15159093 4317660
15154647 4191300 15155901 4191900
15154191 4155300 15155445 4155900
15152139 4300740 15153393 4301340
15152139 4151940 15153393 4152540
15150771 4316100 15152025 4316700
15197055 4304580 15198651 4305180
15197055 4300740 15198651 4301340
15197055 4269060 15198651 4269660
15197055 4242180 15198651 4242780
15197055 4241220 15198651 4241820
15197055 4200900 15198651 4201500
15182463 4296420 15184059 4297020
15182463 4277220 15184059 4277820
15182463 4237860 15184059 4238460
15182463 4234980 15184059 4235580
15182463 4153380 15184059 4153980
15182463 4141860 15184059 4142460
15179841 4198500 15181437 4199100
15172545 4156260 15174141 4156860
15171291 4217700 15172887 4218300
15166275 4232100 15167871 4232700
15165363 4273380 15166959 4273980
15164223 4199460 15165819 4200060
15163881 4196580 15165477 4197180
15163653 4184580 15165249 4185180
15161487 4162020 15163083 4162620
15161373 4275780 15162969 4276380
15160917 4255620 15162513 4256220
15159777 4163460 15161373 4164060
15158865 4283460 15160461 4284060
15158751 4186020 15160347 4186620
15157041 4291620 15158637 4292220
15157041 4284420 15158637 4285020
15156585 4262340 15158181 4262940
15156357 4273860 15157953 4274460
15155901 4154820 15157497 4155420
15154191 4306500 15155787 4307100
15154191 4200420 15155787 4201020
15153735 4318020 15155331 4318620
15149973 4198500 15151569 4199100
15149859 4186020 15151455 4186620
15148149 4246020 15149745 4246620
15146781 4240740 15148377 4241340
15176535 4277700 15178131 4278780
15185313 4306020 15192723 4306620
15185313 4301220 15192723 4301820
15185313 4282980 15192723 4283580
15185313 4267620 15192723 4268220
15185313 4263780 15192723 4264380
15185313 4253220 15192723 4253820
15185313 4238820 15192723 4239420
15185313 4220580 15192723 4221180
15185313 4214820 15192723 4215420
15185313 4210020 15192723 4210620
15185313 4205220 15192723 4205820
15185313 4201380 15192723 4201980
15185313 4191780 15192723 4192380
15185313 4162980 15192723 4163580
15185313 4147620 15192723 4148220
15185313 4138020 15192723 4138620
15184059 4248900 15191469 4249500
15179727 4144260 15187137 4144860
15179499 4184580 15186909 4185180
15176307 4301220 15183717 4301820
15176307 4230180 15183717 4230780
15176307 4177380 15183717 4177980
15176193 4158180 15183603 4158780
15175965 4373220 15183375 4373820
15175965 4354020 15183375 4354620
15175965 4182180 15183375 4182780
15175965 4162020 15183375 4162620
15175965 4135140 15183375 4135740
15174027 4334820 15181437 4335420
15173343 4268580 15180753 4269180
15173229 4298820 15180639 4299420
15171177 4138980 15178587 4139580
15170607 4238820 15178017 4239420
15170037 4246980 15177447 4247580
15169695 4239780 15177105 4240380
15161373 4361700 15168783 4362300
15161145 4318500 15168555 4319100
15157155 4352100 15164565 4352700
15192609 4280100 15196371 4280700
15192609 4241700 15196371 4242300
15192609 4228260 15196371 4228860
15192609 4179300 15196371 4179900
15192609 4155300 15196371 4155900
15179955 4214820 15183717 4215420
15179727 4220580 15183489 4221180
15179271 4233060 15183033 4233660
15179043 4339620 15182805 4340220
15178587 4231140 15182349 4231740
15178587 4169700 15182349 4170300
15177333 4356900 15181095 4357500
15177333 4342500 15181095 4343100
15176307 4211940 15180069 4212540
15170037 4151940 15173799 4152540
15167415 4179300 15171177 4179900
15167415 4141860 15171177 4142460
15166503 4269060 15170265 4269660
15164907 4170660 15168669 4171260
15161373 4359300 15165135 4359900
15161373 4358340 15165135 4358940
15160119 4334340 15163881 4334940
15157155 4220580 15160917 4221180
15155787 4301220 15159549 4301820
15195687 4192260 15198537 4192860
15195459 4176900 15198309 4177500
15195459 4148100 15198309 4148700
15195345 4222980 15198195 4223580
15195117 4212420 15197967 4213020
15181095 4267620 15183945 4268220
15180867 4201380 15183717 4201980
15180867 4137060 15183717 4137660
15180753 4225380 15183603 4225980
15178473 4205220 15181323 4205820
15178359 4210020 15181209 4210620
15178245 4202340 15181095 4202940
15175395 4215300 15178245 4215900
15173115 4233060 15175965 4233660
15171519 4236420 15174369 4237020
15171519 4195620 15174369 4196220
15171519 4191300 15174369 4191900
15171063 4224900 15173913 4225500
15171063 4193220 15173913 4193820
15170607 4208580 15173457 4209180
15170151 4284900 15173001 4285500
15169695 4183620 15172545 4184220
15169011 4147620 15171861 4148220
15169011 4144260 15171861 4144860
15164223 4167780 15167073 4168380
15164223 4162020 15167073 4162620
15163881 4241700 15166731 4242300
15161715 4245060 15164565 4245660
15161487 4137060 15164337 4137660
15159435 4201860 15162285 4202460
15157155 4235940 15160005 4236540
15157155 4135140 15160005 4135740
15156015 4282020 15158865 4282620
15154533 4276740 15157383 4277340
15152139 4315620 15154989 4316220
15151797 4322340 15154647 4322940
15151797 4258500 15154647 4259100
15151683 4332900 15154533 4333500
15148149 4332900 15150999 4333500
15146781 4326180 15149631 4326780
15146781 4200420 15149631 4201020
15164451 4230180 15165249 4230780
15178815 4200900 15179955 4201500
15177447 4200900 15178587 4201500
15175167 4205220 15176307 4205820
15174483 4204260 15175623 4204860
15174255 4203300 15175395 4203900
15172773 4183620 15173913 4184220
15172659 4162020 15173799 4162620
15172431 4194180 15173571 4194780
15171747 4166820 15172887 4167420
15170493 4270020 15171633 4270620
15167985 4214820 15169125 4215420
15167871 4240740 15169011 4241340
15166959 4154340 15168099 4154940
15163197 4156260 15164337 4156860
15159663 4236900 15160803 4237500
15158409 4329540 15159549 4330140
15157383 4324740 15158523 4325340
15156129 4224420 15157269 4225020
15153507 4254660 15154647 4255260
15153279 4263300 15154419 4263900
15153051 4140900 15154191 4141500
15150543 4141380 15151683 4141980
15148833 4141860 15149973 4142460
15169695 4277220 15170151 4277820
15158523 4304580 15158979 4305180
15167871 4276260 15168897 4276860
15164223 4299780 15165249 4300380
15160575 4143300 15161601 4143900
15173115 4269540 15173685 4270140
15197739 4211460 15198651 4212060
15197739 4199940 15198651 4200540
15183147 4334820 15184059 4335420
15183147 4327140 15184059 4327740
15183147 4321380 15184059 4321980
15183147 4286820 15184059 4287420
15183147 4261860 15184059 4262460
15183147 4260900 15184059 4261500
15183147 4142820 15184059 4143420
15176307 4231140 15177219 4231740
15176307 4206180 15177219 4206780
15166503 4222020 15167415 4222620
15161943 4230660 15162855 4231260
15161943 4189380 15162855 4189980
15158751 4157220 15159663 4157820
15154419 4182660 15155331 4183260
15152367 4180740 15153279 4181340
15152139 4230660 15153051 4231260
15151797 4296420 15152709 4297020
15151797 4253700 15152709 4254300
15151797 4162020 15152709 4162620
15148149 4280100 15149061 4280700
15148149 4236420 15149061 4237020
15148149 4227300 15149061 4227900
15148149 4196100 15149061 4196700
15148149 4167300 15149061 4167900
15146781 4239300 15147693 4239900
15197853 4267140 15198651 4267740
15197853 4172100 15198651 4172700
15197853 4163460 15198651 4164060
15197853 4161540 15198651 4162140
15197853 4135620 15198651 4136220
15183261 4350180 15184059 4350780
15183261 4346340 15184059 4346940
15183261 4341540 15184059 4342140
15183261 4307940 15184059 4308540
15183261 4186020 15184059 4186620
15183261 4146660 15184059 4147260
15178815 4215780 15179613 4216380
15178131 4189860 15178929 4190460
15174939 4237380 15175737 4237980
15173571 4167780 15174369 4168380
15171519 4281060 15172317 4281660
15171063 4279620 15171861 4280220
15171063 4150500 15171861 4151100
15170151 4294020 15170949 4294620
15169011 4275780 15169809 4276380
15167871 4247460 15168669 4248060
15167871 4156260 15168669 4156860
15167871 4151940 15168669 4152540
15166731 4274340 15167529 4274940
15166731 4210980 15167529 4211580
15166503 4262340 15167301 4262940
15166503 4250820 15167301 4251420
15166503 4135620 15167301 4136220
15166275 4190820 15167073 4191420
15166275 4177380 15167073 4177980
15165591 4221540 15166389 4222140
15164451 4349700 15165249 4350300
15164451 4313220 15165249 4313820
15164451 4254660 15165249 4255260
15163767 4281540 15164565 4282140
15163767 4227300 15164565 4227900
15162855 4192740 15163653 4193340
15161943 4174980 15162741 4175580
15161943 4156740 15162741 4157340
15161487 4329060 15162285 4329660
15161487 4281060 15162285 4281660
15161487 4276740 15162285 4277340
15161487 4223940 15162285 4224540
15161487 4220100 15162285 4220700
15161487 4188420 15162285 4189020
15161487 4149540 15162285 4150140
15159435 4223940 15160233 4224540
15159207 4262820 15160005 4263420
15159207 4244100 15160005 4244700
15158979 4264260 15159777 4264860
15158979 4194660 15159777 4195260
15158979 4169700 15159777 4170300
15158751 4222980 15159549 4223580
15157155 4192260 15157953 4192860
15157155 4190340 15157953 4190940
15156927 4255620 15157725 4256220
15156699 4191300 15157497 4191900
15156699 4136100 15157497 4136700
15155787 4184100 15156585 4184700
15155559 4139940 15156357 4140540
15154419 4249860 15155217 4250460
15154191 4275780 15154989 4276380
15152367 4260420 15153165 4261020
15152139 4203780 15152937 4204380
15152139 4188900 15152937 4189500
15151911 4219140 15152709 4219740
15149859 4271460 15150657 4272060
15148491 4291140 15149289 4291740
15169923 4150980 15170835 4151580
15171975 4189380 15172545 4189980
15166959 4278660 15167529 4279260
15164451 4192260 15165021 4192860
15163767 4297860 15164337 4298460
15156699 4186980 15157269 4187580
15154191 4184580 15154761 4185180
15151227 4189380 15151797 4189980
15176307 4155300 15177105 4155900
15168327 4153860 15169125 4154460
15164223 4169220 15165021 4169820
15160347 4189380 15161145 4189980
15158523 4225860 15159321 4226460
15157155 4294980 15157953 4295580
15155103 4148100 15155901 4148700
15153507 4189380 15154305 4189980
15152367 4326660 15153165 4327260
15150087 4142340 15150885 4142940
15173343 4219140 15174369 4219740
15173343 4161060 15174369 4161660
15173343 4160100 15174369 4160700
15168555 4259460 15169581 4260060
15167871 4180260 15168897 4180860
15158979 4252260 15160005 4252860
15156699 4304580 15157725 4305180
15154191 4334820 15155217 4335420
15154191 4280100 15155217 4280700
15166503 4215300 15167529 4215900
15154647 4322820 15155673 4323420
15152139 4225860 15153165 4226460
15171291 4170660 15172089 4171260
15166503 4222980 15167301 4223580
15166503 4197060 15167301 4197660
15161943 4163460 15162741 4164060
15156927 4329540 15157725 4330140
15152139 4208100 15152937 4208700
15152139 4150020 15152937 4150620
15149631 4285860 15150429 4286460
15177333 4167780 15178245 4168380
15174825 4297860 15175737 4298460
15170721 4296900 15171633 4297500
15168897 4217220 15169809 4217820
15168897 4212900 15169809 4213500
15164109 4324260 15165021 4324860
15164109 4317540 15165021 4318140
15158409 4209060 15159321 4209660
15158181 4238340 15159093 4238940
15167643 4228740 15168213 4229340
15155787 4135620 15156471 4136220
15182121 4358820 15184059 4359420
15182121 4298340 15184059 4298940
15181323 4333860 15183261 4334460
15181323 4246500 15183261 4247100
15180753 4200420 15182691 4201020
15180411 4252260 15182349 4252860
15177219 4213380 15179157 4213980
15176991 4219620 15178929 4220220
15175623 4216260 15177561 4216860
15173799 4170660 15175737 4171260
15172431 4296420 15174369 4297020
15171291 4272420 15173229 4273020
15170151 4300260 15172089 4300860
15169923 4154340 15171861 4154940
15168555 4207140 15170493 4207740
15166503 4305540 15168441 4306140
15166503 4288260 15168441 4288860
15163311 4311300 15165249 4311900
15162741 4350660 15164679 4351260
15162741 4345860 15164679 4346460
15162627 4209060 15164565 4209660
15159435 4292100 15161373 4292700
15158409 4141380 15160347 4141980
15158067 4311300 15160005 4311900
15157155 4163940 15159093 4164540
15154647 4141380 15156585 4141980
15150315 4159140 15152253 4159740
15197625 4219140 15198651 4219740
15197625 4194180 15198651 4194780
15183033 4259940 15184059 4260540
15182691 4355940 15183717 4356540
15182691 4147620 15183717 4148220
15182349 4173540 15183375 4174140
15176307 4195620 15177333 4196220
15173799 4158180 15174825 4158780
15173799 4150500 15174825 4151100
15173343 4204260 15174369 4204860
15173115 4203300 15174141 4203900
15173115 4148580 15174141 4149180
15171975 4275780 15173001 4276380
15171291 4232100 15172317 4232700
15171177 4194180 15172203 4194780
15170379 4229220 15171405 4229820
15170151 4177860 15171177 4178460
15169467 4288260 15170493 4288860
15168783 4143300 15169809 4143900
15167187 4155300 15168213 4155900
15166503 4295940 15167529 4296540
15166503 4216260 15167529 4216860
15164907 4227300 15165933 4227900
15164223 4331460 15165249 4332060
15164223 4307940 15165249 4308540
15164223 4305060 15165249 4305660
15163881 4271940 15164907 4272540
15161943 4285380 15162969 4285980
15161715 4269060 15162741 4269660
15159435 4172100 15160461 4172700
15158751 4277220 15159777 4277820
15158751 4212420 15159777 4213020
15158523 4257540 15159549 4258140
15157839 4274820 15158865 4275420
15157611 4312260 15158637 4312860
15156699 4182660 15157725 4183260
15154647 4326660 15155673 4327260
15154647 4215780 15155673 4216380
15154647 4136100 15155673 4136700
15154191 4150500 15155217 4151100
15153279 4246500 15154305 4247100
15152139 4270500 15153165 4271100
15152139 4263300 15153165 4263900
15151797 4204740 15152823 4205340
15151683 4135140 15152709 4135740
15174255 4274820 15175281 4275420
15172887 4166820 15173913 4167420
15157383 4237380 15158409 4237980
15171747 4269540 15172887 4270140
15170493 4270980 15171633 4271580
15167985 4300260 15169125 4300860
15166959 4207140 15168099 4207740
15164679 4216740 15165819 4217340
15164451 4207140 15165591 4207740
15164451 4200420 15165591 4201020
15160917 4214340 15162057 4214940
15159663 4180260 15160803 4180860
15158409 4196100 15159549 4196700
15158295 4197540 15159435 4198140
15157839 4289220 15158979 4289820
15156129 4290180 15157269 4290780
15156129 4147620 15157269 4148220
15153621 4294020 15154761 4294620
15153621 4148580 15154761 4149180
15150315 4161060 15151455 4161660
15150087 4292100 15151227 4292700
15148833 4161540 15149973 4162140
15172659 4282020 15172887 4282620
15168897 4242180 15169239 4242780
15163995 4293060 15164337 4293660
15172203 4179300 15172659 4179900
15171747 4179300 15172203 4179900
15170607 4145220 15171063 4145820
15169581 4214340 15170037 4214940
15168555 4218180 15169011 4218780
15168099 4145220 15168555 4145820
15167643 4227300 15168099 4227900
15167073 4226820 15167529 4227420
15166389 4246500 15166845 4247100
15166275 4233060 15166731 4233660
15164793 4143780 15165249 4144380
15162285 4183620 15162741 4184220
15161259 4258500 15161715 4259100
15160803 4258020 15161259 4258620
15160347 4195620 15160803 4196220
15163539 4205700 15164109 4206300
15151911 4281540 15152481 4282140
15176763 4287300 15178359 4288380
15183945 4198980 15184629 4199580
15182805 4202820 15183489 4203420
15180525 4185540 15181209 4186140
15175737 4150500 15176421 4151100
15171633 4257060 15172317 4257660
15170949 4219140 15171633 4219740
15165705 4214820 15166389 4215420
15158637 4182180 15159321 4182780
15153621 4227300 15154305 4227900
15149061 4284900 15149745 4285500
15148149 4141380 15148833 4141980
15174711 4211940 15175509 4212540
15164451 4159620 15165249 4160220
15163767 4223460 15164565 4224060
15161259 4204740 15162057 4205340
15157839 4310340 15158637 4310940
15154191 4151460 15154989 4152060
15153963 4281540 15154761 4282140
15151911 4178820 15152709 4179420
15170037 4162500 15171633 4163580
15162057 4179780 15163653 4180860
15173799 4288260 15175281 4288860
15173799 4231140 15175281 4231740
15171291 4167780 15172773 4168380
15166503 4259940 15167985 4260540
15164223 4258980 15165705 4259580
15161715 4264260 15163197 4264860
15157155 4281060 15158637 4281660
15154875 4320420 15156357 4321020
15154647 4319460 15156129 4320060
15154647 4316580 15156129 4317180
15154647 4309380 15156129 4309980
15152367 4241220 15153849 4241820
15152367 4202820 15153849 4203420
15152139 4224420 15153621 4225020
15150999 4185060 15152481 4185660
15181095 4203780 15182121 4204380
15181095 4192740 15182121 4193340
15176991 4282500 15178017 4283100
15174483 4210020 15175509 4210620
15172887 4282500 15173913 4283100
15171519 4207620 15172545 4208220
15171291 4266180 15172317 4266780
15171291 4214340 15172317 4214940
15168783 4298340 15169809 4298940
15168099 4264740 15169125 4265340
15168099 4251780 15169125 4252380
15168099 4178340 15169125 4178940
15168099 4150980 15169125 4151580
15166503 4306500 15167529 4307100
15166503 4156740 15167529 4157340
15166503 4145220 15167529 4145820
15165819 4210020 15166845 4210620
15165591 4180260 15166617 4180860
15165363 4151460 15166389 4152060
15164223 4326660 15165249 4327260
15164223 4274820 15165249 4275420
15164223 4187940 15165249 4188540
15164223 4138500 15165249 4139100
15163083 4246980 15164109 4247580
15162627 4236420 15163653 4237020
15162171 4171140 15163197 4171740
15161943 4301220 15162969 4301820
15161715 4266180 15162741 4266780
15161715 4212900 15162741 4213500
15161715 4208100 15162741 4208700
15159435 4233540 15160461 4234140
15158295 4173060 15159321 4173660
15157611 4186500 15158637 4187100
15157155 4199940 15158181 4200540
15156243 4185060 15157269 4185660
15155559 4236900 15156585 4237500
15155559 4158660 15156585 4159260
15154647 4295460 15155673 4296060
15154647 4240260 15155673 4240860
15154647 4225860 15155673 4226460
15154647 4180740 15155673 4181340
15153735 4252740 15154761 4253340
15153507 4319940 15154533 4320540
15152367 4216260 15153393 4216860
15152139 4328100 15153165 4328700
15152139 4220580 15153165 4221180
15150087 4172100 15151113 4172700
15182007 4193700 15182349 4194300
15173799 4293060 15174141 4293660
15173115 4278180 15173457 4278780
15166503 4285380 15166845 4285980
15159435 4330500 15159777 4331100
15157725 4202820 15158067 4203420
15156927 4274820 15157269 4275420
15155787 4329060 15156129 4329660
15153051 4253700 15153393 4254300
15152823 4185540 15153165 4186140
15152367 4227300 15152709 4227900
15177447 4284900 15178245 4285500
15175623 4288260 15176421 4288860
15168327 4271940 15169125 4272540
15167415 4250340 15168213 4250940
15164451 4210500 15165249 4211100
15162399 4324740 15163197 4325340
15158751 4280580 15159549 4281180
15157155 4279140 15157953 4279740
15153963 4147620 15154761 4148220
15150999 4271940 15151797 4272540
15181323 4208580 15183489 4209660
15179043 4197060 15181209 4198140
15176535 4232580 15178701 4233660
15174255 4192260 15176421 4193340
15171747 4302660 15173913 4303740
15171747 4289220 15173913 4290300
15166959 4193220 15169125 4194300
15162171 4141380 15164337 4142460
15157383 4139460 15159549 4140540
15155103 4217220 15157269 4218300
15154875 4222980 15157041 4224060
15150087 4290180 15152253 4291260
15150087 4190340 15152253 4191420
15174255 4290660 15175509 4291260
15174027 4185060 15175281 4185660
15172659 4267620 15173913 4268220
15171747 4157220 15173001 4157820
15159435 4249380 15160689 4249980
15158295 4189860 15159549 4190460
15157155 4242660 15158409 4243260
15157155 4216260 15158409 4216860
15155787 4317540 15157041 4318140
15162741 4266180 15164337 4267260
15159891 4139460 15161487 4140540
15166959 4258500 15167985 4259100
15153507 4264260 15154533 4264860
15178701 4198500 15178929 4199100
15175737 4167780 15175965 4168380
15172659 4158180 15172887 4158780
15170379 4280100 15170607 4280700
15167871 4281060 15168099 4281660
15165591 4274340 15165819 4274940
15163083 4205220 15163311 4205820
15161373 4181220 15161601 4181820
15160803 4198020 15161031 4198620
15160461 4272420 15160689 4273020
15155901 4291620 15156129 4292220
15166503 4255620 15166959 4256220
15162741 4272900 15163197 4273500
15157611 4201380 15158067 4201980
15155787 4163940 15156243 4164540
15154533 4321380 15154989 4321980
15150087 4152900 15150543 4153500
15176079 4203780 15176763 4204860
15171177 4293060 15171861 4294140
15171177 4286340 15171861 4287420
15171177 4283460 15171861 4284540
15168897 4295940 15169581 4297020
15168897 4195140 15169581 4196220
15159435 4307460 15160119 4308540
15159321 4273860 15160005 4274940
15158979 4213380 15159663 4214460
15156813 4210500 15157497 4211580
15154533 4229700 15155217 4230780
15154533 4198980 15155217 4200060
15154305 4172100 15154989 4173180
15174939 4294500 15175965 4295100
15174027 4151940 15175053 4152540
15172887 4232100 15173913 4232700
15167871 4282020 15168897 4282620
15166959 4263780 15167985 4264380
15166959 4241700 15167985 4242300
15164679 4298340 15165705 4298940
15164679 4157220 15165705 4157820
15164679 4152420 15165705 4153020
15164451 4257060 15165477 4257660
15164451 4153380 15165477 4153980
15163311 4301700 15164337 4302300
15162855 4142820 15163881 4143420
15158523 4324740 15159549 4325340
15158523 4217220 15159549 4217820
15158067 4325700 15159093 4326300
15156243 4328100 15157269 4328700
15155559 4189860 15156585 4190460
15155331 4171140 15156357 4171740
15153051 4209540 15154077 4210140
15151227 4246980 15152253 4247580
15150999 4276740 15152025 4277340
15150543 4178340 15151569 4178940
15182691 4210020 15183489 4210620
15181095 4217220 15181893 4217820
15179727 4223940 15180525 4224540
15178815 4227780 15179613 4228380
15178587 4214340 15179385 4214940
15178587 4207620 15179385 4208220
15177219 4293540 15178017 4294140
15176307 4296420 15177105 4297020
15176307 4236420 15177105 4237020
15176307 4234980 15177105 4235580
15176307 4197060 15177105 4197660
15175623 4286340 15176421 4286940
15175623 4283460 15176421 4284060
15175623 4228260 15176421 4228860
15174027 4180260 15174825 4180860
15173799 4279140 15174597 4279740
15172431 4226340 15173229 4226940
15171519 4297860 15172317 4298460
15171519 4262820 15172317 4263420
15171519 4261860 15172317 4262460
15171519 4260900 15172317 4261500
15170151 4243140 15170949 4243740
15169467 4302660 15170265 4303260
15168327 4198980 15169125 4199580
15168099 4243620 15168897 4244220
15165363 4139940 15166161 4140540
15165135 4169700 15165933 4170300
15164223 4224420 15165021 4225020
15162855 4235460 15163653 4236060
15162855 4221060 15163653 4221660
15161943 4203780 15162741 4204380
15161943 4150500 15162741 4151100
15161031 4313220 15161829 4313820
15161031 4246500 15161829 4247100
15160347 4317060 15161145 4317660
15159435 4290180 15160233 4290780
15159435 4149060 15160233 4149660
15157839 4181700 15158637 4182300
15157155 4142340 15157953 4142940
15157155 4137540 15157953 4138140
15155103 4186500 15155901 4187100
15152823 4173540 15153621 4174140
15151455 4247940 15152253 4248540
15181551 4198980 15183147 4200060
15174825 4277700 15176421 4278780
15173343 4283460 15174939 4284540
15171975 4228740 15173571 4229820
15168555 4146180 15170151 4147260
15166959 4146180 15168555 4147260
15162627 4216260 15164223 4217340
15161487 4292100 15163083 4293180
15160461 4298820 15162057 4299900
15156699 4270980 15158295 4272060
15155331 4265220 15156927 4266300
15155331 4177860 15156927 4178940
15153051 4273860 15154647 4274940
15152937 4222020 15154533 4223100
15151911 4144260 15153507 4145340
15150201 4278660 15151797 4279740
15149973 4199940 15151569 4201020
15149403 4157700 15150999 4158780
15166047 4209060 15167073 4209660
15158979 4150020 15160005 4150620
15156243 4166340 15157269 4166940
15153963 4301220 15154989 4301820
15150543 4269060 15151569 4269660
15149175 4212420 15150201 4213020
15183375 4189380 15183945 4189980
15181095 4191780 15181665 4192380
15180411 4213380 15180981 4213980
15179271 4287300 15179841 4287900
15178815 4285860 15179385 4286460
15176991 4165380 15177561 4165980
15176763 4148100 15177333 4148700
15176307 4190340 15176877 4190940
15175851 4151460 15176421 4152060
15174939 4180740 15175509 4181340
15174711 4285380 15175281 4285980
15174711 4166340 15175281 4166940
15174027 4162500 15174597 4163100
15171975 4263780 15172545 4264380
15171747 4142820 15172317 4143420
15171519 4197060 15172089 4197660
15170379 4240740 15170949 4241340
15169011 4213860 15169581 4214460
15166959 4194660 15167529 4195260
15164223 4248900 15164793 4249500
15163311 4271460 15163881 4272060
15162171 4211940 15162741 4212540
15161943 4224900 15162513 4225500
15161487 4170660 15162057 4171260
15160803 4168740 15161373 4169340
15159891 4288260 15160461 4288860
15159435 4216260 15160005 4216860
15157155 4214340 15157725 4214940
15157155 4207140 15157725 4207740
15156015 4176900 15156585 4177500
15155103 4262820 15155673 4263420
15154647 4285380 15155217 4285980
15154647 4234500 15155217 4235100
15154191 4241220 15154761 4241820
15153963 4207620 15154533 4208220
15153963 4174500 15154533 4175100
15153507 4208580 15154077 4209180
15153507 4205220 15154077 4205820
15151455 4329060 15152025 4329660
15149859 4326180 15150429 4326780
15149403 4179300 15149973 4179900
15175395 4276740 15175965 4277340
15172431 4276740 15173001 4277340
15170151 4297860 15170721 4298460
15167643 4198020 15168213 4198620
15164907 4142820 15165477 4143420
15161031 4173060 15161601 4173660
15159663 4316100 15160233 4316700
15159663 4256100 15160233 4256700
15156699 4180740 15157269 4181340
15156471 4299300 15157041 4299900
15156243 4292100 15156813 4292700
15155559 4290180 15156129 4290780
15155331 4292100 15155901 4292700
15153279 4180260 15153849 4180860
15152595 4269540 15153165 4270140
15152595 4159620 15153165 4160220
15149403 4160580 15149973 4161180
15173799 4280580 15174369 4281660
15168783 4222020 15169353 4223100
15168669 4238340 15169239 4239420
15168669 4197060 15169239 4198140
15159435 4296900 15160005 4297980
15159435 4275780 15160005 4276860
15159435 4203780 15160005 4204860
15156243 4209540 15156813 4210620
15466893 4338660 15467577 4339260
15183945 4275300 15192723 4276860
15146781 4255620 15151113 4256220
15196257 4274340 15198651 4275900
15196257 4245540 15198651 4247100
15196257 4158180 15198651 4159740
15146781 4356900 15148263 4357500
15146781 4338180 15148263 4338780
15146781 4321860 15148263 4322460
15146781 4314180 15148263 4314780
15146781 4299300 15148263 4299900
15146781 4277700 15148263 4278300
15146781 4162020 15148263 4162620
15146781 4158180 15148263 4158780
15146781 4140420 15148263 4141020
15165021 4371780 15166617 4373340
15466095 4266180 15468375 4266780
15466095 4192740 15468375 4193340
15196371 4207620 15198651 4208220
15196371 4204740 15198651 4205340
15174825 4194660 15177105 4195260
15196143 4305540 15198651 4306140
15196143 4256580 15198651 4257180
15432009 4385700 15463587 4386300
15432009 4338660 15463587 4339260
15198081 4281060 15198651 4282620
15198081 4149540 15198651 4151100
15196257 4276260 15198651 4276860
15196257 4247460 15198651 4248060
15172203 4199940 15174597 4200540
15161373 4362660 15183375 4363260
15161373 4337700 15183375 4338300
15183375 4243620 15185427 4244220
15164565 4352580 15166617 4353180
15164565 4348740 15166617 4349340
15164565 4346820 15166617 4347420
15164565 4344900 15166617 4345500
15164565 4342980 15166617 4343580
15164565 4339140 15166617 4339740
15164451 4206180 15165819 4206780
15169239 4292100 15170265 4292700
15168327 4209540 15169353 4210140
15161943 4190340 15162969 4190940
15161031 4179780 15162057 4180380
15158751 4151940 15159777 4152540
15197967 4301700 15198651 4302300
15197967 4220100 15198651 4220700
15197967 4202820 15198651 4203420
15197967 4171140 15198651 4171740
15183375 4280100 15184059 4280700
15183375 4242660 15184059 4243260
15183375 4241700 15184059 4242300
15183375 4235940 15184059 4236540
15176307 4186020 15176991 4186620
15176193 4293540 15176877 4294140
15173685 4188420 15174369 4189020
15173571 4210500 15174255 4211100
15172317 4250820 15173001 4251420
15172203 4202820 15172887 4203420
15168897 4297380 15169581 4297980
15166503 4294980 15167187 4295580
15166503 4265220 15167187 4265820
15166503 4152900 15167187 4153500
15166503 4140420 15167187 4141020
15161373 4321860 15162057 4322460
15158979 4312260 15159663 4312860
15157383 4295940 15158067 4296540
15156813 4209060 15157497 4209660
15156813 4181700 15157497 4182300
15155673 4246500 15156357 4247100
15461307 4193220 15462105 4193820
15458799 4266180 15459597 4266780
15170835 4269060 15171633 4269660
15164451 4270980 15165249 4271580
15467235 4385700 15467919 4386300
15241971 4350180 15256677 4380540
15241971 4319460 15256677 4349820
15241971 4288740 15256677 4319100
15241971 4258020 15256677 4288380
15241971 4227300 15256677 4257660
15241971 4196580 15256677 4226940
15241971 4165860 15256677 4196220
15241971 4135140 15256677 4165500
15241971 4380900 15256677 4395900
15196599 4218180 15198651 4218780
15196599 4188420 15198651 4189020
15160803 4166820 15162855 4167420
15148149 4274340 15150201 4274940
15148149 4150980 15150201 4151580
15467463 4392420 15468261 4393020
15467463 4331940 15468261 4332540
15467463 4325220 15468261 4325820
15466209 4392420 15467007 4393020
15466209 4331940 15467007 4332540
15466209 4325220 15467007 4325820
15464043 4266180 15464841 4266780
15171519 4268100 15172317 4268700
15149061 4218660 15149859 4219260
15183831 4326180 15185427 4326780
15183831 4274340 15185427 4274940
15183831 4224420 15185427 4225020
15183831 4166820 15185427 4167420
15165021 4392900 15166617 4393500
15165021 4388100 15166617 4388700
15165021 4383300 15166617 4383900
15165021 4378500 15166617 4379100
15165021 4368900 15166617 4369500
15165021 4364100 15166617 4364700
15165021 4267140 15166617 4267740
15468147 4338660 15468375 4339260
15458685 4143300 15458913 4143900
15227493 4204260 15227721 4204860
15198423 4268100 15198651 4268700
15198423 4203780 15198651 4204380
15198423 4189380 15198651 4189980
15198423 4156740 15198651 4157340
15183831 4285860 15184059 4286460
15176991 4208100 15177219 4208700
15176307 4223460 15176535 4224060
15175053 4232100 15175281 4232700
15172203 4197540 15172431 4198140
15171519 4273860 15171747 4274460
15169011 4208580 15169239 4209180
15167985 4239780 15168213 4240380
15166959 4266660 15167187 4267260
15163653 4198980 15163881 4199580
15162741 4281540 15162969 4282140
15162627 4214340 15162855 4214940
15160119 4227300 15160347 4227900
15158409 4290180 15158637 4290780
15157839 4204260 15158067 4204860
15156129 4299780 15156357 4300380
15155445 4291140 15155673 4291740
15153621 4139940 15153849 4140540
15183603 4344420 15185427 4345020
15183603 4339620 15185427 4340220
15183603 4229220 15185427 4229820
15183603 4196580 15185427 4197180
15183603 4167780 15185427 4168380
15460737 4192740 15461193 4193340
15198195 4266180 15198651 4266780
15198195 4254660 15198651 4255260
15198195 4251780 15198651 4252380
15198195 4226820 15198651 4227420
15198195 4222020 15198651 4222620
15198195 4216260 15198651 4216860
15198195 4140420 15198651 4141020
15183603 4308900 15184059 4309500
15183603 4281060 15184059 4281660
15183603 4279140 15184059 4279740
15183603 4236900 15184059 4237500
15171177 4275780 15171633 4276380
15168897 4276740 15169353 4277340
15166503 4249380 15166959 4249980
15166503 4247460 15166959 4248060
15165135 4283940 15165591 4284540
15164337 4236900 15164793 4237500
15164109 4233540 15164565 4234140
15162969 4312260 15163425 4312860
15161829 4184580 15162285 4185180
15161829 4142820 15162285 4143420
15161715 4165860 15162171 4166460
15159321 4241700 15159777 4242300
15159093 4316580 15159549 4317180
15157041 4260900 15157497 4261500
15156927 4257540 15157383 4258140
15156357 4238340 15156813 4238940
15155331 4259460 15155787 4260060
15154419 4209540 15154875 4210140
15149061 4172100 15149517 4172700
15162171 4140420 15165021 4141020
15336021 4193220 15440559 4193820
15455037 4193220 15460623 4193820
15192837 4285380 15198423 4285980
15192609 4236900 15198195 4237500
15192609 4185060 15198195 4185660
15192609 4180260 15198195 4180860
15192609 4156260 15198195 4156860
15192609 4146660 15198195 4147260
15241971 4396260 15271269 4396860
15166275 4275300 15167529 4275900
15165819 4150500 15167073 4151100
15164223 4251780 15166617 4252380
15181323 4282980 15183261 4283580
15181095 4207140 15183033 4207740
15466209 4385700 15466779 4386300
15198081 4151460 15198651 4152060
15183489 4179300 15184059 4179900
15178587 4193220 15179157 4193820
15176307 4285380 15176877 4285980
15174483 4198980 15175053 4199580
15171291 4282020 15171861 4282620
15170151 4194660 15170721 4195260
15169353 4272420 15169923 4273020
15166503 4219140 15167073 4219740
15166503 4160580 15167073 4161180
15162171 4323780 15162741 4324380
15162171 4317060 15162741 4317660
15161943 4228740 15162513 4229340
15161031 4213380 15161601 4213980
15160575 4309860 15161145 4310460
15160119 4258500 15160689 4259100
15159435 4270020 15160005 4270620
15159435 4158660 15160005 4159260
15158523 4243620 15159093 4244220
15157155 4316580 15157725 4317180
15156927 4319460 15157497 4320060
15156927 4277700 15157497 4278300
15156927 4183620 15157497 4184220
15154875 4209060 15155445 4209660
15154875 4181700 15155445 4182300
15152595 4325700 15153165 4326300
15152481 4146660 15153051 4147260
15152139 4298340 15152709 4298940
15152139 4164900 15152709 4165500
15149631 4209540 15150201 4210140
15149631 4204260 15150201 4204860
15149631 4194180 15150201 4194780
15149631 4184100 15150201 4184700
15164907 4351620 15166617 4352220
15164907 4347780 15166617 4348380
15164907 4343940 15166617 4344540
15164907 4301700 15166617 4302300
15164907 4141380 15166617 4141980
15198309 4291140 15198651 4291740
15198309 4270980 15198651 4271580
15198309 4182660 15198651 4183260
15198309 4145220 15198651 4145820
15183717 4291620 15184059 4292220
15183717 4287780 15184059 4288380
15183717 4183140 15184059 4183740
15172659 4268580 15173001 4269180
15168327 4143780 15168669 4144380
15167187 4251780 15167529 4252380
15167187 4225380 15167529 4225980
15166503 4279620 15166845 4280220
15164223 4151460 15164565 4152060
15161715 4205700 15162057 4206300
15159435 4197060 15159777 4197660
15157155 4299780 15157497 4300380
15157155 4259460 15157497 4260060
15155331 4284420 15155673 4285020
15155331 4143300 15155673 4143900
15154875 4226820 15155217 4227420
15150543 4213860 15150885 4214460
15463131 4143300 15464157 4143900
15446601 4192740 15447627 4193340
15239235 4204260 15240261 4204860
15165705 4217700 15166731 4218300
15165363 4250340 15166389 4250940
15161829 4327140 15162855 4327740
15161031 4319460 15162057 4320060
15160575 4328100 15161601 4328700
15160575 4233060 15161601 4233660
15159435 4142340 15160461 4142940
15154419 4329540 15155445 4330140
15148149 4283940 15149175 4284540
15148149 4223460 15149175 4224060
15148149 4209540 15149175 4210140
15148149 4194180 15149175 4194780
15146781 4216740 15147807 4217340
15285747 4396260 15296805 4396860
15464727 4143300 15466209 4143900
15183945 4158180 15185427 4158780
15165135 4353540 15166617 4354140
15165135 4334340 15166617 4334940
15165135 4323780 15166617 4324380
15165135 4302660 15166617 4303260
15455037 4266180 15458799 4266780
15194889 4264260 15198651 4264860
15194775 4191300 15198537 4191900
15179955 4218660 15183717 4219260
15179499 4324260 15183261 4324860
15166503 4270020 15170265 4270620
15161373 4395780 15165135 4396380
15161373 4391940 15165135 4392540
15161373 4390980 15165135 4391580
15161373 4387140 15165135 4387740
15161373 4386180 15165135 4386780
15161373 4382340 15165135 4382940
15161373 4381380 15165135 4381980
15161373 4377540 15165135 4378140
15161373 4376580 15165135 4377180
15161373 4367940 15165135 4368540
15161373 4366980 15165135 4367580
15159321 4207140 15163083 4207740
15154305 4156260 15158067 4156860
15152139 4244580 15155901 4245180
15146781 4369860 15161487 4371900
15169011 4140420 15183717 4141500
15440445 4143300 15455151 4143900
15169011 4254660 15183717 4255260
15166503 4358340 15181209 4358940
15148149 4348740 15162855 4349340
15146781 4372740 15161487 4373340
15176307 4290660 15183717 4291260
15176193 4160100 15183603 4160700
15175965 4396260 15183375 4396860
15175965 4391460 15183375 4392060
15175965 4386660 15183375 4387260
15175965 4381860 15183375 4382460
15175965 4377060 15183375 4377660
15175965 4372260 15183375 4372860
15175965 4367460 15183375 4368060
15175965 4163940 15183375 4164540
15174711 4302660 15182121 4303260
15173685 4300260 15181095 4300860
15173001 4264260 15180411 4264860
15170607 4241700 15178017 4242300
15148149 4350660 15155559 4351260
