1132077 136740 1134015 137340
1127745 142020 1128999 142620
1127745 141060 1128999 141660
1127745 138660 1128999 139260
1127745 125220 1128999 125820
538935 142500 540873 143580
379905 142500 381843 143580
906129 136260 907269 136860
1382763 127140 1383789 127740
1385271 140100 1386411 140700
1384359 142020 1385499 142620
1375011 144900 1376151 145500
234099 134340 235239 134940
1376379 130980 1381623 131580
978177 145860 983421 146460
978177 139620 983421 140220
978177 126180 983421 126780
756561 125220 761805 125820
237063 132420 242307 133020
1390059 138180 1390971 138780
1382535 135300 1383447 135900
1391199 143940 1391769 144540
1391199 128580 1391769 129180
1375011 137700 1375581 138300
1391085 135300 1391769 135900
1388805 135300 1389489 135900
1381509 132900 1382193 133500
1374441 131940 1375125 132540
233529 143940 234213 144540
232389 137220 233073 137820
1376493 132420 1377405 133020
1388121 130980 1392453 131580
1377291 128100 1381623 128700
834879 145380 839211 145980
828609 143460 830433 144060
828609 128100 830433 128700
457425 132900 459249 133500
80769 138660 82593 139260
1383447 138660 1386411 139260
978177 138660 981141 139260
906129 127620 909093 128220
236835 142020 239799 142620
1129569 142500 1131051 143100
1127745 135780 1129227 136380
1127745 134820 1129227 135420
689301 129060 690783 129660
1367943 139140 1370679 139740
1358481 125220 1361217 125820
1284039 137700 1286775 138300
236607 144420 239343 145020
7809 145860 16359 146460
7809 144900 16359 145500
1370907 140580 1371705 141660
1370451 132900 1371249 133980
1368399 144420 1369197 145500
1367031 140580 1367829 141660
1366119 145380 1366917 146460
1363839 141540 1364637 142620
1362243 141540 1363041 142620
1371363 133860 1372617 134940
1371363 131940 1372617 133020
1369083 136740 1370337 137820
1365663 134820 1366917 135900
1363155 144420 1364409 145500
1360875 141540 1362129 142620
1360875 126180 1362129 127260
1359507 136740 1360761 137820
1359279 130980 1360533 132060
1359051 142500 1360305 143580
1358367 134820 1359621 135900
1358367 128100 1359621 129180
1356999 141540 1358253 142620
1356087 133860 1357341 134940
1356087 127140 1357341 128220
1287459 141540 1288713 142620
1286775 134820 1288029 135900
1286547 143460 1287801 144540
1284951 134820 1286205 135900
1284495 144420 1285749 145500
1284267 140580 1285521 141660
1282899 134820 1284153 135900
1282671 144420 1283925 145500
1282671 141540 1283925 142620
1282443 138660 1283697 139740
1208115 130020 1209369 131100
685995 134820 687021 135900
684171 142500 685197 143580
1397583 145380 1398267 146460
1395873 137700 1396557 138780
1392681 141540 1393365 142620
1391769 145380 1392453 146460
1288941 144420 1289625 145500
1288257 134820 1288941 135900
1286433 140580 1287117 141660
1210395 143460 1211079 144540
1209141 142500 1209825 143580
1206063 138660 1206747 139740
309681 131940 310365 133020
1387893 144900 1388805 145500
1287231 138180 1290423 138780
1209711 135300 1212903 135900
906129 143460 909321 144060
906129 142500 909321 143100
906129 132900 909321 133500
688959 127620 692151 128220
679041 129060 682233 129660
679041 127620 682233 128220
979431 141540 980571 142140
461643 126180 463011 126780
1384359 143460 1389945 144060
1206291 141060 1211877 141660
981711 138660 987297 139260
906129 138660 911715 139260
906129 129060 911715 129660
756561 138180 762147 138780
237177 133380 242763 133980
230337 141060 235923 141660
230337 128580 235923 129180
1288827 143460 1290423 144060
1127745 133860 1129341 134460
911601 141060 913197 141660
911601 130500 913197 131100
906129 125700 907725 126300
906129 124740 907725 125340
828609 140580 830205 141180
80769 127620 82365 128220
1371819 130980 1372617 131580
1364295 129540 1365093 130140
1363155 131940 1363953 132540
1363155 125700 1363953 126300
1390287 134340 1391199 134940
1205265 145860 1207773 146460
1205265 132420 1207773 133020
1060827 138180 1063335 138780
834651 128100 837159 128700
756561 126660 759069 127260
606993 143460 609501 144060
233985 127620 236493 128220
80769 143940 83277 144540
1366119 142500 1368513 143100
1356087 144900 1358481 145500
1206291 129060 1208685 129660
530727 128580 533121 129180
233415 135780 235809 136380
82479 128100 84873 128700
1375239 125700 1376151 126300
1369425 131940 1370337 132540
1133559 135780 1134243 136380
91827 130020 92511 130620
1209711 132900 1212903 133500
1209711 130980 1212903 131580
1209711 129060 1212903 129660
910575 137700 913767 138300
688959 134820 692151 135420
611439 125220 614631 125820
539391 126180 542583 126780
389823 144420 393015 145020
389823 131940 393015 132540
240255 144420 243447 145020
978177 130500 978861 131100
906129 145380 906813 145980
906129 137700 906813 138300
838185 128100 838869 128700
829293 144420 829977 145020
829293 134820 829977 135420
829293 126180 829977 126780
829293 124740 829977 125340
381957 130980 382641 131580
381729 135780 382413 136380
81453 142020 82137 142620
81453 135300 82137 135900
1139943 141540 1140855 142140
1128657 142980 1129569 143580
1128657 132900 1129569 133500
1127745 131940 1128657 132540
1127745 128100 1128657 128700
1127745 127140 1128657 127740
392103 128580 393015 129180
158289 136740 159201 137340
158289 135780 159201 136380
158289 131940 159201 132540
1210737 138180 1211877 138780
1205265 137700 1206405 138300
978177 136260 979317 136860
835905 126660 837045 127260
679041 141540 680181 142140
307857 132900 308997 133500
230337 142980 231477 143580
230337 135300 231477 135900
90801 131940 91941 132540
80769 142980 81909 143580
80769 136260 81909 136860
1139487 127140 1140855 127740
381729 137700 383097 138300
231819 143460 233187 144060
164559 143940 165927 144540
164559 130500 165927 131100
158289 144420 159657 145020
158289 142020 159657 142620
92511 140100 93879 140700
1277313 139620 1279593 140220
989007 138180 991287 138780
989007 125700 991287 126300
910119 142980 912399 143580
828609 130980 830889 131580
313215 133380 315495 133980
163647 137220 165927 137820
80769 145380 83049 145980
1393707 132900 1394847 133500
1289283 129060 1290423 129660
1287231 128100 1288371 128700
1280619 145380 1281759 145980
1139715 131940 1140855 132540
1139715 128580 1140855 129180
1127745 136740 1128885 137340
978177 143460 979317 144060
840579 141060 841719 141660
840579 129540 841719 130140
1362471 137700 1364523 138300
1288371 136740 1290423 137340
1138803 136260 1140855 136860
1055697 141540 1057749 142140
1055697 132900 1057749 133500
989235 130500 991287 131100
978177 137700 980229 138300
978177 127140 980229 127740
679041 136260 681093 136860
91827 126660 93879 127260
80769 141060 82821 141660
80769 132900 82821 133500
1055697 128580 1063335 129180
906129 134340 913767 134940
756561 141060 764199 141660
457425 140100 465063 140700
457425 129540 465063 130140
158289 141060 165927 141660
158289 139140 165927 139740
988095 139140 990945 139740
988095 128580 990945 129180
910119 135300 912969 135900
837387 130980 840237 131580
389823 129540 392673 130140
239913 140100 242763 140700
162279 140100 165129 140700
89091 133860 91941 134460
11457 141540 14307 142140
11457 140580 14307 141180
11457 139620 14307 140220
11457 136740 14307 137340
11457 135780 14307 136380
11457 134820 14307 135420
11457 130980 14307 131580
11457 130020 14307 130620
11457 125220 14307 125820
1279935 135300 1282101 135900
1210737 130020 1212903 130620
1061169 144420 1063335 145020
1061169 135780 1063335 136380
1061169 131940 1063335 132540
839553 133860 841719 134460
839553 128100 841719 128700
762033 139620 764199 140220
762033 135780 764199 136380
612465 145380 614631 145980
612465 135780 614631 136380
612465 131940 614631 132540
612465 128100 614631 128700
612465 127140 614631 127740
540417 130020 542583 130620
462897 144420 465063 145020
390849 136740 393015 137340
390849 126180 393015 126780
313329 145380 315495 145980
14193 138660 16359 139260
14193 137700 16359 138300
14193 133860 16359 134460
14193 132900 16359 133500
14193 131940 16359 132540
14193 128100 16359 128700
14193 127140 16359 127740
14193 126180 16359 126780
1394847 139140 1399407 139740
1394847 133380 1399407 133980
1394847 132420 1399407 133020
1394847 126660 1399407 127260
1381395 129540 1385955 130140
1367715 135780 1372275 136380
1281987 136260 1286547 136860
828609 142500 833169 143100
687591 125700 692151 126300
460503 135300 465063 135900
460503 133380 465063 133980
237405 135300 241965 135900
235239 138660 239799 139260
1282899 126660 1283697 127260
1387095 129060 1388121 129660
1377975 133380 1378773 133980
237063 142980 237861 143580
1366803 139620 1367829 140220
1365891 141540 1366917 142140
1365663 140580 1366689 141180
1362015 140580 1363041 141180
1356087 145860 1357113 146460
1356087 143940 1357113 144540
1356087 142980 1357113 143580
1356087 139620 1357113 140220
1356087 138180 1357113 138780
761235 144420 762261 145020
1392453 140580 1393365 141180
1390401 141060 1391313 141660
1389489 142500 1390401 143100
310821 136740 311733 137340
309681 130020 310593 130620
234099 133380 235011 133980
1279479 138660 1280619 139260
1279365 144420 1280505 145020
1279365 136740 1280505 137340
1279365 127140 1280505 127740
1279365 126180 1280505 126780
1278795 130020 1279935 130620
1278225 145860 1279365 146460
1278225 128580 1279365 129180
1278111 126180 1279251 126780
1139373 134820 1140513 135420
1139373 126180 1140513 126780
1138917 130500 1140057 131100
1138917 129540 1140057 130140
1138233 138660 1139373 139260
1136865 142020 1138005 142620
1136751 135780 1137891 136380
1135839 141060 1136979 141660
1135725 138180 1136865 138780
1135155 142020 1136295 142620
1135155 139140 1136295 139740
1135155 136260 1136295 136860
1134471 141060 1135611 141660
1133787 143940 1134927 144540
1133787 138660 1134927 139260
1133217 142980 1134357 143580
1132647 144420 1133787 145020
1131507 140100 1132647 140700
1131507 139140 1132647 139740
1131507 138180 1132647 138780
1130367 132900 1131507 133500
1129797 137700 1130937 138300
1129113 140100 1130253 140700
1129113 139140 1130253 139740
1129113 131460 1130253 132060
1129113 130500 1130253 131100
1129113 129540 1130253 130140
1129113 128580 1130253 129180
1129113 126660 1130253 127260
1129113 125700 1130253 126300
1129113 124740 1130253 125340
985131 125700 986271 126300
983649 125700 984789 126300
981141 133380 982281 133980
838299 140580 839439 141180
837729 143460 838869 144060
836589 143460 837729 144060
836361 144420 837501 145020
690555 142020 691695 142620
682005 138180 683145 138780
680295 145380 681435 145980
608475 142500 609615 143100
386745 144420 387885 145020
384351 144900 385491 145500
380247 134820 381387 135420
231477 127140 232617 127740
688731 133860 689757 134460
687135 136740 688161 137340
385491 144420 386517 145020
240939 142500 241965 143100
159999 144900 161025 145500
159771 135780 160797 136380
159087 134820 160113 135420
1139373 139140 1140513 139740
1139373 133380 1140513 133980
1139373 125220 1140513 125820
1138233 134340 1139373 134940
1136865 138180 1138005 138780
1136865 137220 1138005 137820
1136751 139620 1137891 140220
1136751 133860 1137891 134460
1136751 130020 1137891 130620
1136295 142980 1137435 143580
1136181 134820 1137321 135420
1135155 140100 1136295 140700
1135155 137220 1136295 137820
1134585 134820 1135725 135420
1134015 145380 1135155 145980
1134015 140100 1135155 140700
1133901 132420 1135041 133020
1132647 138660 1133787 139260
1132647 134820 1133787 135420
1132647 132900 1133787 133500
1130937 125220 1132077 125820
981255 125220 982395 125820
980115 125220 981255 125820
979431 130020 980571 130620
978405 140580 979545 141180
978291 129060 979431 129660
689301 136740 690441 137340
689301 135780 690441 136380
608475 141060 609615 141660
607905 132420 609045 133020
607791 145380 608931 145980
607563 144420 608703 145020
235695 137220 236835 137820
230793 133380 231933 133980
690213 124740 690669 125340
390963 124740 392673 125340
383325 145860 383553 146460
1280391 131940 1280619 132540
1279251 131940 1279479 132540
1130253 133860 1130481 134460
1130253 131940 1130481 132540
1130253 129060 1130481 129660
687021 130980 687249 131580
388683 144420 388911 145020
384465 145860 384693 146460
382869 142500 383097 143100
1138347 139620 1139373 140220
979203 134340 980229 134940
979203 133380 980229 133980
688731 126660 689757 127260
682347 133860 683373 134460
611667 133860 612693 134460
608247 128580 609273 129180
607791 136260 608817 136860
391191 140100 392217 140700
388911 136260 389937 136860
382071 134340 383097 134940
686451 126660 687591 127260
384579 141060 384921 141660
911031 133380 911829 133980
160227 142980 161025 143580
159087 142980 159885 143580
757587 136260 758271 136860
688275 130500 688959 131100
684855 129060 685539 129660
684399 139620 685083 140220
681207 130980 682233 131580
611439 140100 612465 140700
608247 135300 609273 135900
1379913 132900 1380597 133500
1375125 141540 1375809 142140
1286547 127140 1287231 127740
1131963 133860 1132647 134460
1397469 140580 1398153 141180
1396899 143460 1397583 144060
1391883 135300 1392567 135900
1391769 142980 1392453 143580
1391769 134340 1392453 134940
1391769 133380 1392453 133980
1391769 129540 1392453 130140
1390401 140100 1391085 140700
1389603 128580 1390287 129180
1388349 141540 1389033 142140
1388121 130020 1388805 130620
1387437 135300 1388121 135900
1384701 133380 1385385 133980
1377405 139620 1378089 140220
1376037 136740 1376721 137340
1375923 133380 1376607 133980
1375809 141540 1376493 142140
1363611 140100 1364295 140700
762261 138180 762945 138780
761577 133860 762261 134460
761577 132900 762261 133500
759981 132420 760665 133020
759753 139140 760437 139740
759069 134820 759753 135420
759069 133380 759753 133980
309681 142020 310365 142620
309681 126180 310365 126780
240369 130980 241053 131580
238431 127140 239115 127740
237975 125220 238659 125820
237861 130980 238545 131580
236265 130980 236949 131580
234669 143940 235353 144540
233073 125700 233757 126300
382755 141060 384123 141660
531639 137220 532437 137820
162051 126660 162735 127260
1288257 129540 1288941 130140
1376721 142020 1377405 142620
1138575 141060 1139259 141660
1133331 130020 1134015 130620
531297 141060 531981 141660
531069 140100 531753 140700
530955 137700 531639 138300
462897 136260 463581 136860
238887 129540 239571 130140
1279821 130980 1282785 131580
1205265 126180 1208229 126780
689187 131460 692151 132060
606993 126180 609957 126780
462099 134340 465063 134940
462099 128580 465063 129180
1361787 145860 1363269 146460
907383 135780 908865 136380
612579 142020 614061 142620
530499 129540 531981 130140
230907 142020 232389 142620
81567 130980 83049 131580
684855 132900 685653 133980
1140057 145380 1140855 145980
1127745 130020 1128543 130620
989121 131940 989919 132540
912399 126660 913197 127260
911601 131940 912399 132540
906129 144420 906927 145020
828609 145860 829407 146460
828609 138660 829407 139260
241281 136740 242079 137340
165129 136260 165927 136860
163761 143460 164559 144060
163761 130980 164559 131580
158289 134820 159087 135420
158289 132900 159087 133500
158289 129540 159087 130140
158289 128580 159087 129180
91713 139620 92511 140220
80769 134340 81567 134940
80769 126180 81567 126780
14193 142500 14991 143100
1372845 145380 1374555 145980
1372845 129060 1374555 129660
1280391 142020 1282101 142620
1129911 127620 1131621 128220
840009 125220 841719 125820
762489 127140 764199 127740
463353 143460 465063 144060
391305 134820 393015 135420
92169 144420 93879 145020
539619 133860 542583 134460
462099 145380 465063 145980
462099 141540 465063 142140
462099 138660 465063 139260
462099 137700 465063 138300
462099 125220 465063 125820
390051 145380 393015 145980
390051 133860 393015 134460
390051 132900 393015 133500
390051 127140 393015 127740
162963 134820 165927 135420
162963 133860 165927 134460
90915 134820 93879 135420
1391313 138660 1393935 139260
1390287 125220 1392909 125820
1359507 139620 1362129 140220
1058319 145380 1060941 145980
980799 137700 983421 138300
837159 131940 839781 132540
686451 141060 689073 141660
609615 144420 612237 145020
606993 133860 609615 134460
530499 142980 533121 143580
386859 134340 389481 134940
161595 144900 163761 145500
1284153 125220 1285065 125820
1135725 129060 1136637 129660
1375239 136740 1376037 137340
1359735 135780 1360533 136380
1287459 125220 1288257 125820
1282443 125700 1283241 126300
1139487 143460 1140285 144060
1132419 126180 1133217 126780
760551 143460 761349 144060
233415 132420 234213 133020
1397127 137700 1397811 138780
1391769 141540 1392453 142620
1278111 140580 1278795 141660
1206633 134820 1207317 135900
1289511 127140 1290081 127740
1283355 129060 1283925 129660
1134699 133380 1135269 133980
532551 137700 533121 138300
242079 138180 242649 138780
1393251 137700 1393935 138300
1392567 131940 1393251 132540
1392453 133860 1393137 134460
1390173 135780 1390857 136380
1389489 140580 1390173 141180
1389489 133380 1390173 133980
1388007 137220 1388691 137820
1387551 133380 1388235 133980
1387323 140580 1388007 141180
1387095 130020 1387779 130620
1386981 131460 1387665 132060
1378431 136740 1379115 137340
1377405 145860 1378089 146460
1375125 145860 1375809 146460
1372959 133380 1373643 133980
1370337 142980 1371021 143580
1368285 132420 1368969 133020
1355289 139140 1355973 139740
1288257 126180 1288941 126780
1280049 139620 1280733 140220
1279365 140580 1280049 141180
1279365 137700 1280049 138300
1278681 144900 1279365 145500
1206861 139140 1207545 139740
1135041 132420 1135725 133020
1134927 130020 1135611 130620
761349 126660 762033 127260
760779 133380 761463 133980
759867 142500 760551 143100
759753 137220 760437 137820
759753 135780 760437 136380
757587 134340 758271 134940
688731 139140 689415 139740
310821 141060 311505 141660
309909 139140 310593 139740
308313 142500 308997 143100
240711 126180 241395 126780
239001 130980 239685 131580
234555 142500 235239 143100
234327 137220 235011 137820
233187 136740 233871 137340
233073 140100 233757 140700
233073 133380 233757 133980
232161 132420 232845 133020
231477 135300 232161 135900
1287345 126180 1288257 127260
1279821 145380 1280277 145980
1132875 135780 1133331 136380
608817 125220 609273 125820
159201 145380 159657 145980
1392453 132900 1393137 133500
1390743 133380 1391427 133980
1390059 126180 1390743 126780
1384815 132420 1385499 133020
1383789 126180 1384473 126780
1383447 131940 1384131 132540
1376721 137700 1377405 138300
1375125 135780 1375809 136380
1372959 142980 1373643 143580
1371933 142980 1372617 143580
1371591 142020 1372275 142620
1370907 142020 1371591 142620
1369311 142020 1369995 142620
1368627 141060 1369311 141660
1286433 126180 1287117 126780
1284837 126180 1285521 126780
1283127 130980 1283811 131580
1138917 142500 1139601 143100
381729 145860 382413 146460
240369 129060 241053 129660
238431 137220 239115 137820
237861 129060 238545 129660
1278567 138180 1279365 138780
1139715 140100 1140513 140700
1139715 137700 1140513 138300
909891 132420 910689 133020
832599 129540 833397 130140
758043 132900 758841 133500
690327 144900 691125 145500
690327 126660 691125 127260
689643 132900 690441 133500
689415 139140 690213 139740
688503 129540 689301 130140
684855 138660 685653 139260
682347 126660 683145 127260
681435 143460 682233 144060
459819 127140 460617 127740
385491 145380 386289 145980
383895 143940 384693 144540
382299 143940 383097 144540
382071 142980 382869 143580
380703 130500 381501 131100
161139 136260 161937 136860
159543 133380 160341 133980
1288827 128100 1289169 128700
1278567 130980 1278909 131580
1277883 136740 1278225 137340
1277313 144900 1277655 145500
1277313 130500 1277655 131100
1133103 140580 1133445 141180
1131735 134820 1132077 135420
980343 132420 980685 133020
831915 130020 832257 130620
829179 131940 829521 132540
688047 126660 688389 127260
687135 144420 687477 145020
683487 124740 683829 125340
537111 128100 537453 128700
92283 125700 92625 126300
91257 130020 91599 130620
90459 130020 90801 130620
1289055 133860 1289625 134460
909663 133380 910233 133980
836931 137700 837501 138300
689187 124740 689757 125340
688503 132900 689073 133500
688047 128100 688617 128700
687363 124740 687933 125340
687135 135780 687705 136380
686451 131460 687021 132060
685083 135300 685653 135900
684171 128100 684741 128700
683943 129060 684513 129660
683943 125220 684513 125820
682575 136740 683145 137340
682119 142500 682689 143100
681207 133860 681777 134460
681207 125220 681777 125820
535743 135780 536313 136380
463011 142500 463581 143100
458223 131460 458793 132060
457539 136740 458109 137340
382755 139140 383325 139740
160455 127140 161025 127740
81567 126180 82137 126780
1383789 140100 1384473 140700
1382763 139620 1383447 140220
1286433 125220 1287117 125820
1281645 126180 1282329 126780
1138689 143460 1139373 144060
313443 131460 314127 132060
311163 142500 311847 143100
162165 142500 162849 143100
90003 130980 90687 131580
88749 127140 89433 127740
87609 130980 88293 131580
1375239 142500 1375923 143100
1288941 131940 1289625 132540
1286433 129540 1287117 130140
1285749 128580 1286433 129180
1285179 129540 1285863 130140
1278453 143460 1279137 144060
1277997 130020 1278681 130620
1138689 132420 1139373 133020
1138347 137700 1139031 138300
1138005 132420 1138689 133020
1137321 140580 1138005 141180
1133901 134820 1134585 135420
1133445 141060 1134129 141660
1131963 143940 1132647 144540
1129683 145380 1130367 145980
1129569 134340 1130253 134940
1127745 129060 1128429 129660
1127745 126180 1128429 126780
981027 142500 981711 143100
839211 124740 839895 125340
838869 142020 839553 142620
838869 132900 839553 133500
838185 135300 838869 135900
838185 134340 838869 134940
834879 137220 835563 137820
681207 141540 681891 142140
680865 130020 681549 130620
612123 130020 612807 130620
611895 139140 612579 139740
611325 142980 612009 143580
610641 130980 611325 131580
380475 126660 381159 127260
163761 138180 164445 138780
163761 132900 164445 133500
163761 128100 164445 128700
163077 125220 163761 125820
162165 125700 162849 126300
161253 137700 161937 138300
160113 137220 160797 137820
160113 134820 160797 135420
158973 124740 159657 125340
1388235 127620 1389945 128220
1375923 134820 1377633 135420
1367943 124740 1369653 125340
1365435 126660 1367145 127260
1362699 136740 1364409 137340
1359279 145380 1360989 145980
1358481 133380 1360191 133980
981027 129540 982737 130140
758385 127620 760095 128220
682803 132900 684513 133500
612351 143940 614061 144540
529473 136260 531183 136860
313215 141060 314925 141660
309567 137700 311277 138300
308427 128100 310137 128700
161139 131460 162849 132060
159999 143940 161709 144540
88407 134820 90117 135420
1372617 142020 1373301 142620
911601 143940 912285 144540
909321 130020 910005 130620
689415 142980 690099 143580
687933 144900 688617 145500
237177 137700 237861 138300
231933 145380 232617 145980
87153 136260 88065 136860
690213 145860 692151 146460
1289739 131940 1290195 132540
1289625 134340 1290081 134940
1289511 125220 1289967 125820
679839 138180 680295 138780
1354833 135780 1356771 136860
1059915 136740 1061853 137820
1059915 125220 1061853 126300
1055697 136740 1057635 137820
1055697 125220 1057635 126300
983307 129060 985245 130140
760551 145380 762489 146460
457425 145380 459363 146460
457425 141540 459363 142620
457425 128100 459363 129180
457425 125220 459363 126300
83847 138660 85785 139740
1390287 144900 1391085 145500
1373187 143940 1373985 144540
1281987 128100 1282785 128700
1137891 142980 1138689 143580
687819 142020 688617 142620
313215 127140 314013 127740
310251 130980 311049 131580
235467 132900 236265 133500
1059231 134820 1060029 135900
1057635 139620 1058433 140700
1056951 142500 1057749 143580
987411 130980 988209 132060
909207 136740 910005 137820
909207 130980 910005 132060
908979 145380 909777 146460
834423 140580 835221 141660
834195 130980 834993 132060
831687 134820 832485 135900
758955 144420 759753 145500
683259 130980 684057 132060
538479 129060 539277 130140
537795 141540 538593 142620
537339 130980 538137 132060
534831 135780 535629 136860
534831 130980 535629 132060
533691 128100 534489 129180
531411 144420 532209 145500
388911 142500 389709 143580
387999 130980 388797 132060
385491 130980 386289 132060
385491 128100 386289 129180
382527 127140 383325 128220
1378659 143940 1383333 144540
831003 143460 835677 144060
829635 145860 834309 146460
533691 142980 538365 143580
308427 124740 313101 125340
85671 128100 90345 128700
1397127 136260 1399407 136860
1374441 130020 1376721 130620
1287345 130980 1289625 131580
379905 144900 382185 145500
307857 136260 310137 136860
230337 131460 232617 132060
87267 137220 89547 137820
1059915 142500 1061397 143580
1057635 130980 1059117 132060
1057407 133860 1058889 134940
987639 141540 989121 142620
987411 145380 988893 146460
987411 143460 988893 144540
987411 132900 988893 133980
985815 129060 987297 130140
985815 127140 987297 128220
983307 130980 984789 132060
982623 127140 984105 128220
832143 125220 833625 126300
533235 134820 534717 135900
458679 143460 460161 144540
384807 138660 386289 139740
384807 125220 386289 126300
87951 143460 89433 144540
83163 141540 84645 142620
1385271 127140 1386981 127740
1368855 134820 1370565 135420
1364751 125220 1366461 125820
1363155 133860 1364865 134460
759867 130980 761577 131580
759867 130020 761577 130620
759867 128580 761577 129180
757587 130020 759297 130620
310935 145860 312645 146460
234099 130020 235809 130620
85215 130020 86925 130620
1382079 140580 1383561 141180
1380711 144900 1382193 145500
1380711 139620 1382193 140220
1380711 138660 1382193 139260
1379799 136740 1381281 137340
1365663 132420 1367145 133020
1364067 130500 1365549 131100
1362927 128580 1364409 129180
1360647 130020 1362129 130620
311847 144420 313329 145020
84987 125700 86469 126300
1380939 141540 1382193 142140
1380939 137700 1382193 138300
1378203 125220 1379457 125820
1370223 130980 1371477 131580
1369083 129540 1370337 130140
1369083 127620 1370337 128220
1366575 128580 1367829 129180
312075 131940 313329 132540
231819 130020 233073 130620
1382763 142500 1383561 143100
1376379 125220 1377177 125820
1375239 127140 1376037 127740
1371363 127140 1372161 127740
1371135 126180 1371933 126780
1371135 125220 1371933 125820
1367031 129540 1367829 130140
1367031 127620 1367829 128220
1366347 138660 1367145 139260
1363155 126660 1363953 127260
1361559 129060 1362357 129660
757815 130980 758613 131580
684627 141540 685425 142140
312759 142500 313557 143100
312303 130980 313101 131580
312303 128100 313101 128700
311391 138180 312189 138780
311163 132420 311961 133020
310479 133380 311277 133980
309795 142980 310593 143580
235923 142980 236721 143580
232047 124740 232845 125340
231363 125700 232161 126300
86355 129060 87153 129660
85215 126660 86013 127260
1393707 130020 1394961 130620
1393023 139620 1394277 140220
1389147 139620 1390401 140220
1388235 138660 1389489 139260
1386867 139620 1388121 140220
1384587 145860 1385841 146460
1380027 126180 1381281 126780
908067 124740 909321 125340
312987 136260 314241 136860
86583 133860 87837 134460
1385499 130980 1386981 131580
1208115 138180 1209597 138780
909663 126180 911145 126780
236151 130020 237633 130620
87951 131940 89433 132540
1374213 139140 1376607 139740
1366803 133860 1369197 134460
832371 133380 834765 133980
537225 139620 539619 140220
387087 145860 389481 146460
1397583 130980 1399407 131580
1394847 145860 1396671 146460
1386183 125220 1388007 125820
1380483 125220 1382307 125820
1362471 143460 1364295 144060
1211079 142980 1212903 143580
1211079 140100 1212903 140700
1211079 136260 1212903 136860
1211079 126660 1212903 127260
1136409 130980 1138233 131580
1135383 144420 1137207 145020
1057521 130020 1059345 130620
1057521 127620 1059345 128220
1057521 126660 1059345 127260
1055697 138660 1057521 139260
682005 145860 683829 146460
533121 139620 534945 140220
531525 125700 533349 126300
457425 134820 459249 135420
311505 134340 313329 134940
309681 140100 311505 140700
237633 126180 239457 126780
232959 138660 234783 139260
90231 124740 92055 125340
88293 132900 90117 133500
83505 130980 85329 131580
1396215 142500 1397241 143100
1385271 136260 1386297 136860
1384587 125220 1385613 125820
1383447 136260 1384473 136860
1382763 133860 1383789 134460
1377063 127140 1378089 127740
313215 139140 314241 139740
236379 129060 237405 129660
1397811 142500 1398381 143100
1391199 126660 1391769 127260
1388919 129060 1389489 129660
1385955 128580 1386525 129180
1382991 132900 1383561 133500
1378431 126660 1379001 127260
1377519 135780 1378089 136380
1375923 128100 1376493 128700
1361103 134340 1361673 134940
1361103 130980 1361673 131580
1282899 124740 1283469 125340
1282443 137700 1283013 138300
1281759 144420 1282329 145020
1280847 129060 1281417 129660
1280163 129540 1280733 130140
1278795 124740 1279365 125340
1206063 134820 1206633 135420
1205835 140100 1206405 140700
1133331 127620 1133901 128220
911715 136260 912285 136860
313899 138180 314469 138780
313671 130500 314241 131100
312759 137700 313329 138300
312531 126180 313101 126780
238431 136260 239001 136860
237291 136740 237861 137340
235695 145380 236265 145980
231135 136260 231705 136860
91143 138180 91713 138780
90687 127140 91257 127740
88179 129060 88749 129660
83619 126660 84189 127260
1279251 141540 1280049 142620
1209255 139620 1210053 140700
536655 144420 537453 145500
384123 130020 384921 131100
84987 140580 85785 141660
82707 134820 83733 135900
82251 124260 83277 125340
1277313 133860 1282899 134460
1205265 128100 1210851 128700
983991 136740 989577 137340
983991 134340 989577 134940
833511 130020 839097 130620
379905 140100 385491 140700
7809 143460 13395 144060
7809 142500 13395 143100
7809 138660 13395 139260
7809 137700 13395 138300
7809 133860 13395 134460
7809 132900 13395 133500
7809 131940 13395 132540
7809 129060 13395 129660
7809 128100 13395 128700
7809 127140 13395 127740
7809 126180 13395 126780
981711 135300 985017 135900
535515 127140 538821 127740
386175 127140 389481 127740
1388463 125220 1389831 125820
1382763 125220 1384131 125820
1378773 138660 1380141 139260
1354833 140580 1356201 141180
1354833 132420 1356201 133020
1354833 130500 1356201 131100
1354833 128580 1356201 129180
1354833 124740 1356201 125340
1285521 132900 1286889 133500
1211535 125700 1212903 126300
1208685 134340 1210053 134940
1055697 143940 1057065 144540
986385 125220 987753 125820
907953 141540 909321 142140
835449 135780 836817 136380
830433 140100 831801 140700
830433 133380 831801 133980
756561 128100 757929 128700
682689 139620 684057 140220
679041 144420 680409 145020
611895 129060 613263 129660
610299 141540 611667 142140
606993 139140 608361 139740
541215 141060 542583 141660
459363 136740 460731 137340
390279 141540 391647 142140
312759 143460 314127 144060
308427 127140 309795 127740
234555 126180 235923 126780
160683 128100 162051 128700
92511 129540 93879 130140
92511 124740 93879 125340
84189 132900 85557 133500
1389147 134340 1390173 134940
1386639 137700 1387665 138300
1385271 135300 1386297 135900
1384587 134340 1385613 134940
1365435 143460 1366461 144060
1211079 145860 1212105 146460
1139487 144420 1140513 145020
912627 131460 913653 132060
912627 128580 913653 129180
908751 140580 909777 141180
840123 144900 841149 145500
840123 132420 841149 133020
839667 143940 840693 144540
839667 142980 840693 143580
839439 140100 840465 140700
839211 135780 840237 136380
540075 128100 541101 128700
239343 141060 240369 141660
233871 145380 234897 145980
91599 136260 92625 136860
1393137 136260 1394961 136860
1393137 128580 1394961 129180
1211079 133860 1212903 134460
1061511 133860 1063335 134460
989463 140580 991287 141180
989463 127140 991287 127740
839895 138660 841719 139260
762375 134820 764199 135420
690327 139620 692151 140220
690327 133860 692151 134460
690327 130020 692151 130620
612807 136740 614631 137340
612807 126180 614631 126780
540759 130980 542583 131580
463239 127140 465063 127740
313671 134820 315495 135420
92055 128100 93879 128700
14535 143460 16359 144060
1372503 137700 1374555 138300
1372503 136740 1374555 137340
1372503 135780 1374555 136380
1372503 126180 1374555 126780
1372503 125220 1374555 125820
1061283 145380 1063335 145980
1061283 141540 1063335 142140
1061283 140580 1063335 141180
1061283 139620 1063335 140220
839667 137700 841719 138300
839667 127140 841719 127740
762147 143460 764199 144060
762147 142500 764199 143100
762147 130980 764199 131580
762147 128100 764199 128700
762147 126180 764199 126780
762147 125220 764199 125820
390963 143460 393015 144060
390963 138660 393015 139260
241395 141540 243447 142140
91827 145380 93879 145980
91827 143460 93879 144060
91827 142500 93879 143100
91827 141540 93879 142140
91827 138660 93879 139260
91827 137700 93879 138300
91827 132900 93879 133500
91827 130980 93879 131580
1372275 128100 1374555 128700
989007 135780 991287 136380
839439 136740 841719 137340
761919 136740 764199 137340
761919 130020 764199 130620
313215 129060 315495 129660
241167 143460 243447 144060
163647 126180 165927 126780
1206291 130500 1206861 131100
833055 136740 833625 137340
759183 126660 759753 127260
757587 139140 758157 139740
688731 143460 689301 144060
609387 131460 609957 132060
531183 130500 531753 131100
460731 131940 461301 132540
163875 145380 164445 145980
761691 129060 764199 129660
689643 140580 692151 141180
612123 137700 614631 138300
612123 132900 614631 133500
540075 132900 542583 133500
390507 130980 393015 131580
240939 125220 243447 125820
1371819 138660 1372617 139260
1138119 135300 1138917 135900
838071 138180 838869 138780
609615 134820 610413 135420
380703 125220 381501 125820
1288827 140100 1289853 140700
1284039 129540 1285065 130140
1136979 132900 1138005 133500
1130823 126180 1131849 126780
1129683 144420 1130709 145020
1289055 142500 1289853 143100
1288143 133860 1288941 134460
1287459 132420 1288257 133020
1285635 127140 1286433 127740
1285407 131460 1286205 132060
1285407 125220 1286205 125820
1284495 128580 1285293 129180
1284267 127140 1285065 127740
1278339 132420 1279137 133020
1278111 127140 1278909 127740
1136295 145860 1137093 146460
1132191 142980 1132989 143580
1131507 141060 1132305 141660
1131051 136740 1131849 137340
983991 142500 984789 143100
980799 134340 981597 134940
979203 142500 980001 143100
979203 125220 980001 125820
611667 131460 612465 132060
611439 135300 612237 135900
610071 127620 610869 128220
608019 127620 608817 128220
383211 131460 384009 132060
162507 129060 163305 129660
161367 133860 162165 134460
159999 125700 160797 126300
159087 137700 159885 138300
14535 130500 15333 131100
984105 141540 984789 142140
980685 131460 981369 132060
757473 142500 758157 143100
540987 145860 541671 146460
538707 136740 539391 137340
310479 128100 311163 128700
230907 134340 231591 134940
158973 126660 159657 127260
1289739 128100 1290309 128700
839895 145860 840465 146460
685767 130500 686337 131100
310479 134820 311049 135420
163191 127140 163761 127740
159771 129060 160341 129660
1364979 136740 1368057 137340
984675 137700 987753 138300
835905 139140 838983 139740
832371 139620 835449 140220
84303 145860 87381 146460
1388691 126660 1389945 127260
1378089 145380 1379343 145980
1367715 138180 1368969 138780
1357227 132420 1358481 133020
1357227 130500 1358481 131100
1357227 124740 1358481 125340
1354833 142020 1356087 142620
1285407 139140 1286661 139740
1284039 133860 1285293 134460
1209939 125700 1211193 126300
1209711 127140 1210965 127740
1208799 145860 1210053 146460
1207431 124740 1208685 125340
1137891 144420 1139145 145020
1134699 128100 1135953 128700
1132419 131940 1133673 132540
982395 132900 983649 133500
978177 131460 979431 132060
910575 125220 911829 125820
830775 124740 832029 125340
679041 143460 680295 144060
679041 124740 680295 125340
539391 127140 540645 127740
538935 145380 540189 145980
530727 135300 531981 135900
384579 134820 385833 135420
313671 132420 314925 133020
312075 140100 313329 140700
311163 143460 312417 144060
307857 143460 309111 144060
307857 141060 309111 141660
307857 130980 309111 131580
160911 132900 162165 133500
88635 138180 89889 138780
86355 142980 87609 143580
85215 134820 86469 135420
85215 131940 86469 132540
82251 125700 83505 126300
82023 131940 83277 132540
1394163 142500 1395417 143100
1379343 129540 1380597 130140
1369083 140100 1370337 140700
1279935 143460 1281189 144060
1138119 128100 1139373 128700
987411 140100 988665 140700
910347 140580 911601 141180
680295 131940 681549 132540
540759 144900 542013 145500
389367 124740 390621 125340
237747 128100 239001 128700
90687 140580 91941 141180
88179 141060 89433 141660
86811 127140 88065 127740
86583 138180 87837 138780
84531 136260 85785 136860
1396101 141540 1396899 142140
1392111 128580 1392909 129180
1391085 132420 1391883 133020
1388805 136740 1389603 137340
1385271 141060 1386069 141660
1383219 137220 1384017 137820
1379229 134820 1380027 135420
1377975 134820 1378773 135420
1375239 132420 1376037 133020
1374441 133860 1375239 134460
1372503 141060 1373301 141660
1371933 143940 1372731 144540
1365435 133860 1366233 134460
1365435 129540 1366233 130140
1365435 127620 1366233 128220
1357911 139620 1358709 140220
1287459 140100 1288257 140700
1286319 133860 1287117 134460
1281987 145860 1282785 146460
1281987 142980 1282785 143580
1281987 140100 1282785 140700
1279707 125220 1280505 125820
1207089 137220 1207887 137820
1138803 145380 1139601 145980
1137663 125220 1138461 125820
1132875 129060 1133673 129660
834195 124740 834993 125340
832371 127140 833169 127740
606993 141540 607791 142140
538935 135780 539733 136380
536655 137700 537453 138300
534147 129540 534945 130140
529473 135300 530271 135900
388227 130020 389025 130620
311505 126660 312303 127260
310593 144420 311391 145020
307857 133860 308655 134460
240255 136740 241053 137340
240141 128100 240939 128700
237633 145860 238431 146460
237291 140580 238089 141180
236607 145860 237405 146460
236379 126180 237177 126780
232731 142500 233529 143100
231363 139620 232161 140220
230679 144420 231477 145020
162507 132900 163305 133500
87039 132900 87837 133500
1205265 143940 1207773 144540
909891 128100 912399 128700
538707 137700 541215 138300
462555 132420 465063 133020
1369083 145860 1371249 146460
978975 135300 981141 135900
832827 135780 834993 136380
681663 134820 683829 135420
606993 137700 609159 138300
458679 138660 460845 139260
988209 131460 988893 132060
685653 133380 686337 133980
610527 130020 611211 130620
609729 140100 610413 140700
240939 138660 241623 139260
235923 131940 236607 132540
1281645 136740 1281873 137340
1207773 131460 1208001 132060
1129455 136740 1129683 137340
1128315 139620 1128543 140220
983421 136740 983649 137340
687135 125220 687363 125820
686565 136740 686793 137340
685653 134340 685881 134940
382869 131940 383097 132540
382185 141060 382413 141660
382071 130020 382299 130620
90687 145380 90915 145980
538707 131460 539505 132060
462099 143940 462897 144540
14079 129060 14877 129660
1398267 141540 1399407 142140
1398267 140100 1399407 140700
1388577 145860 1389717 146460
1379001 142500 1380141 143100
1374441 143460 1375581 144060
1362129 132900 1363269 133500
1285407 142020 1286547 142620
1277313 135300 1278453 135900
1208913 136260 1210053 136860
1205265 142980 1206405 143580
1131393 129060 1132533 129660
1127745 144900 1128885 145500
1059345 140580 1060485 141180
981027 136740 982167 137340
979887 144420 981027 145020
907155 140580 908295 141180
541443 142980 542583 143580
313557 124740 314697 125340
311505 129060 312645 129660
309339 133860 310479 134460
307857 138180 308997 138780
161937 130020 163077 130620
161139 145860 162279 146460
159657 145860 160797 146460
86811 134820 87951 135420
1394847 134820 1395645 135420
1385271 144900 1386069 145500
1380483 134820 1381281 135420
1366347 144420 1367145 145020
1364751 140580 1365549 141180
1358823 143940 1359621 144540
1280163 128100 1280961 128700
911487 139620 912285 140220
838071 127140 838869 127740
613719 141060 614517 141660
541215 139140 542013 139740
541215 135300 542013 135900
539391 134820 540189 135420
537567 137220 538365 137820
387999 128100 388797 128700
241623 145860 242421 146460
239115 128580 239913 129180
88179 142020 88977 142620
1367259 134820 1367829 135420
1211535 143940 1212105 144540
1206747 131460 1207317 132060
1206519 133860 1207089 134460
1138347 129540 1138917 130140
1060827 130020 1061397 130620
1056723 130500 1057293 131100
832599 130500 833169 131100
689415 130020 689985 130620
687363 143460 687933 144060
687135 138660 687705 139260
684399 143940 684969 144540
684171 138180 684741 138780
683259 129540 683829 130140
683259 126180 683829 126780
682575 129060 683145 129660
681663 132900 682233 133500
538251 128100 538821 128700
457539 135780 458109 136380
457539 131940 458109 132540
382071 142020 382641 142620
381615 124740 382185 125340
164103 129540 164673 130140
163875 127140 164445 127740
159999 132420 160569 133020
13623 143460 14193 144060
1393365 144900 1394961 145500
1393365 143940 1394961 144540
1280505 141060 1282101 141660
1061739 134820 1063335 135420
1061739 132900 1063335 133500
1061739 130980 1063335 131580
1061739 127140 1063335 127740
912171 145380 913767 145980
912171 132900 913767 133500
912171 125220 913767 125820
840123 134820 841719 135420
762603 131940 764199 132540
613035 138660 614631 139260
613035 134820 614631 135420
613035 130980 614631 131580
540987 131940 542583 132540
540987 129060 542583 129660
540987 127140 542583 127740
540987 125220 542583 125820
391419 142500 393015 143100
391419 137700 393015 138300
391419 135780 393015 136380
313899 126180 315495 126780
241851 128100 243447 128700
241851 127140 243447 127740
164331 142500 165927 143100
164331 131940 165927 132540
1398495 143940 1399407 144540
1398495 125700 1399407 126300
1398495 124740 1399407 125340
1393479 126180 1394391 126780
1388805 144420 1389717 145020
1386183 133380 1387095 133980
1382079 136740 1382991 137340
1377633 142500 1378545 143100
1373529 134340 1374441 134940
1367031 131460 1367943 132060
1365435 131460 1366347 132060
1289511 145860 1290423 146460
1289511 126180 1290423 126780
1288143 145860 1289055 146460
1287117 130020 1288029 130620
1285635 145860 1286547 146460
1280847 130020 1281759 130620
1277313 125220 1278225 125820
1208343 131460 1209255 132060
1207089 133380 1208001 133980
988779 124740 989691 125340
978177 132420 979089 133020
837501 126180 838413 126780
834081 129060 834993 129660
759867 126180 760779 126780
683715 136740 684627 137340
679041 142500 679953 143100
679041 130980 679953 131580
610641 145860 611553 146460
536769 125220 537681 125820
533121 145860 534033 146460
457425 138660 458337 139260
381729 138660 382641 139260
379905 127620 380817 128220
308199 144900 309111 145500
307857 145860 308769 146460
236151 140580 237063 141180
235467 134820 236379 135420
233985 130980 234897 131580
232845 131460 233757 132060
230337 130020 231249 130620
80769 131940 81681 132540
1394847 138180 1395417 138780
1392567 137220 1393137 137820
1383903 144900 1384473 145500
1383675 134820 1384245 135420
1382535 131940 1383105 132540
1364979 142020 1365549 142620
1362015 144900 1362585 145500
1361559 143940 1362129 144540
1281759 125220 1282329 125820
1208115 133860 1208685 134460
1060371 141540 1060941 142140
910803 130020 911373 130620
838983 144420 839553 145020
829635 132420 830205 133020
829407 129540 829977 130140
680295 138660 680865 139260
680295 134340 680865 134940
613263 142980 613833 143580
541443 137220 542013 137820
540531 136740 541101 137340
390507 128100 391077 128700
380931 139140 381501 139740
380931 128580 381501 129180
380703 138180 381273 138780
242079 130500 242649 131100
241851 131460 242421 132060
90231 142980 90801 143580
83163 137220 83733 137820
1396785 140580 1397241 141180
1391313 137220 1391769 137820
1390629 142980 1391085 143580
1386297 132420 1386753 133020
1385841 142020 1386297 142620
1385841 137220 1386297 137820
1381053 135780 1381509 136380
1380483 135780 1380939 136380
1378887 132420 1379343 133020
1376607 129060 1377063 129660
1376493 144900 1376949 145500
1373985 142020 1374441 142620
1370907 136740 1371363 137340
1368627 142020 1369083 142620
1365663 137700 1366119 138300
1364523 143460 1364979 144060
1359393 126180 1359849 126780
1284951 130500 1285407 131100
1284609 143460 1285065 144060
1283355 128100 1283811 128700
1281189 137700 1281645 138300
1280961 132900 1281417 133500
1278795 135780 1279251 136380
1208685 137220 1209141 137820
1207545 138660 1208001 139260
978747 125220 979203 125820
828837 135780 829293 136380
760323 127140 760779 127740
757473 129060 757929 129660
689871 137700 690327 138300
688845 136740 689301 137340
687477 137700 687933 138300
606993 132900 607449 133500
539847 141060 540303 141660
530841 127620 531297 128220
530613 126660 531069 127260
529929 127140 530385 127740
380361 141060 380817 141660
314013 137220 314469 137820
239685 137700 240141 138300
237063 131460 237519 132060
235581 124740 236037 125340
234897 140100 235353 140700
234555 124740 235011 125340
233415 137700 233871 138300
232389 135780 232845 136380
230907 124740 231363 125340
163761 144420 164217 145020
1055697 145380 1057749 145980
985473 135300 987525 135900
679041 133380 681093 133980
610413 136260 612465 136860
533121 133380 535173 133980
529473 142020 531525 142620
529473 139140 531525 139740
80769 130020 82821 130620
1399179 134820 1399407 135420
1399179 129540 1399407 130140
1395189 137220 1395417 137820
1384587 141060 1384815 141660
1376151 138180 1376379 138780
1371819 139620 1372047 140220
1371477 142980 1371705 143580
1369311 126660 1369539 127260
1366803 130500 1367031 131100
1366575 137700 1366803 138300
1364637 138660 1364865 139260
1283355 137700 1283583 138300
1277313 145860 1277541 146460
1133103 125220 1133331 125820
1132077 130020 1132305 130620
1131963 132900 1132191 133500
1131393 133860 1131621 134460
913539 140100 913767 140700
689187 145380 689415 145980
458679 136740 458907 137340
380589 131940 380817 132540
379905 131940 380133 132540
243219 140100 243447 140700
161937 138180 162165 138780
1209711 124740 1212903 125340
906129 139620 909321 140220
1398951 127620 1399407 128220
1397583 143940 1398039 144540
1390629 127620 1391085 128220
1390401 129540 1390857 130140
1390059 136740 1390515 137340
1387665 132420 1388121 133020
1387551 128100 1388007 128700
1386753 128100 1387209 128700
1384473 137220 1384929 137820
1380825 133860 1381281 134460
1377177 129540 1377633 130140
1371249 144900 1371705 145500
1370223 143940 1370679 144540
1370223 128580 1370679 129180
1369083 128580 1369539 129180
1288827 132900 1289283 133500
1286205 130500 1286661 131100
1208115 136740 1208571 137340
1140399 130500 1140855 131100
1140399 129540 1140855 130140
990831 129540 991287 130140
980115 136740 980571 137340
979089 144420 979545 145020
913311 142020 913767 142620
907269 130020 907725 130620
606993 124740 607449 125340
533121 124740 533577 125340
315039 124740 315495 125340
238545 140580 239001 141180
236835 128100 237291 128700
236493 125220 236949 125820
1385043 126180 1387893 126780
1377291 141060 1380141 141660
1373757 140100 1376607 140700
1136295 127140 1139145 127740
1134699 126180 1137549 126780
983991 132900 986841 133500
980571 143460 983421 144060
831459 137700 834309 138300
386175 140100 389025 140700
385947 136260 388797 136860
382527 136260 385377 136860
84531 143940 87381 144540
1205265 127140 1208685 127740
681663 135780 685083 136380
606993 130020 610413 130620
460275 130980 463695 131580
1354833 137220 1356429 137820
1131963 145380 1133559 145980
831459 136740 833055 137340
758385 145860 759981 146460
684513 125700 686109 126300
610071 133860 611667 134460
529473 130500 531069 131100
461415 142980 463011 143580
459249 137700 460845 138300
389595 140100 391191 140700
382641 144900 384237 145500
313899 140100 315495 140700
232389 134820 233985 135420
160113 140100 161709 140700
88065 130020 89661 130620
1398723 145860 1399407 146460
1398723 142500 1399407 143100
1397127 141540 1397811 142140
1395075 143460 1395759 144060
1393935 140580 1394619 141180
1392909 130980 1393593 131580
1386411 134340 1387095 134940
1383447 143460 1384131 144060
1380483 131940 1381167 132540
1379685 133860 1380369 134460
1376835 142980 1377519 143580
1364295 145860 1364979 146460
1361673 134820 1362357 135420
1361217 135780 1361901 136380
1289739 141060 1290423 141660
1289739 133380 1290423 133980
1288827 125220 1289511 125820
1287003 145860 1287687 146460
1281417 127140 1282101 127740
1277313 129060 1277997 129660
1277313 128100 1277997 128700
1209597 137700 1210281 138300
1206063 142020 1206747 142620
1205265 135780 1205949 136380
1140171 142500 1140855 143100
1135497 133860 1136181 134460
1135155 142980 1135839 143580
1134471 135780 1135155 136380
1133787 125220 1134471 125820
1131963 130980 1132647 131580
1130481 139620 1131165 140220
1062651 129540 1063335 130140
978177 144420 978861 145020
906129 130020 906813 130620
841035 130500 841719 131100
835563 144420 836247 145020
832257 141540 832941 142140
691467 124740 692151 125340
679041 138180 679725 138780
606993 136260 607677 136860
606993 134820 607677 135420
529473 144420 530157 145020
385833 141060 386517 141660
379905 129540 380589 130140
307857 131940 308541 132540
240255 142500 240939 143100
240255 138660 240939 139260
239799 125220 240483 125820
236265 133860 236949 134460
235467 144420 236151 145020
232959 127140 233643 127740
93195 125700 93879 126300
84417 133860 85101 134460
84189 131940 84873 132540
1378431 137700 1380369 138300
1283127 132900 1285065 133500
835335 132900 837273 133500
833739 127140 835677 127740
679041 140100 680979 140700
609615 137700 611553 138300
308427 135300 310365 135900
240141 130020 242079 130620
89775 126180 91713 126780
1395303 136260 1396785 136860
1394163 141540 1395645 142140
1389147 132420 1390629 133020
1382079 130980 1383561 131580
1368171 125700 1369653 126300
1277313 142020 1278795 142620
1207203 142020 1208685 142620
836247 136740 837729 137340
833511 144420 834993 145020
680295 142500 681777 143100
610527 126180 612009 126780
608931 139140 610413 139740
606993 130980 608475 131580
529473 131940 530955 132540
387543 141540 389025 142140
88635 145860 90117 146460
1381623 145860 1383561 146460
1357455 137220 1359393 137820
1133103 137700 1135041 138300
1131507 142020 1133445 142620
984675 143460 986613 144060
834879 138180 836817 138780
756561 137220 758499 137820
457425 133860 459363 134460
386859 132420 388797 133020
386859 129060 388797 129660
379905 133380 381843 133980
1392339 143940 1392909 144540
1391541 127620 1392111 128220
1390287 145860 1390857 146460
1388121 134340 1388691 134940
1386525 145860 1387095 146460
1384359 128100 1384929 128700
1383219 128100 1383789 128700
1381851 128100 1382421 128700
1381737 133860 1382307 134460
1380711 142500 1381281 143100
1379799 145380 1380369 145980
1378203 129540 1378773 130140
1367373 143460 1367943 144060
1365435 128580 1366005 129180
1287687 139140 1288257 139740
1277313 143940 1277883 144540
1135839 124740 1136409 125340
1130823 130980 1131393 131580
1130595 130020 1131165 130620
1059003 138180 1059573 138780
690213 138660 690783 139260
687363 129540 687933 130140
685311 136260 685881 136860
680523 143460 681093 144060
612693 140580 613263 141180
610071 125220 610641 125820
538251 135300 538821 135900
535515 139620 536085 140220
389823 125700 390393 126300
385947 132420 386517 133020
383667 138180 384237 138780
383553 129060 384123 129660
307857 129540 308427 130140
232047 138180 232617 138780
230337 137220 230907 137820
163419 131940 163989 132540
161139 135300 161709 135900
160113 130500 160683 131100
690897 128580 692151 129180
231933 144420 233187 145020
230337 138180 231591 138780
1399065 128580 1399407 129180
1395303 140580 1395645 141180
1392567 127620 1392909 128220
1392339 136260 1392681 136860
1388349 132420 1388691 133020
1387551 145860 1387893 146460
1387323 134340 1387665 134940
1387095 141540 1387437 142140
1382649 126180 1382991 126780
1382079 126180 1382421 126780
1379685 125700 1380027 126300
1378887 139620 1379229 140220
1377975 138660 1378317 139260
1376493 143940 1376835 144540
1371363 128580 1371705 129180
1371135 143940 1371477 144540
1371135 137700 1371477 138300
1370223 144900 1370565 145500
1369311 130500 1369653 131100
1364637 126660 1364979 127260
1364523 131460 1364865 132060
1364523 127620 1364865 128220
1363839 135300 1364181 135900
1362015 127620 1362357 128220
1361787 124740 1362129 125340
1360647 132420 1360989 133020
1360647 127620 1360989 128220
1356999 140580 1357341 141180
1277313 126180 1277655 126780
1212561 144900 1212903 145500
1206747 137700 1207089 138300
1206063 124740 1206405 125340
1134129 133860 1134471 134460
1133673 139620 1134015 140220
1131393 131940 1131735 132540
990945 144900 991287 145500
990945 137220 991287 137820
683715 138660 684057 139260
608931 144900 609273 145500
542241 143940 542583 144540
535515 141060 535857 141660
315153 131460 315495 132060
89091 124740 89433 125340
1398381 137700 1399407 138300
1386867 138660 1387893 139260
1379001 135780 1380027 136380
1374441 134820 1375467 135420
1369539 138180 1370565 138780
1367715 130500 1368741 131100
1362927 127620 1363953 128220
1362699 124740 1363725 125340
1288713 139140 1289739 139740
1281987 130020 1283013 130620
1277313 131940 1278339 132540
1208799 143940 1209825 144540
1137891 126180 1138917 126780
1137207 145380 1138233 145980
1134813 127140 1135839 127740
1133103 130980 1134129 131580
1058319 143940 1059345 144540
986499 142500 987525 143100
978177 141540 979203 142140
909891 139620 910917 140220
830091 137700 831117 138300
830091 136740 831117 137340
830091 127140 831117 127740
756561 140100 757587 140700
756561 135300 757587 135900
756561 133380 757587 133980
756561 131940 757587 132540
687363 134820 688389 135420
682347 128100 683373 128700
679041 145380 680067 145980
679041 131940 680067 132540
606993 128580 608019 129180
537795 124740 538821 125340
533919 127140 534945 127740
533919 125700 534945 126300
529473 145380 530499 145980
459591 131940 460617 132540
309567 144900 310593 145500
307857 139620 308883 140220
239799 143460 240825 144060
238203 143460 239229 144060
235239 142020 236265 142620
162165 137220 163191 137820
160911 124740 161937 125340
1277313 138660 1278339 139260
1209711 138660 1210737 139260
1133901 142020 1134927 142620
1130367 138660 1131393 139260
1127745 137700 1128771 138300
1127745 130980 1128771 131580
990261 143940 991287 144540
839325 126180 840351 126780
828609 137700 829635 138300
828609 136740 829635 137340
828609 127140 829635 127740
158289 127620 159315 128220
80769 137220 81795 137820
1358139 140580 1361901 141180
836247 129060 840009 129660
833511 142020 837273 142620
833283 134820 837045 135420
758043 140100 761805 140700
756561 143460 760323 144060
684855 145860 688617 146460
536199 138660 539961 139260
532095 138660 535857 139260
1393479 127620 1394961 128220
1130139 135300 1131621 135900
1061853 143460 1063335 144060
1061853 126180 1063335 126780
912285 138660 913767 139260
690669 137700 692151 138300
613149 139620 614631 140220
613149 130020 614631 130620
241965 126180 243447 126780
1393365 125220 1397127 125820
1354833 131460 1358595 132060
1354833 126180 1358595 126780
907383 144420 911145 145020
685311 140100 689073 140700
534603 145860 538365 146460
531981 142020 535743 142620
383667 142500 387429 143100
87039 139140 90801 139740
382299 133380 389709 133980
513 141540 7923 142140
513 140580 7923 141180
513 136740 7923 137340
513 135780 7923 136380
513 130980 7923 131580
513 139620 7923 140220
513 134820 7923 135420
513 130020 7923 130620
513 125220 7923 125820
