1377519 131460 1378317 132060
1287003 144900 1289055 145500
1210737 140580 1212903 141180
14193 144420 16359 145020
1376949 129060 1381509 129660
1129113 135780 1130253 136380
1128885 141540 1130025 142140
1136181 136740 1137321 137340
1135725 135780 1136865 136380
1134585 138180 1135725 138780
980115 127140 981255 127740
232503 143940 233643 144540
1139259 139140 1139487 139740
1139259 134340 1139487 134940
1136751 138180 1136979 138780
1135041 140100 1135269 140700
981141 125220 981369 125820
979317 130020 979545 130620
1139259 138180 1139487 138780
1129455 130020 1129683 130620
983535 125700 983763 126300
1128885 139140 1129227 139740
1128885 130500 1129227 131100
1128885 129540 1129227 130140
1128885 125700 1129227 126300
1128885 124740 1129227 125340
159087 136740 159885 137340
159087 135780 159885 136380
689187 129540 690213 130140
231819 137220 232503 137820
1205265 130020 1208229 130620
978177 133860 981141 134460
1138575 141540 1140057 142140
1393251 132420 1394961 133020
1279821 126660 1280733 127260
1133559 131940 1134357 132540
1392909 142500 1393593 143100
1279365 138180 1280049 138780
236379 136740 237063 137340
1134813 142020 1135269 142620
1133445 143940 1133901 144540
1137321 142980 1138005 143580
1279479 145860 1280277 146460
1139259 140580 1140057 141180
1136067 133380 1136865 133980
689643 133380 690441 133980
688275 134820 689073 135420
687819 129540 688617 130140
1128999 131940 1129341 132540
690327 142020 690669 142620
159771 144900 160113 145500
1287687 127140 1288257 127740
686679 136260 687249 136860
684399 143460 684969 144060
681435 128100 682005 128700
381843 143460 382413 144060
1395417 139620 1396101 140220
1284153 138180 1284837 138780
1136181 142020 1136865 142620
1134927 133860 1135611 134460
1133901 139620 1134585 140220
1129341 140580 1130025 141180
1129113 134820 1129797 135420
608361 132900 609045 133500
686223 134340 686907 134940
159087 145860 159771 146460
1385499 129060 1387209 129660
1359507 134340 1361217 134940
1281075 141540 1282785 142140
688845 130500 690555 131100
379905 130020 381615 130620
234213 143460 235923 144060
1279251 125700 1280049 126300
909207 143460 910005 144540
832827 141540 833625 142620
382983 137700 383781 138780
1281987 143940 1286661 144540
683943 128580 688617 129180
683715 126180 688389 126780
681435 131940 686109 132540
679041 130500 681321 131100
1059459 137700 1060941 138780
1059231 126180 1060713 127260
987639 137700 989121 138780
909207 141540 910689 142620
460731 140580 462213 141660
460731 130020 462213 131100
460731 128100 462213 129180
460731 125220 462213 126300
1379799 140100 1381281 140700
1362471 137220 1363953 137820
310935 144900 312189 145500
233871 129060 235125 129660
313215 141540 314013 142140
1379799 131460 1381053 132060
1131507 135300 1132761 135900
1387095 142980 1388577 143580
1374099 135300 1375581 135900
237291 138180 238773 138780
1057635 142500 1060029 143100
985587 130500 987981 131100
906699 145380 909093 145980
387087 145380 389481 145980
383211 127620 385605 128220
1385385 130020 1387209 130620
1377291 137220 1379115 137820
1367715 131940 1369539 132540
1363839 131940 1365663 132540
1356657 137700 1358481 138300
1356657 135780 1358481 136380
1283811 137220 1285635 137820
1279137 134820 1280961 135420
1207431 142500 1209255 143100
1057521 136740 1059345 137340
1057521 134820 1059345 135420
1057521 125220 1059345 125820
1055697 133860 1057521 134460
830433 125220 832257 125820
758043 124740 759867 125340
610641 125700 612465 126300
160455 145380 162279 145980
1392111 139620 1393137 140220
1391427 138180 1392453 138780
1380027 141060 1381053 141660
1376151 130500 1377177 131100
1368855 133380 1369881 133980
1288599 127140 1289625 127740
1131507 125700 1132533 126300
232047 130980 233073 131580
1397127 139620 1397697 140220
1397127 137220 1397697 137820
1287231 128580 1287801 129180
1279707 140100 1280277 140700
687363 143940 687933 144540
1287003 135780 1287801 136860
1286091 134820 1286889 135900
1059231 143460 1060029 144540
84759 128100 85785 129180
82251 127140 83277 128220
1383333 144420 1388919 145020
1377063 135300 1382649 135900
1055697 135780 1061283 136380
833739 142500 839325 143100
833739 127620 839325 128220
828609 144900 834195 145500
828609 129060 834195 129660
756561 140580 762147 141180
606993 127140 612579 127740
536769 143940 542355 144540
457425 139620 463011 140220
386175 128580 391761 129180
379905 145380 385491 145980
1396101 131940 1399407 132540
1374441 144420 1377747 145020
981711 130500 985017 131100
835107 140580 838413 141180
756561 135780 759867 136380
531639 136260 534945 136860
385947 131940 389253 132540
382983 134340 386289 134940
82023 126180 85329 126780
1354833 134820 1356201 135420
1354833 127620 1356201 128220
1287801 141060 1289169 141660
1055697 142980 1057065 143580
982053 133860 983421 134460
909435 135780 910803 136380
908067 130020 909435 130620
907953 136740 909321 137340
907953 131460 909321 132060
907953 128580 909321 129180
906129 135780 907497 136380
760437 142500 761805 143100
462099 138180 463467 138780
311049 128100 312417 128700
310935 133860 312303 134460
309567 141060 310935 141660
307857 128580 309225 129180
235239 132420 236607 133020
233643 125700 235011 126300
1388235 138180 1389261 138780
1381851 127140 1382877 127740
1139487 137220 1140513 137820
911259 130020 912285 130620
381159 134340 382185 134940
240027 131940 241053 132540
85671 138180 86697 138780
1211079 142500 1212903 143100
989463 133860 991287 134460
911943 142500 913767 143100
839895 129060 841719 129660
540759 142500 542583 143100
911715 144420 913767 145020
911715 143460 913767 144060
911715 136740 913767 137340
989007 125220 991287 125820
839439 132900 841719 133500
540303 141540 542583 142140
313215 144420 315495 145020
313215 131940 315495 132540
91599 126180 93879 126780
1289055 128100 1289625 128700
761691 128580 762261 129180
757587 126180 758157 126780
1392453 135300 1394961 135900
988779 143460 991287 144060
988779 142500 991287 143100
689643 143460 692151 144060
91371 125220 93879 125820
1288143 125220 1288941 125820
1278567 131460 1279365 132060
1128771 136740 1129569 137340
1137891 140580 1138917 141180
1136979 131460 1138005 132060
838983 141540 840009 142140
1279707 132420 1280505 133020
1278567 130500 1279365 131100
1278567 128100 1279365 128700
1278111 125220 1278909 125820
1137207 134820 1138005 135420
1136979 141060 1137777 141660
1136067 134340 1136865 134940
1131963 137700 1132761 138300
1131507 127620 1132305 128220
1131507 124740 1132305 125340
1129683 130980 1130481 131580
1129455 132900 1130253 133500
1129227 127620 1130025 128220
1128543 140580 1129341 141180
838983 136260 839781 136860
611439 132900 612237 133500
609387 143460 610185 144060
608247 139140 609045 139740
608247 129060 609045 129660
162279 134820 163077 135420
161595 143940 162393 144540
160455 131460 161253 132060
159315 143940 160113 144540
159087 141540 159885 142140
159087 133860 159885 134460
14079 124740 14877 125340
988893 127140 989577 127740
689643 134340 690327 134940
1132647 140100 1133217 140700
1370223 140100 1373301 140700
836247 124740 839325 125340
535743 136740 538821 137340
161139 129540 164217 130140
1392339 131460 1393593 132060
1392339 130500 1393593 131100
1391199 129060 1392453 129660
1381851 143460 1383105 144060
1377975 144420 1379229 145020
1377291 127620 1378545 128220
1375809 131940 1377063 132540
1371591 135300 1372845 135900
1370223 131940 1371477 132540
1370223 130020 1371477 130620
1367715 137700 1368969 138300
1362015 142500 1363269 143100
1362015 131940 1363269 132540
1357227 134820 1358481 135420
1357227 131940 1358481 132540
1357227 130020 1358481 130620
1357227 128580 1358481 129180
1357227 127620 1358481 128220
1277313 143460 1278567 144060
1209711 141540 1210965 142140
1137891 143940 1139145 144540
1131507 133380 1132761 133980
1131507 132420 1132761 133020
987639 133860 988893 134460
760323 135780 761577 136380
759639 133380 760893 133980
530499 137220 531753 137820
388227 133860 389481 134460
311847 132420 313101 133020
235809 128580 237063 129180
233643 131940 234897 132540
162621 138180 163875 138780
159543 128580 160797 129180
81567 140580 82821 141180
1364295 144420 1365549 145020
1132647 128100 1133901 128700
683487 130500 684741 131100
240255 144900 241509 145500
234327 127140 235581 127740
90687 138660 91941 139260
82251 138180 83505 138780
1398609 135780 1399407 136380
1396215 143460 1397013 144060
1395873 137220 1396671 137820
1394847 142020 1395645 142620
1394163 139620 1394961 140220
1392567 137700 1393365 138300
1391199 141060 1391997 141660
1388919 141540 1389717 142140
1388805 140580 1389603 141180
1386867 130980 1387665 131580
1384587 127140 1385385 127740
1382079 129060 1382877 129660
1374441 141540 1375239 142140
1367943 143940 1368741 144540
1367715 139620 1368513 140220
1362471 145380 1363269 145980
1360647 140100 1361445 140700
1359051 144900 1359849 145500
1288371 142500 1289169 143100
1288371 137700 1289169 138300
1287459 132900 1288257 133500
1282215 134820 1283013 135420
1277313 130980 1278111 131580
1208343 137700 1209141 138300
1207887 138660 1208685 139260
1135155 130500 1135953 131100
1134471 137220 1135269 137820
1133559 127140 1134357 127740
1133103 126180 1133901 126780
988779 135300 989577 135900
758385 133860 759183 134460
758043 127140 758841 127740
688731 142980 689529 143580
611211 139140 612009 139740
537111 128580 537909 129180
464265 137220 465063 137820
462783 143940 463581 144540
384807 139620 385605 140220
314127 136260 314925 136860
312759 133860 313557 134460
237747 127140 238545 127740
237519 130020 238317 130620
237177 132900 237975 133500
232389 133380 233187 133980
159543 126660 160341 127260
89319 131940 90117 132540
89091 134340 89889 134940
82023 135300 82821 135900
1390629 126180 1393137 126780
1378887 145860 1381395 146460
1373529 133380 1376037 133980
1358481 126660 1360989 127260
1205265 143460 1207773 144060
1136523 130500 1139031 131100
985017 124740 987525 125340
909891 130980 912399 131580
756561 144420 759069 145020
606993 131460 609501 132060
457425 126660 459933 127260
239001 137220 241509 137820
1397241 141060 1399407 141660
1360191 128580 1362357 129180
985359 139140 987525 139740
313329 127620 315495 128220
311619 130500 313785 131100
238659 125700 240825 126300
234783 135300 236949 135900
232389 139620 234555 140220
1278111 145860 1278339 146460
1139259 132420 1139487 133020
1138803 129540 1139031 130140
1134585 133380 1134813 133980
758385 138660 758613 139260
690213 126660 690441 127260
688389 125220 688617 125820
686337 131460 686565 132060
684969 135780 685197 136380
682575 138660 682803 139260
391077 131460 391305 132060
231363 127140 231591 127740
163761 143940 163989 144540
1390743 135780 1391883 136380
1382079 130020 1383219 130620
1371135 138180 1372275 138780
1285407 141060 1286547 141660
1277313 144420 1278453 145020
1277313 129540 1278453 130140
981597 142500 982737 143100
828609 132420 829749 133020
691011 130500 692151 131100
612921 125700 614061 126300
611097 130020 612237 130620
388113 129540 389253 130140
311733 137700 312873 138300
236835 130980 237975 131580
232047 135300 233187 135900
161937 126180 163077 126780
1388463 128100 1389261 128700
1370223 134340 1371021 134940
1357227 145380 1358025 145980
1211079 134340 1211877 134940
839667 126660 840465 127260
390963 135300 391761 135900
241623 136260 242421 136860
92055 141060 92853 141660
91827 135300 92625 135900
91827 133380 92625 133980
1287915 130020 1288485 130620
1136523 132420 1137093 133020
1134015 141060 1134585 141660
909891 132900 910461 133500
689187 139620 689757 140220
688731 124740 689301 125340
686679 130500 687249 131100
686679 125220 687249 125820
684399 132900 684969 133500
683943 139620 684513 140220
683715 145860 684285 146460
540075 134820 540645 135420
539619 135780 540189 136380
531183 130980 531753 131580
458451 131940 459021 132540
458223 130980 458793 131580
385491 130500 386061 131100
382071 144420 382641 145020
382071 141540 382641 142140
241167 131940 241737 132540
91371 144900 91941 145500
83163 132420 83733 133020
1393365 138180 1394961 138780
1280505 138180 1282101 138780
1280505 125700 1282101 126300
1211307 141540 1212903 142140
1130025 138180 1131621 138780
840123 139620 841719 140220
762603 137700 764199 138300
463467 139620 465063 140220
391419 139620 393015 140220
241851 142500 243447 143100
1396101 142020 1397013 142620
1388805 131460 1389717 132060
1386183 136260 1387095 136860
1379343 125220 1380255 125820
1375923 137700 1376835 138300
1374441 136740 1375353 137340
1374441 129060 1375353 129660
1373529 142980 1374441 143580
1358481 130980 1359393 131580
1289511 144900 1290423 145500
1285635 145380 1286547 145980
1284039 126180 1284951 126780
1277313 137220 1278225 137820
1209711 142500 1210623 143100
906129 132420 907041 133020
679041 138660 679953 139260
613149 130500 614061 131100
608361 124740 609273 125340
389595 130020 390507 130620
309567 139620 310479 140220
238773 130020 239685 130620
237747 133860 238659 134460
237405 139140 238317 139740
237063 134820 237975 135420
234897 140580 235809 141180
233643 135300 234555 135900
232845 140580 233757 141180
230337 129060 231249 129660
87951 127140 88863 127740
1389831 143940 1390401 144540
1371363 130980 1371933 131580
1364523 142020 1365093 142620
1360875 145380 1361445 145980
1359963 125700 1360533 126300
1281759 139620 1282329 140220
1279935 142020 1280505 142620
1211079 125700 1211649 126300
1206291 131940 1206861 132540
1139943 130500 1140513 131100
1139943 129540 1140513 130140
1139259 128580 1139829 129180
1128543 145380 1129113 145980
1060371 140580 1060941 141180
907383 143940 907953 144540
613263 134340 613833 134940
540075 145380 540645 145980
538707 128100 539277 128700
390507 143460 391077 144060
382983 143460 383553 144060
308883 138180 309453 138780
241851 135300 242421 135900
241851 125700 242421 126300
236379 137700 236949 138300
235695 130020 236265 130620
234783 130980 235353 131580
231591 141540 232161 142140
92055 127620 92625 128220
91371 145860 91941 146460
91371 142980 91941 143580
91371 130980 91941 131580
91143 134340 91713 134940
1392225 128100 1392681 128700
1389831 126660 1390287 127260
1373187 134340 1373643 134940
1369653 142500 1370109 143100
1368399 142500 1368855 143100
1367943 136740 1368399 137340
1364181 143460 1364637 144060
1361103 131460 1361559 132060
1361103 125220 1361559 125820
1360077 133380 1360533 133980
1289511 130980 1289967 131580
1280391 144420 1280847 145020
1280277 137220 1280733 137820
1278795 144420 1279251 145020
1207773 137220 1208229 137820
1134129 135780 1134585 136380
979317 131460 979773 132060
913311 125700 913767 126300
762603 126660 763059 127260
682575 137220 683031 137820
682005 134340 682461 134940
315039 126660 315495 127260
308997 143460 309453 144060
308997 130980 309453 131580
308769 140580 309225 141180
242193 132420 242649 133020
236379 127620 236835 128220
235125 141540 235581 142140
231591 126660 232047 127260
231477 142500 231933 143100
1367715 140580 1369767 141180
1055697 139620 1057749 140220
1055697 130980 1057749 131580
1055697 129540 1057749 130140
762147 124740 764199 125340
679041 135780 681093 136380
679041 134820 681093 135420
529473 144900 531525 145500
379905 128100 381957 128700
237405 140100 239457 140700
160569 140580 162621 141180
1397697 137700 1397925 138300
1390059 131460 1390287 132060
1386183 135300 1386411 135900
1290195 127620 1290423 128220
1287117 127140 1287345 127740
1281987 130500 1282215 131100
1280163 135780 1280391 136380
1280049 131460 1280277 132060
1279935 127620 1280163 128220
1278567 144900 1278795 145500
1138575 132900 1138803 133500
1138575 129060 1138803 129660
1137207 137700 1137435 138300
1136181 140580 1136409 141180
1134813 143940 1135041 144540
1134471 134820 1134699 135420
1127745 144420 1127973 145020
984675 125220 984903 125820
978177 130020 978405 130620
534945 136740 535173 137340
464835 141060 465063 141660
457425 137220 457653 137820
457425 136260 457653 136860
315267 129540 315495 130140
315267 125700 315495 126300
238431 132900 238659 133500
236151 130980 236379 131580
1209711 139140 1212903 139740
1209711 127620 1212903 128220
84417 142500 87609 143100
1395189 131940 1395645 132540
1393251 141540 1393707 142140
1387893 140580 1388349 141180
1383561 129060 1384017 129660
1383447 126180 1383903 126780
1383333 139620 1383789 140220
1381167 126180 1381623 126780
1373415 145860 1373871 146460
1366803 135780 1367259 136380
1288827 129540 1289283 130140
1285293 138180 1285749 138780
1279251 144900 1279707 145500
1140399 139620 1140855 140220
1140399 138660 1140855 139260
1140399 134820 1140855 135420
1140399 133860 1140855 134460
1140399 132900 1140855 133500
1140399 125700 1140855 126300
1140399 124740 1140855 125340
1133103 141060 1133559 141660
1128315 129060 1128771 129660
985473 135780 985929 136380
836019 139620 836475 140220
392559 129540 393015 130140
386745 134820 387201 135420
234213 140580 234669 141180
165471 125700 165927 126300
162051 142980 162507 143580
14193 130500 14649 131100
1388577 137220 1391427 137820
1387095 132900 1389945 133500
1384131 139620 1386981 140220
1383675 124740 1386525 125340
1380939 142020 1383789 142620
1380711 136260 1383561 136860
1373415 127620 1376265 128220
1372503 132420 1375353 133020
1371135 139140 1373985 139740
1370109 145380 1372959 145980
1361559 134340 1364409 134940
1360647 130500 1363497 131100
1134927 125220 1137777 125820
1059003 132900 1061853 133500
1059003 130980 1061853 131580
1058775 133860 1061625 134460
984675 145380 987525 145980
984675 140100 987525 140700
979887 140100 982737 140700
837159 125700 840009 126300
836931 134820 839781 135420
834651 143940 837501 144540
831459 130980 834309 131580
756561 132420 759411 133020
686337 140580 689187 141180
685539 132900 688389 133500
684399 144420 687249 145020
682347 141060 685197 141660
680751 124740 683601 125340
606993 140100 609843 140700
538251 125220 541101 125820
538023 130980 540873 131580
536199 135780 539049 136380
460503 132900 463353 133500
388683 138180 391533 138780
381387 125220 384237 125820
310935 139620 313785 140220
310935 134820 313785 135420
310479 127140 313329 127740
307857 144420 310707 145020
236607 141060 239457 141660
84531 143460 87381 144060
84417 125220 87267 125820
81795 136260 84645 136860
1364637 134340 1368057 134940
1364523 133380 1367943 133980
1280961 140580 1284381 141180
756561 131460 759981 132060
688731 138180 692151 138780
679041 126660 682461 127260
539163 140100 542583 140700
457425 134340 460845 134940
388341 126660 391761 127260
386973 141060 390393 141660
85671 126180 89091 126780
1397811 136740 1399407 137340
1388691 135780 1390287 136380
1375923 138660 1377519 139260
1374783 142980 1376379 143580
1368285 134340 1369881 134940
1288827 135780 1290423 136380
1288827 134820 1290423 135420
1287459 139620 1289055 140220
1283469 127620 1285065 128220
1283013 128580 1284609 129180
1277313 135780 1278909 136380
1139259 127620 1140855 128220
1137891 125700 1139487 126300
1135041 145380 1136637 145980
1131507 144900 1133103 145500
1128201 144420 1129797 145020
1061739 137220 1063335 137820
1061739 125700 1063335 126300
1055697 128100 1057293 128700
986157 125700 987753 126300
907953 134820 909549 135420
758385 145380 759981 145980
758385 142020 759981 142620
680865 136740 682461 137340
612465 133380 614061 133980
612465 129540 614061 130140
609729 144900 611325 145500
606993 142500 608589 143100
540987 136260 542583 136860
463467 142980 465063 143580
463467 136260 465063 136860
461415 142500 463011 143100
459249 145380 460845 145980
459249 142980 460845 143580
459249 142020 460845 142620
459249 138180 460845 138780
388341 143940 389937 144540
381729 131460 383325 132060
379905 139620 381501 140220
309339 136740 310935 137340
238887 126660 240483 127260
1395303 138180 1395987 138780
1388007 139620 1388691 140220
1386867 135300 1387551 135900
1385613 128100 1386297 128700
1385271 142980 1385955 143580
1379799 126660 1380483 127260
1378317 132420 1379001 133020
1371249 136740 1371933 137340
1360191 145860 1360875 146460
1289739 140100 1290423 140700
1289739 137700 1290423 138300
1289739 132900 1290423 133500
1287231 137700 1287915 138300
1282899 126180 1283583 126780
1278795 127140 1279479 127740
1137777 139620 1138461 140220
1137777 129540 1138461 130140
1136181 139140 1136865 139740
1136181 129540 1136865 130140
1131507 136260 1132191 136860
1131507 126660 1132191 127260
982851 136740 983535 137340
982281 125220 982965 125820
980457 141540 981141 142140
980457 130020 981141 130620
979887 125700 980571 126300
978747 125700 979431 126300
978177 124740 978861 125340
689187 128580 689871 129180
457425 131460 458109 132060
379905 134340 380589 134940
314241 129540 314925 130140
313443 137220 314127 137820
240255 142020 240939 142620
237291 129060 237975 129660
233985 142500 234669 143100
232617 129060 233301 129660
159543 132900 160227 133500
1397469 142020 1399407 142620
1386867 142020 1388805 142620
1386183 137220 1388121 137820
1382991 131460 1384929 132060
1367715 138660 1369653 139260
1366803 141540 1368741 142140
1363839 136260 1365777 136860
1356999 143940 1358937 144540
1207431 139620 1209369 140220
1205265 134340 1207203 134940
1060599 143940 1062537 144540
910575 126660 912513 127260
909663 145380 911601 145980
909663 127620 911601 128220
834879 145860 836817 146460
834879 137700 836817 138300
760665 127140 762603 127740
760323 139140 762261 139740
688503 144900 690441 145500
609843 131460 611781 132060
539391 139140 541329 139740
536313 141060 538251 141660
529473 142500 531411 143100
529473 140580 531411 141180
529473 126180 531411 126780
390051 127620 391989 128220
383439 131940 385377 132540
312075 125220 314013 125820
311847 129540 313785 130140
307857 130020 309795 130620
307857 126180 309795 126780
232731 124740 234669 125340
230337 132420 232275 133020
162963 145860 164901 146460
162963 142980 164901 143580
162507 124740 164445 125340
160227 134340 162165 134940
89319 143460 91257 144060
1394163 145380 1395645 145980
1392339 145380 1393821 145980
1389261 142980 1390743 143580
1383333 135300 1384815 135900
1377747 133860 1379229 134460
1377633 143460 1379115 144060
1375353 141060 1376835 141660
1373871 125700 1375353 126300
1371363 127620 1372845 128220
1362243 140100 1363725 140700
1361787 144420 1363269 145020
1285635 127620 1287117 128220
1281303 142500 1282785 143100
1281303 132900 1282785 133500
1208571 133860 1210053 134460
1208571 126180 1210053 126780
1207203 135300 1208685 135900
1207203 132900 1208685 133500
1205265 141540 1206747 142140
1139373 143940 1140855 144540
1059003 141540 1060485 142140
910575 138180 912057 138780
908523 137700 910005 138300
838071 145860 839553 146460
760323 124740 761805 125340
758385 137220 759867 137820
688503 145860 689985 146460
686907 131460 688389 132060
686679 127620 688161 128220
682119 143460 683601 144060
611895 142980 613377 143580
611211 142020 612693 142620
541101 134340 542583 134940
540075 137220 541557 137820
539163 131940 540645 132540
389823 139140 391305 139740
386403 143940 387885 144540
162507 130500 163989 131100
160911 127140 162393 127740
92397 134340 93879 134940
89319 127140 90801 127740
88863 142500 90345 143100
88635 145380 90117 145980
1397241 142980 1399179 143580
1390173 132900 1392111 133500
1387551 125700 1389489 126300
1386867 126660 1388805 127260
1383447 137700 1385385 138300
1370223 141540 1372161 142140
1360647 143460 1362585 144060
1357455 136740 1359393 137340
1278681 141060 1280619 141660
1277313 142500 1279251 143100
1209027 136740 1210965 137340
1205265 133380 1207203 133980
1137777 135780 1139715 136380
1136295 128100 1138233 128700
1131963 142500 1133901 143100
1059915 127620 1061853 128220
1059003 129060 1060941 129660
1057179 138180 1059117 138780
1055697 126660 1057635 127260
989349 131460 991287 132060
984675 138180 986613 138780
979317 129060 981255 129660
979203 139140 981141 139740
907839 133380 909777 133980
837159 138660 839097 139260
761349 133380 763287 133980
760779 131460 762717 132060
760551 132420 762489 133020
757815 129060 759753 129660
689415 141060 691353 141660
681663 133380 683601 133980
679041 133860 680979 134460
612123 144900 614061 145500
611211 138180 613149 138780
461187 136740 463125 137340
388683 130980 390621 131580
388227 132900 390165 133500
387087 142980 389025 143580
379905 135780 381843 136380
307857 142020 309795 142620
307857 133380 309795 133980
241053 127620 242991 128220
240711 126660 242649 127260
240255 141060 242193 141660
239799 128580 241737 129180
239229 138180 241167 138780
236379 143460 238317 144060
234327 138180 236265 138780
233757 136740 235695 137340
230337 145860 232275 146460
230337 140100 232275 140700
163761 142020 165699 142620
163305 131460 165243 132060
158289 140100 160227 140700
91143 128580 93081 129180
90915 132420 92853 133020
90231 137220 92169 137820
1397127 145380 1397697 145980
1396329 140580 1396899 141180
1392909 129060 1393479 129660
1391313 145860 1391883 146460
1390287 138660 1390857 139260
1387665 130020 1388235 130620
1374783 131460 1375353 132060
1372503 142980 1373073 143580
1372275 128580 1372845 129180
1372161 142020 1372731 142620
1369197 141540 1369767 142140
1369083 145380 1369653 145980
1367943 144900 1368513 145500
1366347 143460 1366917 144060
1356543 142020 1357113 142620
1287231 130500 1287801 131100
1287003 141540 1287573 142140
1286205 138180 1286775 138780
1283811 141540 1284381 142140
1282443 131460 1283013 132060
1282215 145380 1282785 145980
1281987 128580 1282557 129180
1280163 142980 1280733 143580
1280163 128580 1280733 129180
1279023 139140 1279593 139740
1279023 129540 1279593 130140
1277313 145380 1277883 145980
1210965 143460 1211535 144060
1208115 127620 1208685 128220
1138461 142500 1139031 143100
1137891 137700 1138461 138300
1137777 138660 1138347 139260
1137777 133860 1138347 134460
1133103 138180 1133673 138780
1131507 143940 1132077 144540
1131507 134340 1132077 134940
1128315 126180 1128885 126780
980571 142500 981141 143100
763629 134340 764199 134940
761235 143460 761805 144060
761007 126180 761577 126780
685539 134820 686109 135420
683031 129060 683601 129660
608589 144420 609159 145020
529473 127140 530043 127740
391077 140580 391647 141180
385035 128580 385605 129180
379905 141060 380475 141660
310707 142500 311277 143100
240255 134820 240825 135420
236151 133380 236721 133980
235809 141060 236379 141660
234669 144420 235239 145020
233985 130500 234555 131100
233643 133380 234213 133980
231591 129060 232161 129660
165357 126660 165927 127260
160911 142980 161481 143580
159771 142980 160341 143580
314241 128580 315495 129180
1387095 140580 1387437 141180
1376379 129540 1376721 130140
1366803 127620 1367145 128220
1365435 140580 1365777 141180
1365435 137700 1365777 138300
1362015 141540 1362357 142140
1360647 131940 1360989 132540
1288827 126180 1289169 126780
1282671 130500 1283013 131100
1279137 135780 1279479 136380
1133673 132900 1134015 133500
978177 125700 978519 126300
832371 134820 832713 135420
688503 139140 688845 139740
687819 124740 688161 125340
685539 135780 685881 136380
609501 141540 609843 142140
608247 141540 608589 142140
463467 137220 463809 137820
386175 145380 386517 145980
314127 125700 314469 126300
313443 128580 313785 129180
239229 131940 239571 132540
238431 131940 238773 132540
237747 125220 238089 125820
162963 127140 163305 127740
93537 131460 93879 132060
1390971 140100 1391997 140700
1390173 141540 1391199 142140
1388007 129060 1389033 129660
1385385 132420 1386411 133020
1382079 132900 1383105 133500
1381623 131940 1382649 132540
1380597 130020 1381623 130620
1377519 126660 1378545 127260
1369539 137700 1370565 138300
1366803 145860 1367829 146460
1364751 135300 1365777 135900
1362927 141540 1363953 142140
1359963 142020 1360989 142620
1358139 142980 1359165 143580
1288713 138660 1289739 139260
1284039 134820 1285065 135420
1281987 127620 1283013 128220
1280847 135780 1281873 136380
1209255 130020 1210281 130620
1208799 143460 1209825 144060
1207431 134340 1208457 134940
1206633 138660 1207659 139260
1059915 130020 1060941 130620
986499 143460 987525 144060
909891 130020 910917 130620
907611 132420 908637 133020
761463 137220 762489 137820
756561 136740 757587 137340
684171 134820 685197 135420
606993 136740 608019 137340
606993 132420 608019 133020
464037 142020 465063 142620
391191 142020 392217 142620
391191 125700 392217 126300
384579 143940 385605 144540
379905 130980 380931 131580
310251 132420 311277 133020
308769 131940 309795 132540
234897 133380 235923 133980
161139 130500 162165 131100
160683 137220 161709 137820
159543 129540 160569 130140
84075 140580 85101 141180
82251 137220 83277 137820
1392339 133380 1393365 133980
1279023 143460 1280049 144060
1278681 137220 1279707 137820
1277313 128580 1278339 129180
1127745 142980 1128771 143580
911943 127620 912969 128220
911715 140100 912741 140700
911715 125700 912741 126300
839211 144900 840237 145500
838983 130020 840009 130620
838755 143460 839781 144060
762375 142020 763401 142620
231363 138660 232389 139260
230337 143460 231363 144060
80769 135780 81795 136380
13281 127140 14307 127740
13281 126180 14307 126780
1395417 130500 1399179 131100
1394619 126180 1398381 126780
1393935 133860 1397697 134460
1393935 129060 1397697 129660
1379571 137220 1383333 137820
1369083 144420 1372845 145020
1367031 126180 1370793 126780
1283811 142500 1287573 143100
1207431 131940 1211193 132540
1205265 136260 1209027 136860
1205265 130980 1209027 131580
1058319 145860 1062081 146460
987183 136260 990945 136860
987183 129540 990945 130140
986499 141060 990261 141660
985473 131940 989235 132540
978177 132900 981939 133500
909207 124740 912969 125340
908979 139140 912741 139740
906129 126660 909891 127260
835905 133860 839667 134460
683715 129540 687477 130140
679041 139620 682803 140220
609843 124740 613605 125340
609159 136740 612921 137340
609159 128580 612921 129180
606993 138180 610755 138780
606993 130500 610755 131100
536769 130020 540531 130620
536427 132900 540189 133500
533007 137700 536769 138300
531183 127620 534945 128220
387201 136740 390963 137340
309111 135780 312873 136380
239685 139140 243447 139740
232959 145860 236721 146460
161823 132420 165585 133020
161139 128580 164901 129180
160227 133380 163989 133980
158289 138180 162051 138780
158289 125220 162051 125820
88065 140100 91827 140700
80769 128580 84531 129180
1393479 137220 1394961 137820
1280619 131460 1282101 132060
1280619 129540 1282101 130140
1280619 124740 1282101 125340
1130139 145860 1131621 146460
1130139 142980 1131621 143580
1130139 142020 1131621 142620
1130139 141060 1131621 141660
1130139 140100 1131621 140700
1130139 139140 1131621 139740
1130139 137220 1131621 137820
1130139 128580 1131621 129180
989805 144420 991287 145020
989805 139620 991287 140220
989805 126180 991287 126780
912285 133860 913767 134460
912285 129060 913767 129660
840237 140580 841719 141180
840237 131940 841719 132540
762717 138660 764199 139260
690669 129060 692151 129660
463581 131940 465063 132540
463581 130980 465063 131580
314013 143460 315495 144060
314013 140580 315495 141180
241965 145380 243447 145980
92397 139620 93879 140220
92397 130020 93879 130620
1374441 145380 1378203 145980
1364295 124740 1368057 125340
1362015 126180 1365777 126780
1359507 136260 1363269 136860
1359507 135300 1363269 135900
1355859 139140 1359621 139740
1354833 140100 1358595 140700
1354833 133380 1358595 133980
1354833 125700 1358595 126300
1283469 130020 1287231 130620
1205265 125220 1209027 125820
1131507 129540 1135269 130140
1058775 139140 1062537 139740
981711 134820 985473 135420
978177 143940 981939 144540
830775 140580 834537 141180
829863 126180 833625 126780
829179 135780 832941 136380
828609 141540 832371 142140
828609 127620 832371 128220
606993 135780 610755 136380
606993 134340 610755 134940
534603 145380 538365 145980
532095 144420 535857 145020
529473 145860 533235 146460
529473 139620 533235 140220
529473 134820 533235 135420
529473 133380 533235 133980
460503 126660 464265 127260
457995 135780 461757 136380
307857 125220 311619 125820
160683 135780 164445 136380
88065 129540 91827 130140
87951 136260 91713 136860
83619 137220 87381 137820
83619 133380 87381 133980
7809 144420 11571 145020
7809 130500 11571 131100
7809 124740 11571 125340
1383675 133860 1391085 134460
830091 132420 837501 133020
828609 139140 836019 139740
679041 142020 686451 142620
532095 126180 539505 126780
531411 131940 538821 132540
529473 129060 536883 129660
529473 125220 536883 125820
379905 126180 387315 126780
84531 141540 91941 142140
83619 135300 91029 135900
83619 130500 91029 131100
81567 144420 88977 145020
80769 131460 88179 132060
7809 129540 15219 130140
513 145380 7923 145980
513 142980 7923 143580
513 142020 7923 142620
513 141060 7923 141660
513 138180 7923 138780
513 137220 7923 137820
513 136260 7923 136860
513 133380 7923 133980
513 132420 7923 133020
513 131460 7923 132060
513 128580 7923 129180
513 127620 7923 128220
513 126180 7923 126780
1383219 145380 1390629 145980
1370223 124740 1377633 125340
1205265 144900 1212675 145500
978177 128100 985587 128700
513 140100 7923 140700
513 139140 7923 139740
513 135300 7923 135900
513 134340 7923 134940
