1139259 138660 1139487 139260
1136181 136260 1136409 136860
1139259 133860 1139487 134460
1128885 142020 1129227 142620
1394733 132900 1395417 133500
1138575 134820 1139373 135420
1128543 131460 1129227 132060
983307 126180 984789 127260
1131507 135780 1132989 136380
985587 130020 987981 130620
978747 130500 981141 131100
1057521 125700 1059345 126300
1283811 144420 1284609 145500
1283583 138660 1284381 139740
906129 141060 911715 141660
679041 132420 684627 133020
679041 125700 684627 126300
307857 145380 313443 145980
981711 130020 985017 130620
907953 130980 909321 131580
907953 128100 909321 128700
1384587 129060 1385613 129660
1378887 131460 1379913 132060
1372731 144420 1374555 145020
1280163 145380 1280733 145980
1277883 131460 1278681 132060
1138803 137220 1139601 137820
1136067 138660 1136865 139260
1357227 134340 1358481 134940
1357227 128100 1358481 128700
1132191 127620 1133445 128220
609159 126660 610413 127260
383667 138660 384921 139260
1376151 127620 1377405 128220
1384473 143940 1385271 144540
1373415 135300 1374213 135900
1370223 140580 1371021 141180
1369767 133380 1370565 133980
1368399 137220 1369197 137820
1367715 144420 1368513 145020
1362471 144900 1363269 145500
1279023 132420 1279821 133020
1137891 141540 1138689 142140
1131735 126180 1132533 126780
685767 126660 686565 127260
382527 128100 383325 128700
236151 132900 236949 133500
162279 135300 163077 135900
159771 141540 160569 142140
1282215 143460 1284723 144060
608931 129060 611439 129660
379905 143940 382413 144540
683943 130980 686109 131580
462099 141060 464265 141660
310479 130020 312645 130620
1129683 134820 1129911 135420
385377 145380 385605 145980
989463 135300 990261 135900
459819 126660 460617 127260
1205265 129540 1206405 130140
1133673 144420 1134813 145020
1132533 133860 1133673 134460
758043 133380 759183 133980
1382079 134820 1382877 135420
837387 127140 838185 127740
239571 144900 240369 145500
1139259 140100 1139829 140700
687135 136260 687705 136860
685995 131940 686565 132540
680979 128100 681549 128700
537795 128580 538365 129180
382527 138660 383097 139260
241395 137220 241965 137820
1374441 132900 1375353 133500
1285635 144900 1286547 145500
834081 144900 834993 145500
1380939 128580 1381509 129180
1372047 137700 1372617 138300
1369767 134340 1370337 134940
1361103 133860 1361673 134460
1281987 134340 1282557 134940
1139943 140580 1140513 141180
839895 128580 840465 129180
391647 128580 392217 129180
242079 142020 242649 142620
233643 131460 234213 132060
1393821 138660 1394277 139260
1390401 136260 1390857 136860
1388805 141060 1389261 141660
1380141 125220 1380597 125820
1376949 131940 1377405 132540
1284153 126660 1284609 127260
840465 139140 840921 139740
312873 133380 313329 133980
240711 125700 241167 126300
237861 129540 238317 130140
234897 142020 235353 142620
234441 135300 234897 135900
232047 134820 232503 135420
1375467 133860 1377519 134460
1288371 131460 1290423 132060
1287003 144420 1289055 145020
237747 136740 239799 137340
236379 135780 238431 136380
1397583 139620 1397811 140220
1392795 142500 1393023 143100
1279935 139620 1280163 140220
1278453 128100 1278681 128700
1139259 132900 1139487 133500
1136865 141060 1137093 141660
1136181 137220 1136409 137820
1135611 135780 1135839 136380
1134813 138660 1135041 139260
1129455 134340 1129683 134940
983535 125220 983763 125820
540417 134340 540645 134940
457425 135780 457653 136380
313329 143940 313557 144540
1386411 131940 1389603 132540
1383105 130500 1386297 131100
835905 136260 839097 136860
688959 140100 692151 140700
608931 132420 612123 133020
1397127 140580 1397583 141180
1375695 137220 1376151 137820
1288827 128580 1289283 129180
1140399 139140 1140855 139740
1140399 138180 1140855 138780
1140399 137220 1140855 137820
1140399 134340 1140855 134940
1140399 132420 1140855 133020
1138689 130980 1139145 131580
1129227 137220 1129683 137820
236949 136740 237405 137340
236835 137700 237291 138300
1381395 142980 1384245 143580
1377063 140100 1379913 140700
1375923 132900 1378773 133500
837387 139620 840237 140220
687819 144420 690669 145020
684627 124740 687477 125340
538023 144420 540873 145020
532323 137220 535173 137820
389595 130500 392445 131100
388683 137700 391533 138300
385491 130020 388341 130620
382071 139620 384921 140220
381387 130500 384237 131100
310479 139140 313329 139740
235011 139620 237861 140220
230337 126180 233187 126780
159771 131940 162621 132540
1377975 127140 1381395 127740
1361445 125220 1364865 125820
1286319 134340 1289739 134940
457425 141060 460845 141660
88863 144420 92283 145020
1393365 134820 1394961 135420
1389375 125700 1390971 126300
1288827 130020 1290423 130620
1135497 132900 1137093 133500
1132533 139140 1134129 139740
981141 127140 982737 127740
907953 135300 909549 135900
758385 141540 759981 142140
459249 142500 460845 143100
459249 130020 460845 130620
459249 125220 460845 125820
380703 141060 382299 141660
313557 134340 315153 134940
162279 143940 163875 144540
1377291 137700 1377975 138300
1289739 139620 1290423 140220
1287687 129540 1288371 130140
1287687 128580 1288371 129180
1287003 145380 1287687 145980
1277313 136260 1277997 136860
1208115 137220 1208799 137820
1138803 125220 1139487 125820
1136181 140100 1136865 140700
1135611 142500 1136295 143100
1132533 140580 1133217 141180
979317 129540 980001 130140
836019 143460 836703 144060
689643 126660 690327 127260
687705 130020 688389 130620
687477 126660 688161 127260
314013 131460 314697 132060
237747 141540 238431 142140
160911 144900 161595 145500
91827 145860 92511 146460
1390287 139620 1392225 140220
1382079 144900 1384017 145500
1378887 144900 1380825 145500
1375695 135780 1377633 136380
1365891 131940 1367829 132540
1363839 132900 1365777 133500
1360647 137220 1362585 137820
1284495 128100 1286433 128700
1281987 137220 1283925 137820
1134585 130980 1136523 131580
1059915 127140 1061853 127740
1055697 130020 1057635 130620
981483 134340 983421 134940
909891 136260 911829 136860
907611 136260 909549 136860
830775 129540 832713 130140
760437 136260 762375 136860
758043 142500 759981 143100
686793 134340 688731 134940
685539 143460 687477 144060
610983 126660 612921 127260
606993 142020 608931 142620
539163 140580 541101 141180
538479 141540 540417 142140
390507 143940 392445 144540
389595 139620 391533 140220
386175 128100 388113 128700
312759 135300 314697 135900
240027 127140 241965 127740
238659 139620 240597 140220
237291 128580 239229 129180
161823 137700 163761 138300
1391427 144900 1392909 145500
1391427 134820 1392909 135420
1388235 128580 1389717 129180
1387551 136260 1389033 136860
1371819 136260 1373301 136860
1364523 141540 1366005 142140
1207203 134820 1208685 135420
1132647 141540 1134129 142140
758955 138660 760437 139260
610755 127620 612237 128220
608703 127620 610185 128220
538251 137220 539733 137820
462099 142020 463581 142620
388683 128100 390165 128700
310935 130980 312417 131580
309567 127620 311049 128220
309339 143460 310821 144060
236493 131940 237975 132540
234555 125220 236037 125820
232275 139140 233757 139740
90915 130500 92397 131100
1394847 142980 1396785 143580
1390287 142500 1392225 143100
1390059 131940 1391997 132540
1375809 143460 1377747 144060
1373529 141060 1375467 141660
1354833 137700 1356771 138300
1287003 140580 1288941 141180
1281303 129060 1283241 129660
1277313 137700 1279251 138300
1277313 134820 1279251 135420
1207431 140100 1209369 140700
1132647 137220 1134585 137820
1129911 141540 1131849 142140
911373 129540 913311 130140
910347 132900 912285 133500
909891 143460 911829 144060
906699 137700 908637 138300
906129 133860 908067 134460
760893 138660 762831 139260
760779 137700 762717 138300
758043 126180 759981 126780
756561 128580 758499 129180
756561 127620 758499 128220
689985 142980 691923 143580
611211 130980 613149 131580
389595 142980 391533 143580
381045 131940 382983 132540
312075 138180 314013 138780
311619 136740 313557 137340
311619 128580 313557 129180
310821 140580 312759 141180
307857 140100 309795 140700
235353 126660 237291 127260
232845 142020 234783 142620
232503 142980 234441 143580
232389 136260 234327 136860
230337 135780 232275 136380
160227 129060 162165 129660
158289 128100 160227 128700
1392339 130020 1392909 130620
1385841 139140 1386411 139740
1370907 134340 1371477 134940
1369881 142020 1370451 142620
1357911 145380 1358481 145980
1287003 132420 1287573 133020
1281987 139140 1282557 139740
1281987 125700 1282557 126300
1280163 140100 1280733 140700
1279251 134340 1279821 134940
1278339 143940 1278909 144540
1206291 131460 1206861 132060
1137777 139140 1138347 139740
1135611 134340 1136181 134940
1134129 134340 1134699 134940
1129227 127140 1129797 127740
1128885 138660 1129455 139260
761121 133860 761691 134460
687819 143460 688389 144060
687819 130980 688389 131580
686223 130500 686793 131100
457995 131940 458565 132540
235467 131940 236037 132540
1280505 138660 1281759 139260
1139601 135780 1140855 136380
1133787 142500 1135041 143100
1388121 141540 1388463 142140
1362015 130020 1362357 130620
1359279 137220 1359621 137820
1289511 128100 1289853 128700
1289055 127620 1289397 128220
1279251 131460 1279593 132060
1208343 133380 1208685 133980
1139259 143460 1139601 144060
1137891 135300 1138233 135900
1135497 130020 1135839 130620
1128999 128100 1129341 128700
987183 138660 987525 139260
979887 125220 980229 125820
838755 128100 839097 128700
686907 125700 687249 126300
681663 133860 682005 134460
236151 136740 236493 137340
1389375 137700 1390401 138300
1388919 143940 1389945 144540
1387551 137700 1388577 138300
1386183 142980 1387209 143580
1385271 137700 1386297 138300
1376607 136740 1377633 137340
1368741 142500 1369767 143100
1358139 142500 1359165 143100
1288599 126660 1289625 127260
1281987 135300 1283013 135900
1281987 126660 1283013 127260
1279251 130500 1280277 131100
1278795 142980 1279821 143580
1278453 136260 1279479 136860
1134243 136260 1135269 136860
1132533 143940 1133559 144540
1058319 143460 1059345 144060
988779 143940 989805 144540
759639 133860 760665 134460
458679 130980 459705 131580
382983 143940 384009 144540
239457 140580 240483 141180
235467 137700 236493 138300
233757 137700 234783 138300
232161 140100 233187 140700
160911 126660 161937 127260
90231 138180 91257 138780
1392339 132420 1393365 133020
1285635 143460 1286661 144060
1279251 128100 1280277 128700
1278795 125220 1279821 125820
1139145 142020 1140171 142620
989463 134340 990489 134940
912171 136260 913197 136860
839211 142500 840237 143100
839211 127620 840237 128220
838983 138660 840009 139260
759639 129060 760665 129660
689415 128100 690441 128700
241623 128580 242649 129180
158289 134340 159315 134940
158289 133380 159315 133980
91371 136740 92397 137340
91143 128100 92169 128700
91143 127140 92169 127740
90915 135300 91941 135900
90915 133380 91941 133980
1395303 144900 1399065 145500
1390971 136740 1394733 137340
1390287 143460 1394049 144060
1383447 141540 1387209 142140
1383447 140580 1387209 141180
1383447 136740 1387209 137340
1383447 132900 1387209 133500
1379229 132420 1382991 133020
1377291 142020 1381053 142620
1377063 139140 1380825 139740
1372503 130500 1376265 131100
1371135 131460 1374897 132060
1370907 129540 1374669 130140
1368399 143460 1372161 144060
1364295 142980 1368057 143580
1362927 139620 1366689 140220
1354833 143460 1358595 144060
1354833 126660 1358595 127260
1284723 136740 1288485 137340
1209027 137220 1212789 137820
1205265 126660 1209027 127260
1136295 144900 1140057 145500
1134927 143460 1138689 144060
1127745 143460 1131507 144060
1058319 140100 1062081 140700
1057635 128100 1061397 128700
1055697 137700 1059459 138300
987183 127620 990945 128220
983991 133860 987753 134460
908067 125700 911829 126300
907611 127140 911373 127740
835449 137220 839211 137820
835335 133380 839097 133980
833511 125700 837273 126300
833283 135300 837045 135900
831003 128100 834765 128700
829863 144420 833625 145020
760323 125700 764085 126300
758499 128100 762261 128700
758043 135300 761805 135900
758043 131940 761805 132540
686907 131940 690669 132540
683031 127620 686793 128220
681663 136260 685425 136860
680751 144420 684513 145020
679041 139140 682803 139740
679041 135300 682803 135900
609501 142500 613263 143100
609501 141060 613263 141660
606993 137220 610755 137820
606993 125700 610755 126300
536769 143460 540531 144060
458907 132420 462669 133020
457995 137220 461757 137820
457995 136260 461757 136860
387999 144900 391761 145500
386175 138660 389937 139260
379905 125700 383667 126300
310479 125700 314241 126300
307857 137220 311619 137820
307857 134340 311619 134940
307857 129060 311619 129660
307857 126660 311619 127260
237747 143940 241509 144540
237747 142980 241509 143580
230337 133860 234099 134460
230337 127620 234099 128220
159771 136740 163533 137340
158289 130020 162051 130620
88863 142020 92625 142620
88635 129060 92397 129660
88065 139620 91827 140220
87723 125220 91485 125820
86355 140580 90117 141180
83163 127140 86925 127740
1393479 141060 1394961 141660
1393479 140100 1394961 140700
1393479 131460 1394961 132060
1393479 130500 1394961 131100
1393479 129540 1394961 130140
1373073 142500 1374555 143100
1280619 142980 1282101 143580
1280619 136260 1282101 136860
1280619 130500 1282101 131100
1280619 127620 1282101 128220
1130139 144900 1131621 145500
1130139 134340 1131621 134940
1130139 133380 1131621 133980
1130139 132420 1131621 133020
1130139 131460 1131621 132060
1130139 126660 1131621 127260
840237 126180 841719 126780
541101 138660 542583 139260
541101 137700 542583 138300
541101 134820 542583 135420
391533 141540 393015 142140
391533 140580 393015 141180
241965 138660 243447 139260
241965 132900 243447 133500
1394847 125700 1398609 126300
1392567 128100 1396329 128700
1381053 139140 1384815 139740
1376949 130020 1380711 130620
1376037 125700 1379799 126300
1373415 128580 1377177 129180
1370223 125700 1373985 126300
1358139 144420 1361901 145020
1354833 130980 1358595 131580
1354833 125220 1358595 125820
1283697 130980 1287459 131580
1206291 125700 1210053 126300
1131507 145860 1135269 146460
1059003 129540 1062765 130140
982395 142020 986157 142620
981711 139140 985473 139740
979203 136260 982965 136860
836247 129540 840009 130140
835563 144900 839325 145500
828609 130500 832371 131100
685083 138180 688845 138780
684855 139140 688617 139740
609501 139620 613263 140220
608817 145380 612579 145980
608703 143940 612465 144540
535515 127620 539277 128220
534603 135300 538365 135900
532095 144900 535857 145500
530271 127140 534033 127740
529473 135780 533235 136380
529473 131460 533235 132060
387657 134820 391419 135420
383895 141540 387657 142140
383667 137700 387429 138300
383439 142980 387201 143580
239457 129540 243219 130140
237405 130500 241167 131100
230337 130500 234099 131100
81795 142980 85557 143580
80769 133860 84531 134460
80769 125220 84531 125820
1389375 127140 1396785 127740
1370223 126660 1377633 127260
1362927 130980 1370337 131580
1362243 129060 1369653 129660
1359507 128100 1366917 128700
1357341 138660 1364751 139260
1354833 141060 1362243 141660
1354833 132900 1362243 133500
1282443 133380 1289853 133980
1132647 126660 1140057 127260
1131963 128580 1139373 129180
981255 144420 988665 145020
981141 132420 988551 133020
980799 128580 988209 129180
979431 140580 986841 141180
978177 142980 985587 143580
978177 137220 985587 137820
833055 130500 840465 131100
829863 138660 837273 139260
829863 131940 837273 132540
828609 134340 836019 134940
828609 126660 836019 127260
682917 137220 690327 137820
679041 140580 686451 141180
530499 133860 537909 134460
529473 141540 536883 142140
529473 138180 536883 138780
529473 132420 536883 133020
529473 130020 536883 130620
383781 140580 391191 141180
381045 126660 388455 127260
380931 132900 388341 133500
379905 136740 387315 137340
379905 133860 387315 134460
235125 134340 242535 134940
230337 144900 237747 145500
83619 132420 91029 133020
80769 144900 88179 145500
80769 137700 88179 138300
513 127140 7923 127740
1362927 130020 1370337 130620
1362015 127140 1369425 127740
382071 124740 389481 125340
80769 129540 88179 130140
513 143940 7923 144540
513 125700 7923 126300
