1383447 142500 1387779 143100
230337 136740 233301 137340
1377291 131940 1380027 132540
1368399 139620 1369197 140700
1375239 130980 1376493 132060
1358367 137700 1359621 138780
1358367 133860 1359621 134940
1358367 131940 1359621 133020
1358367 130020 1359621 131100
1358367 127140 1359621 128220
683487 143460 684513 144540
1286661 137700 1287345 138780
1286433 144420 1287117 145500
1286433 135780 1287117 136860
1389147 128100 1392339 128700
1209711 142020 1212903 142620
230337 137700 233529 138300
1370223 137220 1375809 137820
1354833 129060 1360419 129660
1283811 142980 1289397 143580
1205265 140580 1210851 141180
80769 127140 82365 127740
236151 142020 236949 142620
1361445 131460 1363953 132060
1390287 137700 1392681 138300
1281987 141060 1284381 141660
1206291 129540 1208685 130140
1209711 134820 1212903 135420
910575 141540 913767 142140
1139943 141060 1140855 141660
1127745 140580 1128657 141180
1378089 128580 1379229 129180
230337 140580 231477 141180
906129 143940 907497 144540
230337 143940 232617 144540
1139715 131460 1140855 132060
158289 142500 159429 143100
679041 128100 681093 128700
234783 136260 236835 136860
1205265 128580 1212903 129180
906129 144900 913767 145500
836931 126660 839781 127260
11457 144420 14307 145020
1210737 137700 1212903 138300
762033 140580 764199 141180
540417 143460 542583 144060
14193 141540 16359 142140
14193 140580 16359 141180
14193 139620 16359 140220
14193 136740 16359 137340
14193 135780 16359 136380
14193 134820 16359 135420
14193 130980 16359 131580
14193 130020 16359 130620
14193 125220 16359 125820
1361331 140100 1362357 140700
238545 132900 239457 133500
1278795 126660 1279935 127260
1278111 129060 1279251 129660
1277769 145380 1278909 145980
1139373 132420 1140513 133020
1134471 139620 1135611 140220
1129113 142020 1130253 142620
1129113 136260 1130253 136860
1129113 135300 1130253 135900
1129113 133380 1130253 133980
1129113 132420 1130253 133020
1128885 125220 1130025 125820
1128771 126180 1129911 126780
1128657 130980 1129797 131580
1128429 139620 1129569 140220
1128429 130020 1129569 130620
982509 125700 983649 126300
980457 125700 981597 126300
980229 126660 981369 127260
839211 133380 840351 133980
835791 127140 836931 127740
159543 145380 160569 145980
1139373 138660 1140513 139260
1139373 134340 1140513 134940
1139259 130020 1140399 130620
1138689 129060 1139829 129660
1137435 142500 1138575 143100
1136751 138660 1137891 139260
1136295 136260 1137435 136860
1135725 139620 1136865 140220
1135725 130020 1136865 130620
1135155 137700 1136295 138300
1134015 141540 1135155 142140
1133901 143460 1135041 144060
1132647 143460 1133787 144060
1132647 132420 1133787 133020
981027 133860 982167 134460
978291 130020 979431 130620
688275 129060 689415 129660
383439 144420 384579 145020
380931 136260 382071 136860
159771 136260 160911 136860
1139031 124740 1139487 125340
1135497 141060 1135953 141660
1132533 140100 1132761 140700
1137777 140100 1138233 140700
688959 127140 689415 127740
381273 134820 381729 135420
1139259 139620 1139487 140220
1133673 138660 1133901 139260
1131963 125220 1132191 125820
1130823 137700 1131051 138300
837615 143460 837843 144060
979203 136740 980229 137340
690555 124740 691581 125340
385491 143940 386517 144540
1279251 145860 1279593 146460
1279137 136740 1279479 137340
1134243 144900 1134585 145500
1128885 141060 1129227 141660
159087 138660 159885 139260
159087 131940 159885 132540
233187 129060 233985 129660
689643 124740 690327 125340
1279935 125700 1280619 126300
688503 128100 689529 128700
390279 125700 391305 126300
387771 144420 388797 145020
1394619 131940 1395303 132540
1385841 129540 1386525 130140
1383789 130020 1384473 130620
1375923 132420 1376607 133020
1367145 142020 1367829 142620
1356771 138660 1357455 139260
1279935 138180 1280619 138780
1279593 144900 1280277 145500
761463 135780 762147 136380
239115 139140 239799 139740
238659 131940 239343 132540
237861 131940 238545 132540
236607 133380 237291 133980
232047 129060 232731 129660
980115 137700 980913 138300
1136295 140580 1136979 141180
912285 142980 912969 143580
612009 132420 612693 133020
1394847 140100 1397811 140700
1387551 140100 1390515 140700
978177 134820 981141 135420
462099 125700 465063 126300
1364979 141060 1366461 141660
679839 130980 681321 131580
1127745 142500 1128543 143100
911601 129060 912399 129660
828609 144420 829407 145020
828609 134820 829407 135420
828609 126180 829407 126780
828609 124740 829407 125340
241395 142020 242193 142620
158289 140580 159087 141180
80769 142020 81567 142620
80769 135300 81567 135900
1393251 142020 1394961 142620
1393251 139140 1394961 139740
1393251 133380 1394961 133980
1280391 143940 1282101 144540
1280391 132420 1282101 133020
690441 141540 692151 142140
391305 125220 393015 125820
1371591 140580 1374555 141180
1371591 134820 1374555 135420
689187 130980 692151 131580
689187 126180 692151 126780
462099 130020 465063 130620
462099 128100 465063 128700
1356999 145860 1359621 146460
1130709 127140 1133331 127740
906699 142980 909321 143580
756561 134820 759183 135420
608931 132900 611553 133500
1390743 138660 1391427 139740
1288257 128100 1288941 129180
1206633 141540 1207317 142620
1395531 131940 1396215 132540
1392339 130980 1393023 131580
1390857 125700 1391541 126300
1385271 139140 1385955 139740
1385157 143940 1385841 144540
1376493 136260 1377177 136860
1283469 126180 1284153 126780
1139487 145380 1140171 145980
760551 133860 761235 134460
759069 133860 759753 134460
239343 140100 240027 140700
238659 138180 239343 138780
238545 133860 239229 134460
236835 135300 237519 135900
1134813 136740 1135269 137340
1131279 138660 1131735 139260
979089 141540 979545 142140
757473 136740 757929 137340
688617 134340 689073 134940
607905 136740 608361 137340
607905 128580 608361 129180
607905 126660 608361 127260
381729 142980 382185 143580
379905 134820 380361 135420
1391085 130500 1391769 131100
1379001 137220 1379685 137820
1370907 142980 1371591 143580
1370337 142020 1371021 142620
1289169 129540 1289853 130140
1134357 133860 1135041 134460
238203 139140 238887 139740
233073 144420 233757 145020
231819 133380 232503 133980
1278567 131940 1279365 132540
1139031 137700 1139829 138300
1138803 135300 1139601 135900
1136067 133860 1136865 134460
1131963 134820 1132761 135420
689643 133860 690441 134460
684855 143460 685653 144060
458451 140580 459249 141180
391191 131460 391989 132060
386175 134340 386973 134940
159543 134340 160341 134940
1279137 144420 1279479 145020
1278567 130020 1278909 130620
1136181 142500 1136523 143100
1132989 144900 1133331 145500
836247 126180 836589 126780
758955 126660 759297 127260
688047 130500 688389 131100
380475 130500 380817 131100
1288143 127140 1288713 127740
907155 136260 907725 136860
757587 124740 758157 125340
688503 125220 689073 125820
688275 126660 688845 127260
687363 144420 687933 145020
686679 136740 687249 137340
685767 134340 686337 134940
684855 132420 685425 133020
681891 128100 682461 128700
458451 132420 459021 133020
382527 138180 383097 138780
1289169 128580 1289853 129180
1133901 132900 1134585 133500
239457 131940 240141 132540
1287801 137700 1288485 138300
1285521 137220 1286205 137820
1284723 138180 1285407 138780
1279479 131460 1280163 132060
1278681 125700 1279365 126300
1278111 137220 1278795 137820
1277997 130980 1278681 131580
1277883 136260 1278567 136860
1277883 128100 1278567 128700
1277541 126180 1278225 126780
1137321 137700 1138005 138300
1136295 137220 1136979 137820
1135041 135780 1135725 136380
1133445 145380 1134129 145980
1132533 138180 1133217 138780
1130937 140580 1131621 141180
1129911 140580 1130595 141180
1129569 137220 1130253 137820
1129227 128100 1129911 128700
1128657 129060 1129341 129660
1128543 138180 1129227 138780
984789 125220 985473 125820
907497 138180 908181 138780
612123 140580 612807 141180
611895 128100 612579 128700
609501 133860 610185 134460
163761 134340 164445 134940
159999 140580 160683 141180
159543 144420 160227 145020
159543 142020 160227 142620
158973 132900 159657 133500
839667 131940 840351 132540
612579 130500 613263 131100
612351 125700 613035 126300
1397697 138180 1399407 138780
1376379 141540 1378089 142140
1369767 133860 1371477 134460
1368855 131460 1370565 132060
1282671 127140 1284381 127740
1137777 133380 1139487 133980
838299 128580 840009 129180
837387 144420 839097 145020
833283 129540 834993 130140
759639 144420 761349 145020
756561 125700 758271 126300
687591 138660 689301 139260
682575 142500 684285 143100
612351 131460 614061 132060
610071 143460 611781 144060
383211 139140 384921 139740
234327 142980 236037 143580
233985 139140 235695 139740
160683 134820 162393 135420
979317 140100 980001 140700
911943 138180 912627 138780
90003 131940 90915 132540
1289511 126660 1289967 127260
1133217 135780 1133673 136380
1132077 136260 1132533 136860
689871 145860 690327 146460
91485 130020 91941 130620
539163 129060 541101 130140
1398039 140580 1398837 141180
1376607 137220 1377405 137820
1287003 129540 1287801 130140
1059231 136740 1060029 137820
1059231 125220 1060029 126300
1057635 145380 1058433 146460
987411 138660 988209 139740
981027 138660 981825 139740
981027 130020 981825 131100
909891 137700 910689 138780
909435 134820 910233 135900
909207 128100 910005 129180
836703 130980 837501 132060
834195 145380 834993 146460
834195 137700 834993 138780
833055 142500 833853 143580
830775 130980 831573 132060
830319 143460 831117 144540
830319 128100 831117 129180
830091 140580 830889 141660
759867 145380 760665 146460
759867 141540 760665 142620
683259 128100 684057 129180
680979 132900 681777 133980
389367 133860 390165 134940
389367 127140 390165 128220
389139 131940 389937 133020
389139 129060 389937 130140
385491 127140 386289 128220
385263 131940 386061 133020
1381395 128580 1386069 129180
1380939 126660 1385613 127260
1379457 138180 1384131 138780
1363839 137220 1368513 137820
1208229 132420 1212903 133020
533691 142500 538365 143100
308655 141540 313329 142140
1354833 142500 1357113 143100
1288143 132420 1290423 133020
1281987 138180 1284267 138780
385377 144900 387657 145500
379905 144420 382185 145020
379905 142020 382185 142620
1057635 141540 1059117 142620
1057635 132900 1059117 133980
1057635 129060 1059117 130140
1057407 138660 1058889 139740
987867 130020 989349 131100
987639 125220 989121 126300
987411 142500 988893 143580
983307 139620 984789 140700
983307 137700 984789 138780
981027 141540 982509 142620
460731 145380 462213 146460
460731 141540 462213 142620
460731 138660 462213 139740
460731 133860 462213 134940
459135 134820 460617 135900
459135 132900 460617 133980
382527 141540 384009 142620
87495 142500 88977 143580
85671 138660 87153 139740
83163 143460 84645 144540
82707 140580 84189 141660
82479 138660 83961 139740
1391883 141060 1393593 141660
1391883 140100 1393593 140700
1367031 126660 1368741 127260
1367031 125220 1368741 125820
1380711 140580 1382193 141180
1380483 143460 1381965 144060
1377291 143940 1378773 144540
1372047 145860 1373529 146460
1361103 125700 1362585 126300
685083 141060 686565 141660
312075 144900 313557 145500
235467 127140 236949 127740
235011 129060 236493 129660
85215 127620 86697 128220
1377063 125220 1378317 125820
1375923 126180 1377177 126780
760551 129060 761805 129660
234099 132420 235353 133020
1380711 129540 1381509 130140
1375239 125220 1376037 125820
1365663 132900 1366461 133500
988779 133860 989577 134460
761463 130980 762261 131580
312987 132420 313785 133020
233187 125220 233985 125820
231363 130980 232161 131580
231135 130020 231933 130620
1387551 135780 1388805 136380
1382079 135780 1383333 136380
1379799 141540 1381053 142140
1131507 137220 1132761 137820
310479 130500 311733 131100
240255 133860 241509 134460
1280847 134820 1282329 135420
1206975 137700 1208457 138300
89775 134340 91257 134940
84987 129060 86469 129660
1376835 138180 1379229 138780
1057635 142980 1060029 143580
836019 140100 838413 140700
832371 132900 834765 133500
684399 125220 686793 125820
681435 130020 683829 130620
312759 126660 315153 127260
1397583 137220 1399407 137820
1397583 133860 1399407 134460
1380825 145380 1382649 145980
1369539 138660 1371363 139260
1369197 141060 1371021 141660
1356657 136260 1358481 136860
1288599 141540 1290423 142140
1288599 125700 1290423 126300
1207431 142980 1209255 143580
1057521 135300 1059345 135900
1057521 127140 1059345 127740
1055697 134340 1057521 134940
837159 132900 838983 133500
830433 125700 832257 126300
758157 136260 759981 136860
687591 135780 689415 136380
680865 137220 682689 137820
612807 126660 614631 127260
608931 130980 610755 131580
608817 142020 610641 142620
536769 129060 538593 129660
533121 135780 534945 136380
533121 131460 534945 132060
531297 142500 533121 143100
384579 129060 386403 129660
311163 133380 312987 133980
239115 141540 240939 142140
236721 137220 238545 137820
233985 133860 235809 134460
85899 130980 87723 131580
1396215 143940 1397241 144540
1389147 138180 1390173 138780
1286319 128100 1287345 128700
1279251 128580 1280277 129180
1279023 135300 1280049 135900
309339 130980 310365 131580
238659 144900 239685 145500
238431 134820 239457 135420
1397127 145860 1397697 146460
1389831 143460 1390401 144060
1389603 131460 1390173 132060
1387779 138660 1388349 139260
1383675 139620 1384245 140220
1380711 144420 1381281 145020
1380027 124740 1380597 125340
1376835 128100 1377405 128700
1373871 144900 1374441 145500
1281759 135780 1282329 136380
1279935 141540 1280505 142140
1279935 140580 1280505 141180
1279479 139620 1280049 140220
1279479 127620 1280049 128220
1278339 144420 1278909 145020
1206291 137700 1206861 138300
1205835 132900 1206405 133500
1139031 130980 1139601 131580
1137435 141540 1138005 142140
1134471 130020 1135041 130620
1132647 133380 1133217 133980
911715 132420 912285 133020
909435 136260 910005 136860
688959 141060 689529 141660
309111 128580 309681 129180
237975 142500 238545 143100
233871 138180 234441 138780
232503 127140 233073 127740
231135 129060 231705 129660
163191 141540 163761 142140
81795 125700 82365 126300
1396443 137700 1397241 138780
1391085 141540 1391883 142620
1367715 145380 1368513 146460
1365435 145380 1366233 146460
1360647 137700 1361445 138780
1360419 130980 1361217 132060
1360191 142500 1360989 143580
1358139 141540 1358937 142620
1289625 138660 1290423 139740
1283811 145380 1284609 146460
985131 129060 985929 130140
90231 128100 91257 129180
82707 132900 83733 133980
82707 130020 83733 131100
1393137 135780 1398723 136380
1366803 128100 1372389 128700
1362471 143940 1368057 144540
1133787 127620 1139373 128220
1132419 125700 1138005 126300
1131507 131460 1137093 132060
1055697 144420 1061283 145020
1055697 131940 1061283 132540
984675 126660 990261 127260
906129 131940 911715 132540
906129 130500 911715 131100
833511 141540 839097 142140
833511 125220 839097 125820
828609 138180 834195 138780
756561 139620 762147 140220
606993 129540 612579 130140
535515 136260 541101 136860
529473 136740 535059 137340
458679 131460 464265 132060
457425 144420 463011 145020
457425 129060 463011 129660
385947 135780 391533 136380
307857 143940 313443 144540
158289 143460 163875 144060
158289 130980 163875 131580
86355 125700 91941 126300
85899 126660 91485 127260
85215 136740 90801 137340
7809 126660 13395 127260
1396101 132900 1399407 133500
1362471 135780 1365777 136380
683031 127140 686337 127740
608931 138660 612237 139260
531639 140100 534945 140700
1390515 145380 1391883 145980
1389147 141060 1390515 141660
1388235 142500 1389603 143100
1381281 130500 1382649 131100
1376151 139620 1377519 140220
1358481 140100 1359849 140700
1354833 138180 1356201 138780
1354833 135300 1356201 135900
1354833 134340 1356201 134940
1354833 131940 1356201 132540
1354833 130020 1356201 130620
1354833 128100 1356201 128700
1060599 143460 1061967 144060
1055697 143460 1057065 144060
1055697 142500 1057065 143100
988551 144420 989919 145020
978177 145380 979545 145980
910347 143940 911715 144540
907953 142020 909321 142620
907953 137220 909321 137820
830433 139620 831801 140220
830433 132900 831801 133500
762831 136260 764199 136860
756561 130980 757929 131580
682689 139140 684057 139740
680751 134340 682119 134940
606993 135300 608361 135900
529473 128580 530841 129180
461643 137220 463011 137820
457425 143460 458793 144060
311505 137220 312873 137820
311505 127620 312873 128220
233643 140100 235011 140700
230337 126660 231705 127260
162507 128100 163875 128700
83505 135780 84873 136380
1395303 142500 1396329 143100
1389375 144900 1390401 145500
1389375 135300 1390401 135900
1378887 126660 1379913 127260
1136979 143940 1138005 144540
911715 137220 912741 137820
906927 133380 907953 133980
829863 124740 830889 125340
540303 142020 541329 142620
539163 128100 540189 128700
391191 141060 392217 141660
389367 141540 390393 142140
241395 144900 242421 145500
241395 142980 242421 143580
239343 142500 240369 143100
91827 144900 92853 145500
91599 139140 92625 139740
82251 135780 83277 136380
1211079 145380 1212903 145980
1211079 139620 1212903 140220
1211079 135780 1212903 136380
1211079 126180 1212903 126780
989463 136740 991287 137340
911943 134820 913767 135420
839895 141540 841719 142140
839895 130020 841719 130620
762375 145380 764199 145980
762375 141540 764199 142140
690327 145380 692151 145980
690327 136740 692151 137340
690327 135780 692151 136380
690327 132900 692151 133500
690327 128100 692151 128700
690327 127140 692151 127740
313671 139620 315495 140220
313671 135780 315495 136380
241623 131940 243447 132540
164103 144420 165927 145020
92055 127140 93879 127740
1372503 139620 1374555 140220
1372503 138660 1374555 139260
1372503 133860 1374555 134460
1372503 130980 1374555 131580
1372503 130020 1374555 130620
1210851 136740 1212903 137340
1061283 142500 1063335 143100
839667 143460 841719 144060
762147 144420 764199 145020
762147 133860 764199 134460
762147 132900 764199 133500
612579 133860 614631 134460
463011 136740 465063 137340
390963 130020 393015 130620
390963 128100 393015 128700
313443 142500 315495 143100
313443 136740 315495 137340
241395 135780 243447 136380
91827 140580 93879 141180
91827 133860 93879 134460
91827 131940 93879 132540
1392681 126660 1394961 127260
1210623 138660 1212903 139260
989007 141540 991287 142140
989007 137700 991287 138300
839439 144420 841719 145020
612351 143460 614631 144060
313215 138660 315495 139260
313215 137700 315495 138300
313215 130020 315495 130620
163647 139620 165927 140220
163647 138660 165927 139260
163647 137700 165927 138300
163647 130020 165927 130620
163647 125220 165927 125820
91599 135780 93879 136380
1282215 142020 1282785 142620
1280163 130500 1280733 131100
1278339 142980 1278909 143580
838983 136740 839553 137340
836931 145860 837501 146460
829407 131940 829977 132540
762375 139140 762945 139740
762375 137220 762945 137820
761691 143460 762261 144060
761691 127620 762261 128220
761691 125220 762261 125820
761463 130020 762033 130620
758499 138660 759069 139260
757587 127140 758157 127740
689187 143460 689757 144060
1392453 125700 1394961 126300
1372047 143460 1374555 144060
1372047 141540 1374555 142140
1372047 127140 1374555 127740
988779 145380 991287 145980
988779 134820 991287 135420
988779 132900 991287 133500
911259 135780 913767 136380
911259 127140 913767 127740
612123 141540 614631 142140
312987 130980 315495 131580
312987 128100 315495 128700
240939 137700 243447 138300
240939 130980 243447 131580
240939 129060 243447 129660
163419 136740 165927 137340
1359735 144900 1360533 145500
1132191 141060 1133217 141660
1130823 134820 1131849 135420
611211 144900 612237 145500
162507 131940 163533 132540
162051 133860 163077 134460
1289055 137700 1289853 138300
1287687 131460 1288485 132060
1287687 130500 1288485 131100
1286775 132900 1287573 133500
1279707 134340 1280505 134940
1279707 133380 1280505 133980
1279479 129540 1280277 130140
1278567 133380 1279365 133980
1277883 138180 1278681 138780
1277883 134340 1278681 134940
1138119 136260 1138917 136860
1137207 135300 1138005 135900
1134927 142500 1135725 143100
1134927 138660 1135725 139260
1134699 144420 1135497 145020
1129455 142980 1130253 143580
1128771 134340 1129569 134940
1128543 137220 1129341 137820
1128543 127140 1129341 127740
909207 132900 910005 133500
906927 127140 907725 127740
836703 135780 837501 136380
681663 141060 682461 141660
680979 136260 681777 136860
611439 137700 612237 138300
609843 126180 610641 126780
609615 128100 610413 128700
609159 124740 609957 125340
608247 142980 609045 143580
391191 132420 391989 133020
383211 128100 384009 128700
162963 135300 163761 135900
162963 126180 163761 126780
162507 140580 163305 141180
162279 127140 163077 127740
160227 139620 161025 140220
160227 126660 161025 127260
159771 135300 160569 135900
988893 128100 989577 128700
757473 137700 758157 138300
540531 134340 541215 134940
539505 139620 540189 140220
530955 125700 531639 126300
158973 129540 159657 130140
158973 128580 159657 129180
1057179 128100 1057749 128700
14079 143460 14649 144060
1384017 135780 1387095 136380
984675 141540 987753 142140
982851 136260 985929 136860
980343 145380 983421 145980
906699 126180 909777 126780
832371 140100 835449 140700
530955 145380 534033 145980
385947 130500 389025 131100
382527 130980 385605 131580
382299 135780 385377 136380
234099 131460 237177 132060
84303 145380 87381 145980
1398153 145380 1399407 145980
1392339 142980 1393593 143580
1392339 134340 1393593 134940
1392339 129540 1393593 130140
1392339 124740 1393593 125340
1387095 136740 1388349 137340
1379799 128580 1381053 129180
1370223 130500 1371477 131100
1369311 125220 1370565 125820
1365435 142020 1366689 142620
1362015 142980 1363269 143580
1360647 136740 1361901 137340
1357227 135300 1358481 135900
1354833 141540 1356087 142140
1285407 138660 1286661 139260
1284039 134340 1285293 134940
1208799 145380 1210053 145980
1207431 139140 1208685 139740
759069 137700 760323 138300
758727 125700 759981 126300
683031 138180 684285 138780
682119 130980 683373 131580
680067 141540 681321 142140
610299 140100 611553 140700
608703 136260 609957 136860
608475 134820 609729 135420
382071 140580 383325 141180
310251 126180 311505 126780
309339 134820 310593 135420
309111 140580 310365 141180
307857 127620 309111 128220
237291 136260 238545 136860
237177 126660 238431 127260
232959 130020 234213 130620
232047 141540 233301 142140
161937 125220 163191 125820
161823 138660 163077 139260
87039 129060 88293 129660
84075 126660 85329 127260
83619 134820 84873 135420
82023 142020 83277 142620
81795 145860 83049 146460
1379799 127620 1381053 128220
1375467 135300 1376721 135900
1369083 144900 1370337 145500
1361331 145380 1362585 145980
838527 137700 839781 138300
612351 145860 613605 146460
231363 142980 232617 143580
1391883 131940 1392681 132540
1391085 134340 1391883 134940
1391085 124740 1391883 125340
1389375 126180 1390173 126780
1388121 127140 1388919 127740
1387551 131460 1388349 132060
1386867 127140 1387665 127740
1386411 124740 1387209 125340
1386297 140100 1387095 140700
1383219 143940 1384017 144540
1382079 144420 1382877 145020
1382079 139620 1382877 140220
1377291 133380 1378089 133980
1374555 129540 1375353 130140
1374441 135780 1375239 136380
1374441 128100 1375239 128700
1365663 126180 1366461 126780
1360419 134820 1361217 135420
1285749 129540 1286547 130140
1284951 127140 1285749 127740
1283583 131460 1284381 132060
1282671 128100 1283469 128700
1281987 144900 1282785 145500
1279593 137220 1280391 137820
1278681 140580 1279479 141180
1277313 130020 1278111 130620
1209483 138180 1210281 138780
1207203 135780 1208001 136380
1137321 124740 1138119 125340
1131507 142980 1132305 143580
1128999 145380 1129797 145980
761919 126660 762717 127260
759297 132420 760095 133020
759183 130020 759981 130620
613263 136260 614061 136860
606993 143940 607791 144540
533007 128580 533805 129180
384123 125220 384921 125820
314127 145860 314925 146460
309339 138180 310137 138780
307857 136740 308655 137340
307857 135780 308655 136380
240255 132900 241053 133500
240027 135780 240825 136380
238887 128100 239685 128700
238545 125220 239343 125820
238203 129540 239001 130140
236151 139140 236949 139740
234441 141540 235239 142140
232731 135780 233529 136380
232731 132420 233529 133020
231477 134340 232275 134940
159543 124740 160341 125340
86811 130020 87609 130620
84303 138180 85101 138780
1284039 132420 1286547 133020
1205265 145380 1207773 145980
1205265 136740 1207773 137340
756561 144900 759069 145500
684285 130020 686793 130620
683943 131460 686451 132060
682689 135300 685197 135900
457425 127140 459933 127740
1393821 137700 1395987 138300
1386753 141060 1388919 141660
1382079 134340 1384245 134940
1369311 127140 1371477 127740
1361331 139140 1363497 139740
1210737 130500 1212903 131100
1057179 130500 1059345 131100
985359 134820 987525 135420
981255 131460 983421 132060
833511 136740 835677 137340
683715 145380 685881 145980
538935 145860 541101 146460
307857 139140 310023 139740
234783 130500 236949 131100
988779 131460 989463 132060
609045 144420 609729 145020
462897 139620 463581 140220
386289 127620 386973 128220
161823 136260 162507 136860
1288941 139620 1289169 140220
1139259 126180 1139487 126780
1136751 142020 1136979 142620
1134471 135300 1134699 135900
1134015 139140 1134243 139740
988095 131460 988323 132060
979887 129540 980115 130140
906129 142980 906357 143580
832941 136740 833169 137340
689643 139620 689871 140220
689301 139140 689529 139740
687933 128100 688161 128700
685539 133380 685767 133980
611553 133860 611781 134460
462897 142500 463125 143100
387201 133860 387429 134460
381387 139620 381615 140220
240825 142500 241053 143100
161481 144900 161709 145500
161481 139620 161709 140220
160113 132900 160341 133500
158973 134820 159201 135420
81453 126180 81681 126780
538707 127140 539505 127740
464151 141060 464949 141660
382755 142980 383553 143580
14079 145380 14877 145980
1398267 139620 1399407 140220
1390743 136260 1391883 136860
1390743 131460 1391883 132060
1389375 136260 1390515 136860
1387779 124740 1388919 125340
1386867 144900 1388007 145500
1367943 142980 1369083 143580
1366803 136260 1367943 136860
1362129 129540 1363269 130140
1358481 143460 1359621 144060
1285407 141540 1286547 142140
1285407 126180 1286547 126780
1277313 132420 1278453 133020
1208913 126660 1210053 127260
1205265 142500 1206405 143100
1205265 139620 1206405 140220
1205265 131940 1206405 132540
1136979 132420 1138119 133020
1130253 145380 1131393 145980
979659 131460 980799 132060
978177 142500 979317 143100
839439 139140 840579 139740
759297 127140 760437 127740
756561 130020 757701 130620
607335 132900 608475 133500
606993 138660 608133 139260
606993 127620 608133 128220
536769 141540 537909 142140
463923 138180 465063 138780
380703 145860 381843 146460
311733 142500 312873 143100
308883 129540 310023 130140
232047 125700 233187 126300
230337 125700 231477 126300
162735 142500 163875 143100
161139 142500 162279 143100
1397127 142500 1397925 143100
1390059 130500 1390857 131100
1364295 142500 1365093 143100
1358367 144900 1359165 145500
1357455 144420 1358253 145020
1282215 136740 1283013 137340
1139487 142500 1140285 143100
1136523 145380 1137321 145980
979887 142500 980685 143100
839895 125700 840693 126300
531639 130980 532437 131580
391419 138180 392217 138780
389823 143940 390621 144540
233871 134820 234669 135420
233871 126180 234669 126780
232275 138660 233073 139260
91143 143460 91941 144060
90687 145860 91485 146460
90003 140580 90801 141180
1289283 127620 1289853 128220
1287231 127140 1287801 127740
1282671 130980 1283241 131580
1281987 133380 1282557 133980
1280163 131460 1280733 132060
1207659 127620 1208229 128220
1138347 125220 1138917 125820
1135155 133380 1135725 133980
1128543 131940 1129113 132540
1128543 128100 1129113 128700
1060827 145380 1061397 145980
1060827 139620 1061397 140220
979203 127620 979773 128220
839439 145860 840009 146460
835563 143460 836133 144060
688275 143460 688845 144060
687135 125700 687705 126300
686907 134820 687477 135420
686679 135780 687249 136380
686451 131940 687021 132540
684627 138180 685197 138780
683487 125220 684057 125820
682119 129060 682689 129660
681663 142500 682233 143100
680979 143460 681549 144060
679839 138660 680409 139260
608019 139620 608589 140220
537795 128100 538365 128700
534831 129540 535401 130140
458223 138660 458793 139260
457539 137220 458109 137820
457539 136260 458109 136860
391191 139140 391761 139740
310023 128100 310593 128700
240711 134820 241281 135420
160683 128580 161253 129180
83163 131940 83733 132540
1393365 145860 1394961 146460
1372959 132900 1374555 133500
1280505 139140 1282101 139740
1061739 136740 1063335 137340
1061739 125220 1063335 125820
912171 139620 913767 140220
912171 130020 913767 130620
912171 126180 913767 126780
840123 142500 841719 143100
840123 135780 841719 136380
840123 130980 841719 131580
690555 144420 692151 145020
690555 142500 692151 143100
690555 131940 692151 132540
613035 144420 614631 145020
540987 140580 542583 141180
540987 128100 542583 128700
463467 142500 465063 143100
313899 141540 315495 142140
313899 125220 315495 125820
241851 140580 243447 141180
241851 139620 243447 140220
241851 134820 243447 135420
241851 133860 243447 134460
164331 145380 165927 145980
164331 135780 165927 136380
164331 132900 165927 133500
164331 128100 165927 128700
164331 127140 165927 127740
92283 136740 93879 137340
92283 129060 93879 129660
14763 129060 16359 129660
1398495 143460 1399407 144060
1394847 143940 1395759 144540
1376607 145860 1377519 146460
1374441 142500 1375353 143100
1374441 126180 1375353 126780
1374327 145860 1375239 146460
1369539 142980 1370451 143580
1360305 133860 1361217 134460
1360077 126180 1360989 126780
1289511 145380 1290423 145980
1289511 133860 1290423 134460
1289511 130500 1290423 131100
1288143 145380 1289055 145980
1283469 130500 1284381 131100
1277313 140580 1278225 141180
1277313 127140 1278225 127740
1211991 143940 1212903 144540
1209711 142980 1210623 143580
1205265 138660 1206177 139260
1127745 145380 1128657 145980
979317 128580 980229 129180
906129 139140 907041 139740
832257 127620 833169 128220
688047 136740 688959 137340
687249 127140 688161 127740
541671 125700 542583 126300
530499 141060 531411 141660
464151 126660 465063 127260
457425 130980 458337 131580
385605 145860 386517 146460
379905 125220 380817 125820
310593 138180 311505 138780
309681 133380 310593 133980
308883 125700 309795 126300
241053 125700 241965 126300
239913 126180 240825 126780
239571 130980 240483 131580
234897 137220 235809 137820
231249 124740 232161 125340
230337 131940 231249 132540
230337 128100 231249 128700
160455 138660 161367 139260
160455 132420 161367 133020
90573 130980 91485 131580
80769 130980 81681 131580
13281 129060 14193 129660
1373187 136260 1373757 136860
1280163 136260 1280733 136860
1210851 127140 1211421 127740
1208115 141540 1208685 142140
1207887 133380 1208457 133980
1206063 144420 1206633 145020
1138803 140580 1139373 141180
1060827 141540 1061397 142140
1060827 140580 1061397 141180
908751 133860 909321 134460
840123 137220 840693 137820
840123 127620 840693 128220
839667 134820 840237 135420
838299 142980 838869 143580
831687 145380 832257 145980
830091 145380 830661 145980
761691 142500 762261 143100
680295 144420 680865 145020
679839 142500 680409 143100
613263 135300 613833 135900
540531 131940 541101 132540
540531 127140 541101 127740
539619 137220 540189 137820
538707 131940 539277 132540
530727 130980 531297 131580
391419 134340 391989 134940
391191 133380 391761 133980
380931 143460 381501 144060
380703 127620 381273 128220
241395 128100 241965 128700
240939 139620 241509 140220
236379 128100 236949 128700
235695 140580 236265 141180
162735 144420 163305 145020
92283 130500 92853 131100
91371 142500 91941 143100
91371 137700 91941 138300
90231 142500 90801 143100
81567 131940 82137 132540
1396785 141540 1397241 142140
1392795 128580 1393251 129180
1391883 139140 1392339 139740
1389831 132900 1390287 133500
1389033 129540 1389489 130140
1388463 137700 1388919 138300
1384017 143460 1384473 144060
1383105 130020 1383561 130620
1380711 139140 1381167 139740
1379913 125700 1380369 126300
1376835 134340 1377291 134940
1376607 130020 1377063 130620
1371591 142980 1372047 143580
1367943 134340 1368399 134940
1365549 131940 1366005 132540
1360761 145860 1361217 146460
1281645 130020 1282101 130620
1281645 128100 1282101 128700
1208343 134340 1208799 134940
1207089 134340 1207545 134940
1140057 135300 1140513 135900
1139031 143940 1139487 144540
1127859 144420 1128315 145020
989577 124740 990033 125340
989121 129060 989577 129660
978861 126660 979317 127260
829293 145860 829749 146460
760665 126180 761121 126780
680181 143460 680637 144060
679953 131940 680409 132540
614175 132420 614631 133020
613035 137220 613491 137820
392559 132420 393015 133020
313215 134340 313671 134940
311277 128580 311733 129180
240939 140580 241395 141180
240711 127620 241167 128220
237405 141540 237861 142140
236949 140580 237405 141180
236949 128580 237405 129180
236265 141060 236721 141660
236265 134820 236721 135420
235809 133380 236265 133980
233073 143460 233529 144060
232047 139620 232503 140220
92397 145860 92853 146460
81453 134340 81909 134940
14535 126660 14991 127260
1397355 144420 1399407 145020
1386753 130500 1388805 131100
1384017 131940 1386069 132540
1282215 125220 1284267 125820
690099 139140 692151 139740
690099 129540 692151 130140
533121 132900 535173 133500
529473 138660 531525 139260
1375923 136740 1376151 137340
1375695 141540 1375923 142140
1371477 142020 1371705 142620
1371021 126180 1371249 126780
1367031 132420 1367259 133020
1290195 128100 1290423 128700
1288143 126180 1288371 126780
1282785 133860 1283013 134460
1279821 143940 1280049 144540
1138575 143460 1138803 144060
1138575 132420 1138803 133020
1136181 145860 1136409 146460
1135041 140580 1135269 141180
1134927 132420 1135155 133020
1134357 140580 1134585 141180
1131849 133860 1132077 134460
1129227 140580 1129455 141180
979089 125220 979317 125820
978177 129060 978405 129660
913539 133380 913767 133980
909777 126660 910005 127260
832713 130020 832941 130620
689301 130020 689529 130620
689187 136740 689415 137340
614403 135300 614631 135900
614403 124740 614631 125340
542355 130500 542583 131100
533121 134820 533349 135420
457425 131940 457653 132540
385377 140100 385605 140700
384009 141060 384237 141660
239571 133860 239799 134460
231363 135300 231591 135900
163647 132900 163875 133500
160341 142500 160569 143100
1362585 134820 1365777 135420
1209711 133380 1212903 133980
1209711 131460 1212903 132060
1209711 129540 1212903 130140
679041 127140 682233 127740
539391 124740 542583 125340
1392339 142020 1392795 142620
1391427 142980 1391883 143580
1388577 126180 1389033 126780
1385955 144900 1386411 145500
1385955 126660 1386411 127260
1385499 134340 1385955 134940
1381167 136740 1381623 137340
1378089 136740 1378545 137340
1375011 138660 1375467 139260
1368969 142020 1369425 142620
1289967 127140 1290423 127740
1287915 135300 1288371 135900
1287003 126180 1287459 126780
1286091 125220 1286547 125820
1285293 130500 1285749 131100
1140399 144420 1140855 145020
1140399 140100 1140855 140700
1140399 137700 1140855 138300
1140399 133380 1140855 133980
1140399 126180 1140855 126780
1140399 125220 1140855 125820
1135497 144900 1135953 145500
1062879 143940 1063335 144540
990831 139140 991287 139740
990831 128580 991287 129180
990831 127620 991287 128220
832257 130500 832713 131100
760209 143460 760665 144060
392559 142980 393015 143580
392559 136260 393015 136860
312759 135780 313215 136380
307857 141540 308313 142140
307857 130500 308313 131100
237633 144900 238089 145500
236949 138180 237405 138780
234669 128100 235125 128700
233985 137220 234441 137820
84417 128580 84873 129180
13281 143460 13737 144060
1394619 136740 1397469 137340
1383903 125700 1386753 126300
985473 128100 988323 128700
984675 145860 987525 146460
984675 143940 987525 144540
984675 130980 987525 131580
906927 125220 909777 125820
906129 129540 908979 130140
759639 134820 762489 135420
686223 133380 689073 133980
681435 140100 684285 140700
610299 134820 613149 135420
538935 130500 541785 131100
538251 125700 541101 126300
538023 144900 540873 145500
534375 128100 537225 128700
460503 127140 463353 127740
386175 139620 389025 140220
384579 138180 387429 138780
238887 145860 241737 146460
235467 125700 238317 126300
88065 137700 90915 138300
87267 133380 90117 133980
1369539 129060 1372959 129660
1059915 130500 1063335 131100
828609 130020 832029 130620
682347 134340 685767 134940
460047 143460 463467 144060
88065 144900 91485 145500
1384017 130980 1385613 131580
1380939 131460 1382535 132060
1374783 134340 1376379 134940
1358481 125700 1360077 126300
1354833 136740 1356429 137340
1288827 143940 1290423 144540
1288827 140580 1290423 141180
1288827 136260 1290423 136860
1288827 135300 1290423 135900
1288827 124740 1290423 125340
1282557 129540 1284153 130140
1279137 142500 1280733 143100
1208457 135780 1210053 136380
1136523 129060 1138119 129660
1134243 129060 1135839 129660
1061739 135300 1063335 135900
1061739 127620 1063335 128220
981825 143940 983421 144540
981825 126660 983421 127260
981141 129060 982737 129660
758385 128580 759981 129180
756561 132900 758157 133500
686337 142020 687933 142620
685083 136740 686679 137340
612465 139140 614061 139740
606993 141060 608589 141660
529473 137700 531069 138300
459249 130500 460845 131100
459249 128100 460845 128700
459249 125700 460845 126300
382641 134820 384237 135420
379905 140580 381501 141180
310821 136260 312417 136860
309453 145860 311049 146460
230337 139140 231933 139740
1395987 145380 1396671 145980
1388919 133380 1389603 133980
1386411 143940 1387095 144540
1384587 138180 1385271 138780
1379343 143460 1380027 144060
1379343 132900 1380027 133500
1378545 141540 1379229 142140
1378545 140580 1379229 141180
1375011 140580 1375695 141180
1375011 139620 1375695 140220
1367715 132420 1368399 133020
1364295 145380 1364979 145980
1289739 142500 1290423 143100
1285179 128580 1285863 129180
1210965 143940 1211649 144540
1207203 131460 1207887 132060
1140171 143460 1140855 144060
1140171 128100 1140855 128700
1135611 134820 1136295 135420
1132989 134340 1133673 134940
1127745 139620 1128429 140220
979773 124740 980457 125340
978177 125220 978861 125820
828609 131940 829293 132540
760323 137220 761007 137820
687819 125220 688503 125820
541899 144900 542583 145500
541899 139140 542583 139740
541899 137220 542583 137820
541899 135300 542583 135900
541899 129540 542583 130140
536769 138180 537453 138780
530499 140100 531183 140700
392331 145860 393015 146460
392331 126660 393015 127260
379905 126660 380589 127260
311961 126180 312645 126780
308199 140580 308883 141180
238887 135780 239571 136380
238431 130980 239115 131580
234099 143940 234783 144540
231819 128100 232503 128700
231363 145380 232047 145980
230337 142020 231021 142620
230337 134340 231021 134940
230337 124740 231021 125340
160683 137700 161367 138300
1394847 141060 1396785 141660
1376151 140580 1378089 141180
1369539 132420 1371477 133020
1362927 140580 1364865 141180
1359507 124740 1361445 125340
1354833 145380 1356771 145980
1354833 144420 1356771 145020
1208913 125220 1210851 125820
1130595 144420 1132533 145020
1060599 126660 1062537 127260
1055697 126180 1057635 126780
987183 135780 989121 136380
910119 142500 912057 143100
829863 134820 831801 135420
686223 145380 688161 145980
681321 145380 683259 145980
679041 145860 680979 146460
679041 130020 680979 130620
679041 125220 680979 125820
610641 135780 612579 136380
606993 125220 608931 125820
539391 135300 541329 135900
535743 137220 537681 137820
390051 145860 391989 146460
389595 142500 391533 143100
235239 143940 237177 144540
88179 130980 90117 131580
86355 141060 88293 141660
85443 135780 87381 136380
1389375 124740 1390857 125340
1382307 133380 1383789 133980
1381623 124740 1383105 125340
1370109 139620 1371591 140220
1359507 139140 1360989 139740
1277313 141540 1278795 142140
1205265 135300 1206747 135900
1130823 128100 1132305 128700
909435 129540 910917 130140
906129 140100 907611 140700
836703 138180 838185 138780
758499 130980 759981 131580
683487 133380 684969 133980
612579 127620 614061 128220
529473 127620 530955 128220
461643 135780 463125 136380
314013 143940 315495 144540
312645 140580 314127 141180
310821 135300 312303 135900
84531 142020 86013 142620
83163 124740 84645 125340
1386411 128580 1388349 129180
1385727 138180 1387665 138780
1375809 142500 1377747 143100
1362015 132420 1363953 133020
1137435 145860 1139373 146460
988551 140100 990489 140700
984675 142500 986613 143100
839781 124740 841719 125340
756561 138660 758499 139260
756561 133860 758499 134460
688503 142020 690441 142620
684627 128100 686565 128700
680751 138660 682689 139260
387543 143460 389481 144060
382527 132420 384465 133020
379905 138660 381843 139260
379905 137700 381843 138300
379905 132420 381843 133020
379905 131460 381843 132060
310251 131940 312189 132540
308883 142500 310821 143100
307857 132420 309795 133020
158289 137220 160227 137820
158289 127140 160227 127740
80769 136740 82707 137340
1397469 143460 1398039 144060
1391997 132900 1392567 133500
1391655 126660 1392225 127260
1391313 133380 1391883 133980
1391313 129540 1391883 130140
1389033 130500 1389603 131100
1386639 132420 1387209 133020
1385385 137220 1385955 137820
1384245 133380 1384815 133980
1382991 131940 1383561 132540
1378203 126180 1378773 126780
1377975 130500 1378545 131100
1368969 143940 1369539 144540
1366575 140580 1367145 141180
1363839 129540 1364409 130140
1362699 133860 1363269 134460
1356543 141540 1357113 142140
1354833 139140 1355403 139740
1287687 138660 1288257 139260
1287687 133860 1288257 134460
1287003 142020 1287573 142620
1287003 125220 1287573 125820
1284951 131460 1285521 132060
1284951 125220 1285521 125820
1283811 142020 1284381 142620
1283697 128100 1284267 128700
1282215 139620 1282785 140220
1280391 127140 1280961 127740
1280163 124740 1280733 125340
1279023 138660 1279593 139260
1137777 134340 1138347 134940
1137777 130020 1138347 130620
1132875 130020 1133445 130620
1130595 136740 1131165 137340
690213 137700 690783 138300
685539 135300 686109 135900
538251 134820 538821 135420
537111 125700 537681 126300
390507 124740 391077 125340
313101 145860 313671 146460
307857 142500 308427 143100
241509 138660 242079 139260
241509 132900 242079 133500
236607 142980 237177 143580
236379 140100 236949 140700
232731 134340 233301 134940
231819 140580 232389 141180
230337 133380 230907 133980
83163 127620 83733 128220
314241 144900 315495 145500
1399065 130500 1399407 131100
1396671 142980 1397013 143580
1392339 135780 1392681 136380
1391655 135300 1391997 135900
1385727 145860 1386069 146460
1380711 130500 1381053 131100
1379001 127620 1379343 128220
1376493 133380 1376835 133980
1376379 129060 1376721 129660
1368399 142020 1368741 142620
1366803 129540 1367145 130140
1366575 139620 1366917 140220
1362927 126660 1363269 127260
1362015 142020 1362357 142620
1362015 126660 1362357 127260
1360647 127140 1360989 127740
1359507 135780 1359849 136380
1359279 136740 1359621 137340
1287003 141060 1287345 141660
1286319 127140 1286661 127740
1284951 129540 1285293 130140
1279137 137700 1279479 138300
1208913 130980 1209255 131580
1206633 139140 1206975 139740
1133673 134820 1134015 135420
981825 132900 982167 133500
978177 140580 978519 141180
838755 140100 839097 140700
832371 135300 832713 135900
828609 135780 828951 136380
688389 145380 688731 145980
683031 136740 683373 137340
542241 132420 542583 133020
241395 143940 241737 144540
240939 131940 241281 132540
233643 141540 233985 142140
232161 145860 232503 146460
232161 135780 232503 136380
165585 142020 165927 142620
163647 127140 163989 127740
84531 136740 84873 137340
1387323 143940 1388349 144540
1379115 130500 1380141 131100
1377291 144900 1378317 145500
1375011 143940 1376037 144540
1367715 141060 1368741 141660
1362927 142020 1363953 142620
1362471 138180 1363497 138780
1360647 143940 1361673 144540
1359963 141540 1360989 142140
1284039 135300 1285065 135900
1282443 132420 1283469 133020
1277313 139140 1278339 139740
1209255 130500 1210281 131100
1135611 143940 1136637 144540
1135611 132420 1136637 133020
1133103 140100 1134129 140700
1055697 138180 1056723 138780
985815 133380 986841 133980
910119 133380 911145 133980
907611 139140 908637 139740
839325 140580 840351 141180
760551 127620 761577 128220
756561 142500 757587 143100
613035 138180 614061 138780
606993 144900 608019 145500
541557 145860 542583 146460
535743 144420 536769 145020
464037 143940 465063 144540
383211 130020 384237 130620
310479 129540 311505 130140
307857 137700 308883 138300
307857 134820 308883 135420
232959 128100 233985 128700
232503 145380 233529 145980
162963 145380 163989 145980
161139 141540 162165 142140
83163 136740 84189 137340
1280733 136740 1281759 137340
1139031 136740 1140057 137340
1127745 132900 1128771 133500
911715 133380 912741 133980
761691 131940 762717 132540
756561 129060 757587 129660
242079 143940 243105 144540
158289 145380 159315 145980
90915 132900 91941 133500
80769 138180 81795 138780
13281 142500 14307 143100
13281 138660 14307 139260
13281 137700 14307 138300
13281 133860 14307 134460
13281 132900 14307 133500
13281 131940 14307 132540
13281 128100 14307 128700
1395531 134820 1399293 135420
1395417 128580 1399179 129180
1395303 127620 1399065 128220
1393935 130980 1397697 131580
1368171 136260 1371933 136860
1364067 138180 1367829 138780
1132191 124740 1135953 125340
1058775 134340 1062537 134940
1055697 140580 1059459 141180
909663 145860 913425 146460
908067 140100 911829 140700
538707 138180 542469 138780
536427 133380 540189 133980
388227 137220 391989 137820
386175 125700 389937 126300
379905 129060 383667 129660
1280619 145860 1282101 146460
1280619 140100 1282101 140700
1130139 130500 1131621 131100
1130139 129540 1131621 130140
1130139 125700 1131621 126300
1130139 124740 1131621 125340
1061853 138660 1063335 139260
989805 131940 991287 132540
912285 140580 913767 141180
912285 131940 913767 132540
912285 130980 913767 131580
912285 128100 913767 128700
840237 145380 841719 145980
613149 142500 614631 143100
613149 140580 614631 141180
613149 129060 614631 129660
463581 135780 465063 136380
463581 134820 465063 135420
314013 133860 315495 134460
314013 132900 315495 133500
241965 136740 243447 137340
241965 130020 243447 130620
164445 143460 165927 144060
164445 140580 165927 141180
164445 130980 165927 131580
164445 129060 165927 129660
14877 142500 16359 143100
1395531 129540 1399293 130140
1394847 124740 1398609 125340
1366803 135300 1370565 135900
1283811 140100 1287573 140700
1206975 144420 1210737 145020
828609 137220 832371 137820
684969 139620 688731 140220
606993 145860 610755 146460
535515 140100 539277 140700
534147 124740 537909 125340
531867 141060 535629 141660
85443 124740 89205 125340
7809 145380 11571 145980
7809 141540 11571 142140
7809 140580 11571 141180
7809 139620 11571 140220
7809 136740 11571 137340
7809 135780 11571 136380
7809 134820 11571 135420
7809 130980 11571 131580
7809 130020 11571 130620
7809 125220 11571 125820
828609 133860 836019 134460
532095 139140 539505 139740
530955 126660 538365 127260
529473 143460 536883 144060
513 143460 7923 144060
513 142500 7923 143100
513 138660 7923 139260
513 137700 7923 138300
513 133860 7923 134460
513 132900 7923 133500
513 131940 7923 132540
513 129060 7923 129660
513 128100 7923 128700
513 144420 7923 145020
