1138575 138180 1139373 138780
1132647 135300 1134015 135900
236835 132900 237291 133500
1139145 140100 1139373 140700
1137663 141060 1138119 141660
683031 126660 685881 127260
238887 136260 241737 136860
1385499 131460 1387095 132060
1133103 133380 1134699 133980
1376949 131460 1377633 132060
1373871 143940 1374555 144540
1288371 130500 1289055 131100
1135611 135300 1136295 135900
1132077 139620 1132761 140220
163191 144420 163875 145020
837387 135780 839325 136380
1372503 144900 1373985 145500
1282899 136740 1284381 137340
381387 139140 382869 139740
381159 127620 382641 128220
1389375 129060 1391313 129660
1137891 131460 1139829 132060
1137207 136740 1139145 137340
538479 142020 540417 142620
232959 126660 234897 127260
231819 131940 233757 132540
1282443 134340 1283013 134940
1281987 138660 1282557 139260
1136865 140580 1137435 141180
1135611 138660 1136181 139260
984675 125700 985245 126300
235239 140100 235809 140700
1363839 132420 1364181 133020
1389375 142020 1390401 142620
1377177 134340 1378203 134940
1137891 142020 1138917 142620
1133901 136740 1134927 137340
687135 130500 688161 131100
685311 132420 686337 133020
382527 144420 383553 145020
1286319 128580 1287345 129180
1129113 138180 1130139 138780
231819 142500 232845 143100
1388691 130020 1392453 130620
1386867 139140 1390629 139740
1380939 141060 1384701 141660
1378659 133380 1382421 133980
1377747 142980 1381509 143580
1377063 136260 1380825 136860
1372503 138180 1376265 138780
1366347 132900 1370109 133500
1364295 144900 1368057 145500
1360419 133380 1364181 133980
1277313 132900 1281075 133500
1131507 130500 1135269 131100
758271 136740 762033 137340
686679 132420 690441 133020
685083 142980 688845 143580
386175 139140 389937 139740
383439 143460 387201 144060
310479 142980 314241 143580
308427 138660 312189 139260
307857 131460 311619 132060
236949 145380 240711 145980
236721 127620 240483 128220
159771 127620 163533 128220
158289 126180 162051 126780
87039 138660 90801 139260
1393479 142980 1394961 143580
1393479 134340 1394961 134940
1280619 144900 1282101 145500
1280619 137220 1282101 137820
1280619 128580 1282101 129180
1280619 126660 1282101 127260
1130139 143940 1131621 144540
1130139 136260 1131621 136860
1394847 130020 1398609 130620
1380255 125700 1384017 126300
1378431 134340 1382193 134940
1364523 125700 1368285 126300
1364295 139140 1368057 139740
1283811 139620 1287573 140220
982167 133380 985929 133980
981369 124740 985131 125340
536769 134340 540531 134940
381387 128580 385149 129180
160113 142020 163875 142620
87951 135780 91713 136380
1390059 144420 1397469 145020
1384131 134820 1391541 135420
1380939 127620 1388349 128220
1354833 129540 1362243 130140
1281531 131940 1288941 132540
979203 141060 986613 141660
978177 135780 985587 136380
978177 131940 985587 132540
831003 128580 838413 129180
828609 136260 836019 136860
679041 144900 686451 145500
679041 137700 686451 138300
531867 140580 539277 141180
383895 142020 391305 142620
380931 137220 388341 137820
380931 135300 388341 135900
380817 129540 388227 130140
235923 124740 243333 125340
81795 134340 89205 134940
80769 140100 88179 140700
978177 144900 985587 145500
531639 130500 539049 131100
529473 143940 536883 144540
